0	1413
0	2245
1413	1
1413	4
1413	2252
2245	9
2245	16
2245	23
2245	28
2245	34
2245	55
2245	61
2245	68
2245	70
2245	71
2245	95
2245	102
2245	103
2245	105
2245	106
2245	107
2245	134
2245	136
2245	152
2245	167
2245	181
2245	188
2245	190
2245	199
2245	201
2245	204
2245	207
2245	208
2245	219
2245	222
2245	225
2245	226
2245	237
2245	238
2245	242
2245	243
2245	247
2245	248
2245	250
2245	255
2245	262
2245	265
2245	270
2245	275
2245	279
2245	280
2245	291
2245	307
2245	311
2245	329
2245	333
2245	339
2245	367
2245	378
2245	389
2245	393
2245	399
2245	402
2245	409
2245	429
2245	431
2245	435
2245	441
2245	443
2245	447
2245	449
2245	463
2245	480
2245	483
2245	491
2245	494
2245	517
2245	518
2245	519
2245	549
2245	552
2245	571
2245	582
2245	583
2245	584
2245	585
2245	588
2245	592
2245	593
2245	601
2245	602
2245	603
2245	604
2245	609
2245	616
2245	627
2245	637
2245	638
2245	645
2245	664
2245	671
2245	674
2245	677
2245	715
2245	716
2245	723
2245	729
2245	733
2245	734
2245	752
2245	763
2245	775
2245	795
2245	812
2245	846
2245	871
2245	878
2245	905
2245	968
2245	1013
2245	1225
2245	1421
2245	1426
2245	1423
2245	1443
2245	1446
2245	1499
2245	1502
2245	1509
2245	1510
2245	1512
2245	1513
2245	1491
2245	1525
2245	1531
2245	1532
2245	1533
2245	1536
2245	1563
2245	1608
2245	1668
2245	1695
2245	1702
2245	1703
2245	1717
2245	1755
2245	2162
2245	2164
2245	1780
2245	1824
2245	1851
1	2246
2246	1414
2	1414
2	2247
1414	3
1414	75
1414	128
2247	1416
3	2248
2248	4
2248	5
2248	6
2248	7
2248	11
2248	1418
5	1415
1415	63
1415	365
1415	2258
6	1416
1416	8
1416	10
1416	36
7	1417
1417	2261
8	2249
2249	39
2249	46
2249	47
2249	76
2249	93
2249	97
2249	112
2249	114
2249	127
2249	155
2249	182
2249	193
2249	212
2249	215
2249	217
2249	227
2249	229
2249	261
2249	263
2249	269
2249	272
2249	286
2249	295
2249	299
2249	300
2249	309
2249	310
2249	312
2249	317
2249	318
2249	320
2249	321
2249	325
2249	331
2249	334
2249	337
2249	338
2249	344
2249	345
2249	353
2249	355
2249	359
2249	361
2249	369
2249	373
2249	375
2249	377
2249	381
2249	387
2249	392
2249	395
2249	398
2249	405
2249	406
2249	410
2249	411
2249	412
2249	417
2249	421
2249	424
2249	425
2249	430
2249	433
2249	448
2249	456
2249	464
2249	465
2249	467
2249	473
2249	478
2249	481
2249	486
2249	487
2249	492
2249	503
2249	506
2249	513
2249	528
2249	537
2249	545
2249	581
2249	586
2249	595
2249	599
2249	600
2249	605
2249	606
2249	607
2249	608
2249	611
2249	614
2249	617
2249	623
2249	624
2249	626
2249	633
2249	635
2249	639
2249	641
2249	652
2249	666
2249	670
2249	676
2249	678
2249	684
2249	685
2249	720
2249	724
2249	754
2249	764
2249	765
2249	776
2249	785
2249	786
2249	791
2249	801
2249	802
2249	803
2249	815
2249	855
2249	981
2249	1094
2249	1152
2249	1158
2249	1181
2249	1207
2249	1229
2249	1241
2249	1243
2249	1433
2249	1450
2249	1458
2249	1467
2249	1474
2249	1498
2249	2126
2249	2127
2249	1543
2249	1554
2249	1555
2249	1561
2249	1566
2249	1569
2249	1572
2249	1577
2249	2131
2249	1581
2249	1583
2249	1586
2249	2132
2249	1594
2249	1595
2249	1598
2249	1604
2249	2134
2249	1618
2249	1633
2249	1636
2249	1642
2249	2140
2249	1647
2249	1648
2249	1661
2249	1697
2249	1752
2249	1772
2249	1802
2249	1818
2249	1993
9	1418
10	2250
11	1419
1419	64
1419	183
1419	2264
12	1420
12	2251
1420	13
1420	41
1420	2395
13	2252
14	1421
14	2253
1421	58
1421	59
1421	141
1421	172
1421	175
1421	196
2253	54
2253	59
2253	72
2253	79
2253	82
2253	104
2253	108
2253	111
2253	113
2253	116
2253	119
2253	142
2253	143
2253	159
2253	165
2253	166
2253	176
2253	187
2253	203
2253	209
2253	210
2253	211
2253	239
2253	281
2253	1471
2253	1469
2253	1484
15	1422
15	2254
1422	16
1422	17
1422	18
1422	27
1422	33
1422	2304
2254	24
2254	1425
17	2255
2255	20
2255	48
2255	100
2255	224
2255	228
2255	230
2255	231
2255	232
2255	235
2255	236
2255	240
2255	256
2255	257
2255	274
2255	289
2255	396
2255	484
2255	1516
2255	1518
2255	1550
18	2256
2256	25
2256	29
2256	38
2256	89
2256	91
2256	137
2256	138
2256	177
2256	178
2256	189
2256	1428
2256	1440
2256	1457
19	1423
19	2257
1423	26
2257	90
2257	154
2257	170
2257	368
2257	397
2257	532
2257	628
2257	657
2257	660
2257	2020
2257	2233
2257	2240
20	1424
1424	23
1424	29
1424	2261
21	1425
21	2258
2258	86
2258	147
22	1426
22	2259
2259	30
2259	84
2259	85
2259	148
2259	284
2259	877
2259	939
2259	1010
2259	1113
2259	1172
2259	1209
2259	1255
2259	1862
2259	1865
2259	1876
2259	1875
2259	1907
2259	1960
2259	1965
2259	1990
2259	2015
2259	2017
2259	2037
24	1427
1427	38
1427	43
1427	2261
25	1428
26	2260
2260	27
2260	36
2260	67
2260	109
2260	149
2260	150
2260	156
2260	186
2260	218
2260	249
28	1429
1429	30
1429	2396
31	1430
31	2261
1430	32
1430	2397
2261	1436
2261	1437
2261	1447
32	2262
2262	35
2262	60
33	2263
34	1431
1431	35
1431	37
1431	2264
37	2264
2264	96
2264	132
2264	171
2264	327
39	1432
1432	2284
40	1433
40	2265
1433	42
1433	45
1433	47
1433	140
1433	1206
2265	43
2265	44
2265	1020
2265	1063
2265	1067
2265	1069
2265	1097
2265	1112
2265	1129
2265	1147
2265	1171
2265	1177
2265	1180
2265	1185
2265	1189
2265	1195
2265	1202
2265	1214
2265	1216
2265	1217
2265	1220
2265	1223
2265	1224
2265	1227
2265	1231
2265	1235
2265	1252
2265	1284
2265	1296
2265	1301
2265	1319
2265	1322
2265	1333
2265	1334
2265	1364
2265	1366
2265	1370
2265	1379
2265	1409
2265	1410
2265	1435
2265	1854
2265	2008
2265	2089
41	2266
2266	42
44	1434
1434	2282
45	2267
2267	75
2267	172
2267	173
2267	202
2267	216
2267	298
2267	308
2267	360
2267	382
2267	574
2267	713
2267	737
2267	1288
2267	1449
2267	1485
2267	1486
2267	1493
2267	1503
2267	1515
2267	1549
2267	1560
2267	2128
2267	1565
2267	1571
2267	1625
2267	1731
2267	2175
2267	1997
2267	1999
2267	2048
2267	2050
46	1435
1435	60
1435	92
1435	745
48	1436
1436	49
1436	72
49	2268
2268	101
2268	128
2268	140
2268	141
2268	151
2268	158
2268	2123
2268	1477
2268	1483
50	1437
50	2269
1437	51
1437	53
1437	197
2269	56
2269	57
2269	58
2269	66
2269	1438
2269	1442
51	2270
2270	52
2270	83
2270	94
2270	98
2270	99
2270	122
2270	131
2270	144
2270	145
2270	160
2270	162
2270	184
2270	192
2270	213
2270	246
2270	264
2270	1439
2270	1452
2270	1463
2270	1489
2270	1526
52	1438
53	2271
54	1439
1439	55
56	1440
1440	65
1440	110
57	1441
1441	2281
61	1442
1442	170
62	1443
62	2272
2272	77
63	2273
2273	115
2273	126
2273	130
2273	153
2273	174
2273	175
2273	179
2273	391
2273	1468
64	2274
2274	65
2274	135
2274	146
2274	205
2274	206
2274	214
2274	1293
66	1444
1444	67
1444	68
1444	113
1444	2275
69	1445
69	2275
1445	70
1445	137
1445	143
1445	149
1445	169
1445	497
1445	500
1445	2275
2275	87
2275	88
2275	198
2275	254
2275	259
2275	294
2275	296
2275	314
2275	322
2275	336
2275	384
2275	385
2275	403
2275	404
2275	1455
2275	1454
2275	1460
2275	1488
2275	1490
2275	1508
2275	1529
71	1446
73	1447
73	2276
1447	1345
2276	74
74	1448
1448	2277
76	1449
77	1450
1450	78
1450	79
78	2277
2277	81
2277	123
2277	129
2277	168
2277	221
2277	234
2277	244
2277	258
2277	297
2277	306
2277	340
2277	341
2277	342
2277	350
2277	358
2277	363
2277	371
2277	379
2277	390
2277	400
2277	401
2277	420
2277	442
2277	446
2277	668
2277	701
2277	705
2277	726
2277	727
2277	793
2277	797
2277	850
2277	876
2277	909
2277	955
2277	996
2277	999
2277	1009
2277	1031
2277	1074
2277	1076
2277	1085
2277	1104
2277	1108
2277	1163
2277	1242
2277	1244
2277	1250
2277	1262
2277	1287
2277	1294
2277	1308
2277	1332
2277	1339
2277	1344
2277	1346
2277	1352
2277	1387
2277	1404
2277	1462
2277	1476
2277	1505
2277	1517
2277	1544
2277	1538
2277	1576
2277	1590
2277	1628
2277	2142
2277	1757
2277	1784
2277	2176
2277	1850
2277	1859
2277	2009
2277	2063
2277	2068
2277	2073
2277	2075
2277	2078
2277	2094
2277	2110
2277	2111
2277	2112
2277	2243
80	1451
80	2278
1451	86
1451	88
1451	2281
81	1452
1452	82
1452	91
83	1453
1453	87
1453	450
1453	452
1453	453
1453	454
1453	455
1453	460
1453	461
1453	464
1453	493
1453	2281
84	1454
85	1455
89	1456
1456	90
1456	2287
92	2279
2279	183
2279	233
2279	260
2279	276
2279	277
2279	813
2279	1497
2279	1511
2279	1519
2279	1522
2279	1523
2279	1524
2279	1527
2279	1530
2279	1535
2279	1546
2279	1617
2279	1619
2279	2136
2279	1623
2279	2137
2279	1631
2279	2177
2279	1826
93	1457
1457	95
1457	101
1457	130
94	1458
96	1459
1459	97
1459	102
1459	115
1459	195
1459	2398
98	1460
99	1461
1461	100
1461	108
1461	2399
103	1462
1462	186
104	1463
1463	105
106	1464
1464	2283
107	1465
1465	109
1465	2281
110	2280
2280	1466
111	1466
1466	112
114	1467
1467	218
116	1468
1468	127
117	1469
117	2281
1469	118
1469	120
1469	121
1469	123
1469	124
1469	125
1469	126
1469	133
1469	135
1469	150
1469	163
1469	482
1469	1110
2281	1470
2281	1506
118	2282
2282	120
119	1470
1470	138
121	2283
2283	1472
2283	1761
2283	1762
122	1471
124	2284
2284	180
2284	197
2284	223
2284	267
2284	271
2284	273
2284	283
2284	288
2284	290
2284	319
2284	346
2284	349
2284	351
2284	372
2284	414
2284	415
2284	418
2284	427
2284	434
2284	436
2284	444
2284	445
2284	458
2284	462
2284	474
2284	476
2284	482
2284	493
2284	499
2284	504
2284	505
2284	510
2284	511
2284	512
2284	515
2284	525
2284	544
2284	555
2284	570
2284	572
2284	579
2284	590
2284	591
2284	615
2284	631
2284	643
2284	658
2284	682
2284	722
2284	738
2284	746
2284	766
2284	788
2284	789
2284	805
2284	837
2284	842
2284	853
2284	861
2284	865
2284	866
2284	872
2284	882
2284	887
2284	912
2284	917
2284	928
2284	929
2284	954
2284	967
2284	984
2284	991
2284	994
2284	1007
2284	1008
2284	1049
2284	1064
2284	1080
2284	1105
2284	1111
2284	1123
2284	1136
2284	1153
2284	1154
2284	1165
2284	1183
2284	1233
2284	1249
2284	1254
2284	1261
2284	1266
2284	1268
2284	1269
2284	1273
2284	1279
2284	1281
2284	1282
2284	1286
2284	1300
2284	1302
2284	1306
2284	1307
2284	1315
2284	1318
2284	1342
2284	1343
2284	1347
2284	1349
2284	1351
2284	1354
2284	1359
2284	1360
2284	1361
2284	1365
2284	1375
2284	1378
2284	1393
2284	1394
2284	1399
2284	2124
2284	1494
2284	1500
2284	1551
2284	1539
2284	1541
2284	1542
2284	1553
2284	1559
2284	1564
2284	1573
2284	1574
2284	2130
2284	1578
2284	1582
2284	1585
2284	1588
2284	1591
2284	2133
2284	1596
2284	1597
2284	1601
2284	1602
2284	2138
2284	1632
2284	1639
2284	1641
2284	1654
2284	1658
2284	1670
2284	1729
2284	1748
2284	1756
2284	2165
2284	2166
2284	1770
2284	1817
2284	1819
2284	1830
2284	2180
2284	1836
2284	1845
2284	1848
2284	1852
2284	1856
2284	1871
2284	2191
2284	2192
2284	2193
2284	2195
2284	2198
2284	1891
2284	2200
2284	2201
2284	2205
2284	1932
2284	1933
2284	1935
2284	1938
2284	1937
2284	1943
2284	1962
2284	2218
2284	1982
2284	1981
2284	2025
2284	2056
2284	2100
2284	2107
125	2285
129	1472
131	1473
1473	134
1473	596
1473	2400
132	1474
133	2286
2286	1475
136	1475
139	1476
139	2287
2287	157
2287	161
2287	164
2287	451
2287	554
2287	1478
2287	1479
2287	1501
2287	1520
2287	1537
2287	1580
2287	1677
2287	1782
142	1477
1477	148
144	1478
1478	146
145	1479
1479	147
1479	151
152	1480
1480	153
1480	154
1480	158
1480	2401
155	1481
1481	156
1481	2399
157	1482
1482	162
1482	176
1482	178
1482	181
1482	2288
159	1483
1483	160
1483	161
1483	171
163	2288
164	1484
1484	165
1484	166
1484	167
1484	168
169	2289
173	1485
1485	180
1485	194
174	1486
1486	655
177	1487
1487	179
1487	2402
182	1488
184	1489
185	1490
185	2290
2290	266
187	1491
1491	188
1491	189
1491	251
1491	252
1491	1015
190	1492
1492	191
1492	192
1492	2395
191	2291
193	1493
1493	198
194	2292
2292	195
2292	251
2292	252
2292	253
2292	292
2292	376
2292	380
2292	419
2292	1584
196	2293
199	1494
200	1495
200	2294
1495	201
1495	2403
2294	241
2294	305
2294	347
2294	362
2294	394
2294	407
2294	416
2294	426
2294	488
2294	665
2294	1504
2294	1540
202	1496
1496	204
1496	2297
203	1497
205	1498
206	1499
207	1500
1500	210
208	1501
1501	209
211	1502
212	1503
213	1504
1504	237
214	1505
215	1506
1506	216
217	1507
1507	219
1507	2297
220	1508
220	2295
221	1509
222	1510
223	1511
224	1512
1512	292
1512	296
1512	362
1512	366
225	1513
226	1514
1514	227
1514	2404
228	1515
1515	229
1515	233
1515	661
230	1516
1516	231
1516	232
234	1517
235	1518
1518	236
238	1519
1519	556
239	1520
240	1521
1521	2399
241	1522
1522	243
242	1523
244	1524
245	1525
245	2296
246	1526
247	1527
248	1528
1528	253
1528	254
1528	2317
249	1529
1529	250
255	1530
256	1531
257	1532
258	1533
259	1534
1534	260
1534	2307
261	1535
1535	264
262	1536
1536	263
265	1537
1537	266
267	1538
1538	268
268	2297
2297	285
2297	287
2297	301
2297	302
2297	303
2297	304
2297	315
2297	323
2297	328
2297	332
2297	335
2297	356
2297	383
2297	386
2297	422
2297	428
2297	439
2297	450
2297	459
2297	460
2297	461
2297	477
2297	533
2297	541
2297	542
2297	543
2297	557
2297	560
2297	561
2297	563
2297	564
2297	565
2297	566
2297	569
2297	610
2297	630
2297	647
2297	649
2297	750
2297	757
2297	758
2297	759
2297	760
2297	773
2297	778
2297	787
2297	809
2297	834
2297	902
2297	978
2297	979
2297	1552
2297	1556
2297	1557
2297	2129
2297	1568
2297	1575
2297	1587
2297	1607
2297	1649
2297	1656
2297	2151
2297	1801
269	1539
1539	271
1539	290
1539	293
1539	294
1539	787
270	1540
1540	272
273	1541
274	1542
1542	281
1542	282
1542	284
275	1543
1543	277
1543	278
276	1544
278	2298
279	1545
1545	2317
280	1546
1546	285
1546	286
282	2299
283	1547
1547	2317
287	1548
1548	2399
288	1549
289	1550
291	1551
293	2300
295	1552
297	1553
1553	298
299	1554
300	1555
301	1556
1556	302
1556	303
304	1557
1557	305
306	1558
1558	307
1558	2405
308	1559
1559	309
310	1560
311	1561
1561	313
1561	314
1561	359
312	1562
1562	2305
313	2301
2301	316
2301	408
2301	452
2301	454
2301	695
2301	1570
315	1563
1563	316
1563	317
1563	326
318	1564
319	1565
1565	320
1565	324
321	1566
1566	322
323	1567
1567	2406
324	2302
2302	352
2302	354
2302	357
2302	364
2302	455
2302	489
2302	490
2302	514
2302	521
2302	538
2302	551
2302	553
2302	575
2302	618
2302	620
2302	625
2302	632
2302	644
2302	646
2302	667
2302	694
2302	700
2302	702
2302	706
2302	721
2302	732
2302	753
2302	770
2302	781
2302	800
2302	810
2302	819
2302	826
2302	827
2302	828
2302	829
2302	835
2302	836
2302	843
2302	845
2302	851
2302	863
2302	864
2302	874
2302	888
2302	889
2302	893
2302	896
2302	901
2302	910
2302	911
2302	923
2302	933
2302	936
2302	937
2302	938
2302	946
2302	951
2302	952
2302	953
2302	957
2302	964
2302	965
2302	966
2302	969
2302	970
2302	971
2302	972
2302	973
2302	976
2302	983
2302	985
2302	986
2302	990
2302	992
2302	993
2302	995
2302	1000
2302	1003
2302	1012
2302	1014
2302	1017
2302	1023
2302	1025
2302	1029
2302	1036
2302	1037
2302	1042
2302	1048
2302	1078
2302	1090
2302	1091
2302	1093
2302	1109
2302	1114
2302	1127
2302	1200
2302	1205
2302	1213
2302	1720
2302	1725
2302	2157
2302	1735
2302	1744
2302	1747
2302	1759
2302	1760
2302	2171
2302	1799
2302	1811
2302	1825
2302	1837
2302	1861
2302	2186
2302	1878
2302	1880
2302	1883
2302	1887
2302	1890
2302	2199
2302	1897
2302	1898
2302	1910
2302	1912
2302	2209
2302	1939
2302	1946
2302	1947
2302	1961
2302	1964
325	1568
326	2303
2303	522
2303	530
2303	577
2303	578
2303	612
2303	619
2303	642
2303	648
2303	650
2303	662
2303	675
2303	679
2303	681
2303	692
2303	693
2303	697
2303	703
2303	704
2303	761
2303	779
2303	790
2303	792
2303	796
2303	808
2303	816
2303	818
2303	847
2303	916
2303	920
2303	921
2303	922
2303	924
2303	925
2303	926
2303	927
2303	943
2303	944
2303	945
2303	980
2303	1005
2303	1032
2303	1033
2303	1039
2303	1045
2303	1054
2303	1098
2303	1100
2303	1102
2303	1107
2303	1143
2303	1157
2303	1178
2303	1191
2303	1193
2303	1199
2303	1219
2303	1222
2303	1230
2303	1234
2303	1246
2303	1267
2303	1371
2303	1372
2303	1374
2303	1383
2303	1609
2303	1650
2303	2146
2303	1727
2303	1820
2303	1769
2303	1776
2303	1797
2303	1945
2303	1870
2303	2188
2303	1874
2303	1877
2303	1911
2303	1918
2303	1917
2303	1929
2303	1957
2303	1958
2303	1959
2303	1966
2303	1970
2303	2219
2303	1973
2303	1979
2303	1994
2303	2224
2303	2019
2303	2021
2303	2022
2303	2029
2303	2030
2303	2231
2303	2104
2303	2103
327	1569
1569	328
329	1570
330	1571
330	2304
1571	331
2304	343
332	1572
1572	333
1572	334
335	1573
1573	336
1573	338
1573	343
1573	346
1573	347
1573	348
1573	349
1573	351
1573	352
1573	353
1573	354
1573	364
1573	369
337	1574
339	1575
340	1576
1576	341
1576	342
1576	350
1576	358
1576	371
1576	379
1576	390
344	1577
1577	345
1577	368
348	2305
2305	366
2305	370
2305	634
2305	673
2305	683
2305	690
2305	698
2305	725
2305	728
2305	735
2305	739
2305	740
2305	741
2305	748
2305	751
2305	756
2305	769
2305	772
2305	784
2305	817
2305	821
2305	830
2305	831
2305	844
2305	935
2305	950
2305	1084
2305	1746
2305	2161
2305	2163
2305	1775
2305	2173
2305	1786
2305	1791
2305	1800
2305	1809
2305	1816
2305	1829
2305	1840
2305	1834
2305	2182
2305	1846
2305	1857
2305	1872
2305	1882
2305	2196
2305	1903
355	1578
1578	356
1578	357
1578	360
361	1579
1579	374
1579	2307
363	1580
1580	375
365	2306
367	1581
1581	370
372	1582
373	1583
374	2307
2307	432
2307	457
2307	509
2307	629
2307	731
2307	1610
2307	1626
2307	1653
2307	1736
2307	1787
2307	2183
2307	2214
2307	2226
2307	2242
376	1584
377	1585
1585	378
1585	380
381	1586
1586	382
1586	383
1586	384
1586	385
1586	388
1586	391
1586	392
386	1587
387	1588
1588	772
1588	773
1588	774
388	2308
2308	1589
389	1589
393	1590
1590	394
1590	395
396	1591
1591	397
1591	406
1591	420
398	1592
1592	2399
399	1593
1593	400
1593	2399
401	1594
1594	402
1594	403
404	1595
405	1596
407	1597
1597	415
1597	427
408	1598
1598	419
409	1599
1599	410
1599	2315
411	1600
1600	2309
412	1601
1601	413
1601	414
413	2309
2309	453
2309	507
2309	651
2309	663
2309	672
2309	907
2309	908
2309	915
2309	948
2309	1126
2309	1867
2309	1936
416	1602
1602	417
1602	418
421	1603
1603	2407
422	1604
423	1605
423	2310
1605	424
1605	2312
2310	982
2310	2125
425	1606
1606	426
1606	2312
428	1607
1607	430
429	1608
431	1609
1609	433
1609	529
432	1610
434	1611
1611	2312
435	1612
1612	2315
436	1613
1613	2408
437	1614
437	2311
1614	2409
2311	468
2311	589
438	1615
438	2312
1615	439
1615	2312
2312	440
2312	479
2312	485
2312	496
2312	502
2312	540
2312	547
2312	558
2312	568
2312	576
2312	613
2312	689
2312	712
2312	742
2312	744
2312	755
2312	768
2312	777
2312	799
2312	862
2312	879
2312	880
2312	881
2312	894
2312	904
2312	918
2312	932
2312	962
2312	963
2312	975
2312	1006
2312	1122
2312	1132
2312	1140
2312	1146
2312	1160
2312	1167
2312	1170
2312	1176
2312	1187
2312	1188
2312	1190
2312	1192
2312	1203
2312	1211
2312	1248
2312	1616
2312	2135
2312	1620
2312	1621
2312	1627
2312	1629
2312	1635
2312	2139
2312	1637
2312	1646
2312	2141
2312	1652
2312	1664
2312	2143
2312	2144
2312	1666
2312	1667
2312	1672
2312	1684
2312	1686
2312	1687
2312	1696
2312	1689
2312	1690
2312	1693
2312	1694
2312	2149
2312	1704
2312	2152
2312	1706
2312	1713
2312	2153
2312	1721
2312	1767
2312	2168
2312	1773
2312	1774
2312	2170
2312	1795
2312	1803
2312	1814
2312	1807
2312	1842
2312	1843
2312	1847
2312	2184
2312	2185
2312	1868
2312	2189
2312	1879
2312	1884
2312	1901
2312	1904
2312	2206
2312	1969
2312	2216
2312	2217
2312	1991
2312	2010
440	1616
441	1617
442	1618
1618	443
1618	445
1618	505
444	1619
446	1620
447	1621
448	1622
1622	2410
449	1623
451	1624
1624	2411
456	1625
457	1626
458	1627
459	1628
462	1629
463	1630
1630	2412
465	1631
466	1632
466	2313
1632	467
1632	468
1632	469
1632	472
1632	504
2313	497
2313	498
2313	501
2313	539
2313	546
2313	550
2313	1665
469	2314
470	1633
470	2315
1633	471
1633	481
2315	471
2315	472
2315	495
2315	1678
473	1634
1634	2413
474	1635
1635	475
1635	479
475	2316
2316	500
2316	782
2316	1070
2316	1077
2316	1384
2316	2150
2316	1714
2316	1723
2316	2159
2316	1745
2316	1812
2316	1828
2316	1919
2316	2208
2316	2210
2316	1948
2316	2229
476	1636
477	1637
478	1638
1638	2407
480	1639
1639	486
483	1640
1640	2414
484	1641
1641	485
1641	783
1641	784
487	1642
488	1643
1643	489
490	1644
1644	491
1644	2317
492	1645
1645	2407
494	1646
495	1647
1647	496
1647	503
498	1648
1648	499
501	1649
502	1650
506	1651
1651	2415
507	1652
1652	508
1652	514
1652	515
1652	516
508	2317
2317	520
2317	526
2317	527
2317	531
2317	535
2317	567
2317	580
2317	594
2317	680
2317	875
2317	903
2317	931
2317	956
2317	958
2317	959
2317	960
2317	961
2317	974
2317	977
2317	1002
2317	1022
2317	1038
2317	1041
2317	1058
2317	1061
2317	1106
2317	1131
2317	1149
2317	1161
2317	1168
2317	1218
2317	1221
2317	1236
2317	1238
2317	1239
2317	1240
2317	1260
2317	1270
2317	1271
2317	1272
2317	1289
2317	1291
2317	1297
2317	1298
2317	1323
2317	1324
2317	1329
2317	1341
2317	1353
2317	1358
2317	1369
2317	1376
2317	1401
2317	1405
2317	1407
2317	1669
2317	1699
2317	1705
2317	1866
2317	1873
2317	1889
2317	1923
2317	1931
2317	1967
2317	1983
2317	2024
2317	2091
2317	2241
2317	2109
2317	2114
509	1653
510	1654
1654	511
1654	512
1654	513
516	2318
2318	534
2318	536
2318	548
2318	562
2318	573
2318	868
2318	886
2318	913
2318	919
2318	949
2318	987
2318	988
2318	989
2318	1019
2318	1030
2318	1055
2318	1057
2318	1059
2318	1062
2318	1068
2318	1071
2318	1072
2318	1087
2318	1096
2318	1118
2318	1119
2318	1121
2318	1139
2318	1196
2318	1197
2318	1198
2318	1204
2318	1208
2318	1212
2318	1228
2318	1237
2318	1245
2318	1263
2318	1277
2318	1338
2318	1348
2318	1388
2318	1655
2318	1692
2318	1681
2318	2147
2318	1763
2318	1885
2318	1893
2318	1896
2318	2204
2318	1915
2318	1928
2318	1934
2318	1942
2318	1950
2318	1968
2318	1971
2318	1972
2318	1976
2318	1977
2318	1987
2318	1995
2318	1998
2318	2004
2318	2223
2318	2013
2318	2230
2318	2033
2318	2046
2318	2239
2318	2095
517	1655
518	1656
519	1657
1657	2416
520	1658
1658	521
1658	522
1658	523
1658	524
1658	525
1658	711
523	2319
2319	559
2319	597
2319	621
2319	636
2319	1659
2319	1662
2319	1671
2319	1674
2319	1675
2319	1680
2319	1679
2319	1682
2319	1683
2319	1685
2319	1688
2319	1698
2319	1700
2319	1707
2319	1709
2319	1710
2319	1724
2319	1726
2319	1734
2319	1741
524	2320
526	1659
1659	528
527	1660
1660	530
1660	534
1660	536
1660	605
1660	748
529	2321
2321	556
2321	743
2321	1162
2321	1738
2321	1742
2321	1749
2321	1753
2321	1764
2321	2174
2321	2005
2321	2012
531	1661
1661	532
533	1662
535	1663
1663	2326
537	1664
1664	538
539	1665
540	1666
541	1667
542	1668
543	1669
544	1670
1670	948
1670	1025
545	1671
1671	546
547	1672
1672	548
549	1673
1673	2417
550	1674
1674	551
552	1675
1675	553
554	1676
1676	2326
555	1677
557	1678
1678	558
1678	559
560	1679
561	1680
562	1681
563	1682
564	1683
565	1684
566	1685
567	1686
568	1687
1687	577
569	1688
570	1689
1689	571
1689	573
572	1690
574	1691
1691	2419
575	1692
576	1693
578	1694
579	1695
1695	580
581	1696
582	1697
583	1698
584	1699
585	1700
586	1701
1701	587
1701	2322
587	2322
588	1702
589	1703
1703	1174
590	1704
591	1705
592	1706
593	1707
594	1708
1708	2326
595	1709
596	2323
2323	794
2323	814
2323	1715
2323	1716
2323	1718
2323	1719
2323	2155
2323	2156
2323	2158
2323	1737
2323	1740
2323	1739
2323	1821
2323	2178
2323	2179
2323	1831
2323	2181
2323	1832
2323	1835
2323	2194
2323	1895
597	1710
598	1711
598	2324
1711	600
1711	2324
2324	1712
599	1712
601	1713
602	1714
603	1715
604	1716
606	1717
607	1718
608	1719
609	1720
1720	611
610	1721
612	1722
1722	2326
613	1723
614	1724
615	1725
616	1726
617	1727
618	1728
1728	2407
619	1729
1729	620
1729	621
1729	686
622	1730
622	2325
1730	2420
2325	719
2325	2148
623	1731
624	1732
1732	2362
625	1733
1733	2326
626	1734
1734	627
628	1735
629	1736
630	1737
1737	631
1737	642
632	1738
1738	633
1738	636
634	1739
1739	639
635	1740
637	1741
638	1742
640	1743
640	2326
1743	2326
2326	699
2326	709
2326	849
2326	869
2326	1046
2326	1179
2326	1257
2326	2154
2326	1777
2326	2035
2326	2036
641	1744
643	1745
644	1746
1746	650
645	1747
646	1748
647	1749
1749	648
649	1750
1750	2421
651	1751
1751	2421
652	1752
653	1753
653	2327
1753	665
2327	656
2327	669
2327	688
2327	707
2327	708
2327	717
2327	824
2327	832
2327	833
2327	838
2327	839
2327	848
2327	852
2327	867
2327	895
2327	899
2327	900
2327	914
2327	930
2327	934
2327	998
2327	1027
2327	1028
2327	1035
2327	1040
2327	1043
2327	1051
2327	1053
2327	1066
2327	1095
2327	1115
2327	1116
2327	1117
2327	1120
2327	1128
2327	1134
2327	1175
2327	1182
2327	1184
2327	1215
2327	1373
2327	1758
2327	1815
2327	1863
2327	1864
2327	1921
2327	1940
2327	2211
2327	1951
2327	1952
2327	2018
654	1754
654	2328
2328	655
2328	661
2328	822
2328	823
2328	825
2328	890
2328	891
2328	892
2328	897
2328	898
2328	1838
656	1755
1755	657
658	1756
659	1757
659	2329
1757	660
1757	662
2329	2187
2329	2215
663	1758
1758	664
1758	669
666	1759
667	1760
668	1761
670	1762
671	1763
672	1764
1764	673
674	1765
1765	2422
675	1766
1766	676
677	1767
678	1768
1768	2422
679	1769
680	1770
1770	682
1770	687
1770	701
1770	702
1770	709
1770	713
1770	715
681	1771
1771	683
1771	2422
684	1772
685	1773
1773	688
686	2330
2330	691
2330	711
2330	730
2330	749
2330	771
2330	783
2330	807
2330	870
2330	1016
2330	1081
2330	1141
2330	1169
2330	1186
2330	1367
2330	2169
2330	1783
2330	1798
2330	1804
2330	1806
687	2331
689	1774
690	1775
1775	691
692	1776
1776	693
1776	694
1776	695
1776	696
1776	697
1776	698
1776	699
1776	700
1776	703
1776	704
1776	706
1776	707
1776	708
1776	710
1776	714
1776	717
1776	730
1776	732
1776	739
1776	747
1776	849
1776	1046
1776	1137
1776	1179
1776	1258
696	2332
2332	820
2332	841
2332	2167
2332	1808
2332	1822
705	1777
710	2333
2333	714
2333	718
2333	1781
712	1778
1778	2422
716	1779
1779	2343
718	1780
1780	719
1780	720
721	1781
1781	722
723	1782
1782	724
725	1783
726	1784
1784	727
728	1785
1785	2423
729	1786
731	1787
733	1788
1788	2343
734	1789
1789	2343
735	1790
1790	736
1790	2343
736	2334
737	1791
738	1792
1792	2359
740	1793
1793	2422
741	1794
1794	2343
742	1795
743	1796
1796	744
1796	2418
745	2335
746	1797
747	2336
2336	2197
749	1798
1798	757
1798	758
1798	759
1798	760
750	1799
1799	751
752	1800
753	1801
1801	765
754	1802
755	1803
756	1804
761	1805
1805	762
1805	763
1805	764
1805	2424
762	2337
2337	2190
766	1806
767	1807
767	2338
2338	1138
2338	1148
2338	1151
2338	1155
2338	1156
2338	1159
2338	1166
768	1808
769	1809
770	1810
1810	2425
771	1811
774	2339
2339	1044
775	1812
776	1813
1813	2371
777	1814
778	1815
1815	779
1815	825
780	1816
780	2340
781	1817
1817	782
1817	785
786	1818
1818	796
788	1819
1819	789
1819	791
790	1820
1820	792
793	1821
1821	794
1821	813
795	1822
797	1823
1823	2341
798	1824
798	2341
2341	840
2341	1251
799	1825
1825	823
800	1826
801	1827
1827	2426
802	1828
803	1829
804	1830
804	2342
1830	806
1830	807
1830	808
1830	809
1830	810
1830	822
1830	824
1830	1267
2342	1124
2342	1125
2342	1173
2342	1295
2342	1905
805	1831
806	2343
2343	2172
2343	2053
811	1832
811	2344
812	1833
1833	814
1833	815
1833	816
1833	2427
817	1834
818	1835
1835	819
1835	820
1835	821
826	1836
1836	827
1836	832
1836	833
1836	838
1836	841
828	1837
1837	831
829	1838
1838	830
834	1839
1839	2428
835	1840
836	1841
1841	2428
837	1842
839	1843
840	1844
1844	2345
842	1845
1845	843
844	1846
845	1847
1847	862
846	1848
1848	863
847	1849
1849	848
850	1850
1850	851
1850	1099
852	1851
1851	855
1851	892
853	1852
854	1853
854	2345
1853	856
1853	857
1853	858
1853	859
1853	860
1853	868
1853	869
1853	870
1853	874
1853	949
1853	1001
1853	1062
1853	1238
1853	2345
2345	856
2345	857
2345	858
2345	859
2345	860
2345	873
2345	906
2345	940
2345	941
2345	947
2345	1004
2345	1101
2345	1858
2345	1860
861	1854
864	1855
1855	866
865	1856
867	1857
871	1858
872	1859
873	1860
875	1861
1861	876
1861	887
1861	909
877	1862
1862	878
1862	879
1862	880
1862	881
1862	882
1862	883
1862	884
1862	885
1862	886
1862	888
1862	889
1862	890
1862	891
1862	893
1862	897
1862	898
883	2346
2346	884
2346	885
894	1863
1863	895
1863	896
1863	899
900	1864
901	1865
1865	902
1865	903
1865	904
1865	905
1865	906
1865	912
1865	913
907	1866
1866	911
908	1867
1867	910
1867	914
915	1868
1868	916
1868	917
1868	919
918	1869
1869	2429
920	1870
1870	921
1870	922
1870	924
1870	925
1870	926
1870	927
923	1871
1871	928
1871	929
1871	936
1871	937
1871	938
1871	984
930	1872
931	1873
932	1874
1874	933
1874	934
1874	935
939	1875
1875	941
1875	942
940	1876
942	2347
2347	1011
2347	1256
2347	1356
943	1877
1877	944
1877	945
1877	947
1877	1039
946	1878
950	1879
951	1880
1880	952
1880	953
954	1881
1881	2348
955	1882
956	1883
1883	957
1883	958
1883	959
1883	960
1883	961
1883	964
1883	965
1883	966
962	1884
1884	963
967	1885
968	1886
1886	2430
969	1887
1887	970
1887	971
1887	972
1887	973
974	1888
1888	975
1888	2426
976	1889
977	1890
978	1891
1891	979
1891	980
981	1892
1892	982
1892	2358
983	1893
985	1894
1894	2431
986	1895
987	1896
1896	988
1896	989
1896	993
990	1897
1897	991
1897	999
1897	1004
1897	1022
992	1898
1898	994
1898	998
995	1899
1899	1009
1899	2432
996	1900
1900	997
1900	2433
997	2348
2348	1018
2348	1047
2348	1050
2348	1052
2348	1133
2348	1914
2348	2207
2348	1922
2348	1925
2348	1927
2348	2212
2348	2213
2348	2220
1000	1901
1001	2349
1002	1902
1902	1003
1902	2358
1005	1903
1006	1904
1007	1905
1008	1906
1906	2434
1010	1907
1907	1011
1012	1908
1908	2435
1013	1909
1909	2436
1014	1910
1015	2350
2350	1024
2350	2000
2350	2055
2350	2057
2350	2232
2350	2236
1016	1911
1911	1017
1911	1018
1911	1019
1911	1020
1911	1021
1911	1024
1911	1044
1021	2351
1023	1912
1912	1027
1026	1913
1026	2352
1913	2437
2352	1034
2352	1210
1028	1914
1914	1029
1030	1915
1031	1916
1916	2354
1032	1917
1917	1033
1917	1045
1034	1918
1918	1035
1918	1036
1037	1919
1038	1920
1920	2353
1040	1921
1041	1922
1042	1923
1043	1924
1924	2354
1047	1925
1048	1926
1926	1049
1926	2438
1050	1927
1927	1051
1052	1928
1928	1053
1054	1929
1929	1055
1929	1056
1929	1057
1929	1059
1929	1060
1056	2353
1058	1930
1930	2439
1060	2354
1061	1931
1063	1932
1064	1933
1933	1065
1933	1066
1933	1068
1933	1075
1065	2355
2355	1316
1067	1934
1069	1935
1935	1070
1935	1071
1935	1072
1073	1936
1073	2356
1936	1074
2356	1083
2356	1099
1075	2357
1076	1937
1077	1938
1078	1939
1939	1079
1079	2358
2358	1089
1080	1940
1940	1081
1082	1941
1082	2359
1941	2440
2359	1092
1083	1942
1942	1086
1084	1943
1943	1085
1086	2360
1087	1944
1944	2441
1088	1945
1088	2361
1089	1946
1090	1947
1091	1948
1092	1949
1949	2442
1093	1950
1950	1094
1950	1095
1096	1951
1951	1097
1098	1952
1952	1100
1101	1953
1953	1102
1953	1103
1953	1104
1953	1105
1953	2443
1103	2362
2362	1135
2362	1137
1106	1954
1954	2444
1107	1955
1955	1337
1955	2444
1108	1956
1956	2444
1109	1957
1110	2363
1111	1958
1112	1959
1959	1115
1113	1960
1960	1114
1960	1116
1960	1117
1960	1118
1960	1119
1960	1121
1960	1124
1960	1125
1120	1961
1961	1123
1122	1962
1126	1963
1963	1127
1963	2445
1128	1964
1964	1129
1130	1965
1130	2364
1965	1131
1965	1132
1965	1133
1965	1134
1965	1135
1136	1966
1138	1967
1139	1968
1968	1143
1140	1969
1141	1970
1970	1142
1970	1144
1142	2365
2365	1150
1144	2366
1145	1971
1145	2367
1971	1160
1146	1972
1147	1973
1973	1148
1973	1150
1973	1152
1973	1154
1973	1155
1973	1169
1149	1974
1974	2380
1151	1975
1975	2446
1153	1976
1156	1977
1977	1157
1158	1978
1978	2447
1159	1979
1161	1980
1980	2448
1162	1981
1163	1982
1164	1983
1164	2368
1165	1984
1984	2380
1166	1985
1985	2449
1167	1986
1986	2372
1168	1987
1170	1988
1988	2372
1171	1989
1989	2450
1172	1990
1990	1173
1990	1175
1174	2369
1176	1991
1177	1992
1992	2372
1178	1993
1993	1293
1993	1313
1180	1994
1181	1995
1995	1182
1183	1996
1996	2380
1184	1997
1997	1185
1186	1998
1998	1187
1188	1999
1999	1189
1190	2000
1191	2001
2001	2451
1192	2002
2002	2451
1193	2003
2003	2451
1194	2004
1194	2370
2004	1195
1196	2005
1197	2006
2006	2378
1198	2007
2007	2452
1199	2008
1200	2009
2009	1201
2009	1202
1201	2371
1203	2010
1204	2011
2011	2453
1205	2012
1206	2372
2372	2225
2372	2039
1207	2013
2013	1226
1208	2014
2014	2454
1209	2015
2015	1210
2015	1211
2015	1212
2015	1213
2015	1214
1215	2016
2016	1216
2016	2378
1217	2017
2017	1218
1219	2018
2018	1220
2018	1221
2018	1222
1223	2019
2019	1253
1224	2020
2020	1225
1226	2373
1227	2021
2021	1228
2021	1229
1230	2022
2022	1231
2022	1233
1232	2023
1232	2374
2023	2455
2374	1299
1234	2024
1235	2025
1236	2026
2026	2457
1237	2027
2027	2458
1239	2028
2028	2456
1240	2029
1241	2030
2030	1268
2030	1340
1242	2031
2031	2456
1243	2032
2032	2456
1244	2033
1245	2034
2034	2456
1246	2035
2035	1247
2035	1248
2035	1249
2035	1250
2035	1251
2035	1252
1247	2375
1253	2376
2376	1285
2376	1292
2376	1328
1254	2036
1255	2037
2037	1256
1257	2038
2038	2459
1258	2377
1259	2039
1259	2378
2378	1264
2378	1274
2378	1276
2378	1278
2378	1290
2378	1304
2378	1313
2378	1330
2378	1331
2378	1337
2378	1340
2378	1355
2378	1368
2378	1382
2378	1385
2378	1396
2378	1398
2378	1400
2378	1412
2378	2043
2378	2052
2378	2054
2378	2090
2378	2105
2378	2113
1260	2040
2040	1261
2040	2460
1262	2041
1263	2042
2042	1266
2042	2461
1264	2043
2043	1265
1265	2379
1269	2044
2044	2462
1270	2045
2045	2463
1271	2046
2046	1273
1272	2047
2047	2381
1274	2048
1275	2049
1275	2380
2049	2380
2380	1411
2380	2222
2380	2227
2380	2061
2380	2062
2380	2065
2380	2235
2380	2076
2380	2238
1276	2050
2050	1279
1277	2051
2051	2458
1278	2052
1280	2053
1280	2381
2381	1283
2381	1312
2381	1314
2381	1320
2381	1381
1281	2054
1282	2055
1283	2056
2056	1284
1285	2057
2057	1286
1287	2058
2058	2387
1288	2059
2059	2387
1289	2060
2060	2464
1290	2061
1291	2062
2062	1292
1294	2063
2063	1295
1296	2064
2064	2387
1297	2065
1298	2066
2066	2387
1299	2067
2067	2465
1300	2068
2068	1301
2068	1303
2068	1304
2068	1305
1302	2069
2069	2387
1303	2382
2382	1305
2382	1309
2382	1310
2382	1311
2382	1317
2382	1321
2382	1325
2382	1326
2382	1327
2382	1380
2382	2115
1306	2070
2070	2466
1307	2071
2071	2467
1308	2072
2072	2387
1309	2073
2073	1310
2073	1311
2073	1312
2073	1314
2073	1315
2073	1316
2073	1317
2073	1319
2073	1321
2073	1325
1318	2074
2074	1320
2074	2387
1322	2075
1323	2076
1324	2077
2077	2469
1326	2078
2078	1327
2078	1328
2078	1329
2078	1330
2078	1331
2078	1333
2078	1334
2078	1335
2078	1336
1332	2079
2079	2387
1335	2383
1336	2384
1338	2080
2080	2465
1339	2081
2081	2470
1341	2082
2082	1343
2082	2471
1342	2083
2083	2471
1344	2084
2084	2465
1345	2385
2385	1357
1346	2085
1347	2086
1348	2087
1349	2088
1350	2089
1350	2386
2089	1406
2386	1392
1351	2090
1352	2091
1353	2092
1354	2093
2093	1355
2093	2472
1356	2094
1357	2095
1358	2096
2096	1359
1360	2097
1361	2098
1362	2099
1362	2387
2099	1363
2099	1364
2099	1365
2099	2473
2387	2234
2387	2120
1363	2388
1366	2100
2100	1367
2100	1371
1368	2101
2101	2474
1369	2102
2102	1370
2102	2475
1372	2103
2103	1373
2103	1376
2103	1377
2103	1379
2103	1384
1374	2104
1375	2105
1377	2389
1378	2106
1380	2107
2107	1381
2107	1383
1382	2108
2108	2468
1385	2109
2109	1386
1386	2390
2390	1389
2390	1390
2390	1391
2390	1395
2390	1397
2390	2116
1387	2110
2110	1388
2110	1389
2110	1390
2110	1391
2110	1392
2110	1393
2110	1394
1395	2111
2111	1396
1397	2112
2112	1398
1399	2113
2113	1400
1401	2114
1402	2115
1402	2391
1403	2116
1403	2392
1404	2117
2117	2476
1405	2118
2118	2477
1406	2393
2393	2122
1407	2119
2119	2478
1408	2120
1408	2394
1409	2121
2121	1411
2121	2478
1410	2122
2122	1412
2418	2145
2421	2160
2430	2202
2430	2203
2449	2221
2456	2228
2468	2237
2478	2244
