24019	40
24020	45
24021	62
24022	63
24023	9
24024	86
24025	90
24026	68
24027	106
24028	53
24029	95
24030	110
24031	116
24032	41
24033	129
24034	131
24035	92
24036	122
24037	61
24038	48
24039	148
24040	154
24041	157
24042	153
24043	137
24044	80
24045	88
24046	163
24047	151
24048	168
24049	46
24050	34
24051	164
24052	203
24053	77
24054	215
24055	223
24056	244
24057	251
24058	166
24059	198
24060	258
24061	231
24062	160
24063	249
24064	177
24065	272
24066	136
24067	288
24068	257
24069	282
24070	322
24071	320
24072	33
24073	255
24074	359
24075	340
24076	379
24077	370
24078	394
24079	399
24080	400
24081	75
24082	368
24083	416
24084	421
24085	435
24086	49
24087	447
24088	448
24089	467
24090	477
24091	436
24092	191
24093	501
24094	455
24095	502
24096	506
24097	507
24098	511
24099	512
24100	532
24101	546
24102	565
24103	587
24104	589
24105	600
24106	601
24107	606
24108	611
24109	686
24110	617
24111	624
24112	628
24113	629
24114	620
24115	270
24116	659
24117	664
24118	667
24119	669
24120	677
24121	683
24122	684
24123	709
24124	730
24125	721
24126	605
24127	397
24128	763
24129	784
24130	767
24131	815
24132	828
24133	846
24134	847
24135	859
24136	583
24137	902
24138	950
24139	964
24140	977
24141	325
24142	995
24143	920
24144	1010
24145	1016
24146	1052
24147	861
24148	1080
24149	1075
24150	334
24151	1097
24152	1103
24153	1104
24154	1116
24155	1138
24156	1145
24157	1051
24158	64
24159	1187
24160	782
24161	1190
24162	1192
24163	449
24164	1206
24165	1207
24166	1208
24167	1218
24168	983
24169	1249
24170	1256
24171	11631
24172	1270
24173	1275
24174	1276
24175	1077
24176	1282
24177	1268
24178	1290
24179	1297
24180	1031
24181	1277
24182	1305
24183	405
24184	1339
24185	1345
24186	1137
24187	1355
24188	1125
24189	1193
24190	1409
24191	3
24192	1229
24193	1135
24194	1461
24195	1490
24196	1505
24197	1508
24198	1515
24199	1459
24200	1517
24201	1541
24202	1122
24203	1553
24204	1567
24205	1579
24206	1590
24207	1592
24208	2
24209	209
24210	1638
24211	1594
24212	1560
24213	1415
24214	1670
24215	1673
24216	1681
24217	1689
24218	1506
24219	1704
24220	1385
24221	1293
24222	1632
24223	553
24224	1777
24225	1765
24226	796
24227	1627
24228	1832
24229	1837
24230	1846
24231	1853
24232	1831
24233	1672
24234	1889
24235	1892
24236	1324
24237	1909
24238	425
24239	1931
24240	1933
24241	1938
24242	1947
24243	1877
24244	1908
24245	946
24246	1951
24247	1975
24248	1985
24249	879
24250	2015
24251	1847
24252	2031
24253	2035
24254	2037
24255	1633
24256	2061
24257	2065
24258	2066
24259	998
24260	2101
24261	2118
24262	2134
24263	2135
24264	2148
24265	803
24266	2143
24267	1697
24268	2168
24269	2126
24270	2180
24271	2048
24272	2189
24273	2194
24274	2195
24275	2190
24276	2158
24277	2222
24278	2238
24279	2246
24280	2274
24281	2291
24282	1174
24283	2220
24284	2346
24285	2368
24286	2371
24287	2417
24288	2434
24289	2426
24290	2446
24291	2477
24292	2485
24293	1001
24294	2499
24295	2507
24296	1848
24297	1600
24298	2551
24299	2559
24300	2404
24301	5293
24302	2430
24303	2594
24304	2606
24305	2520
24306	2616
24307	205
24308	2624
24309	2660
24310	2642
24311	2664
24312	89
24313	262
24314	2684
24315	2702
24316	269
24317	2728
24318	1061
24319	2731
24320	2732
24321	2763
24322	2768
24323	2769
24324	2780
24325	2784
24326	2557
24327	2786
24328	2819
24329	2835
24330	2864
24331	2870
24332	2920
24333	2974
24334	2585
24335	1326
24336	2988
24337	2996
24338	18
24339	3010
24340	2872
24341	3019
24342	3047
24343	3114
24344	3002
24345	2637
24346	3163
24347	3214
24348	3044
24349	3237
24350	3266
24351	1358
24352	3339
24353	3300
24354	3100
24355	3375
24356	3377
24357	1087
24358	3014
24359	3440
24360	3308
24361	3015
24362	3495
24363	3497
24364	3488
24365	3093
24366	2164
24367	3549
24368	3551
24369	3569
24370	3590
24371	3636
24372	2538
24373	3667
24374	3749
24375	4
24376	3765
24377	1226
24378	3776
24379	1586
24380	3780
24381	3792
24382	3820
24383	869
24384	1575
24385	3887
24386	3888
24387	3895
24388	3897
24389	615
24390	2578
24391	480
24392	3946
24393	3909
24394	3991
24395	3505
24396	4013
24397	2947
24398	3976
24399	3786
24400	3945
24401	4140
24402	4122
24403	4178
24404	4212
24405	4224
24406	276
24407	4234
24408	3941
24409	1161
24410	4305
24411	4311
24412	4349
24413	4337
24414	4357
24415	2070
24416	2227
24417	4427
24418	4437
24419	4206
24420	4460
24421	2201
24422	4495
24423	4499
24424	554
24425	4554
24426	4577
24427	4556
24428	4603
24429	4630
24430	4635
24431	4639
24432	4637
24433	4656
24434	4673
24435	4771
24436	4132
24437	4697
24438	3653
24439	2733
24440	4210
24441	4747
24442	4751
24443	4624
24444	4763
24445	4574
24446	820
24447	4816
24448	4815
24449	4824
24450	3061
24451	4835
24452	4847
24453	4848
24454	3690
24455	4889
24456	2918
24457	4906
24458	4403
24459	4953
24460	2116
24461	4705
24462	4946
24463	5027
24464	5030
24465	5057
24466	5067
24467	5092
24468	5123
24469	4855
24470	5134
24471	4716
24472	4476
24473	5190
24474	440
24475	5216
24476	5221
24477	5265
24478	5273
24479	5276
24480	5285
24481	4949
24482	3633
24483	5339
24484	5381
24485	5408
24486	5422
24487	5427
24488	1374
24489	5281
24490	1511
24491	5513
24492	2602
24493	5550
24494	5569
24495	4808
24496	5648
24497	5553
24498	1157
24499	5730
24500	5733
24501	5750
24502	5400
24503	37
24504	5806
24505	5823
24506	3235
24507	5804
24508	5837
24509	5840
24510	5865
24511	5878
24512	5744
24513	5899
24514	5691
24515	6006
24516	6012
24517	6022
24518	5992
24519	6049
24520	6052
24521	6064
24522	6095
24523	5919
24524	4065
24525	6212
24526	2598
24527	433
24528	6231
24529	6205
24530	6238
24531	6259
24532	6299
24533	6302
24534	6194
24535	3830
24536	6215
24537	6277
24538	6331
24539	6341
24540	1322
24541	6363
24542	6369
24543	6429
24544	6431
24545	6285
24546	6495
24547	6497
24548	2688
24549	349
24550	6523
24551	6526
24552	1342
24553	3700
24554	1069
24555	6284
24556	6592
24557	6589
24558	6619
24559	6350
24560	4865
24561	6665
24562	6685
24563	1599
24564	3357
24565	6695
24566	6699
24567	6704
24568	6710
24569	6734
24570	5493
24571	6739
24572	6742
24573	6791
24574	6830
24575	6855
24576	6873
24577	6870
24578	6874
24579	6876
24580	2651
24581	6868
24582	6918
24583	6941
24584	6956
24585	25
24586	6993
24587	848
24588	7044
24589	4756
24590	7048
24591	3353
24592	7056
24593	5531
24594	7075
24595	7095
24596	7103
24597	7107
24598	6705
24599	6158
24600	6681
24601	7191
24602	7193
24603	7234
24604	7237
24605	7247
24606	7242
24607	6733
24608	7263
24609	7292
24610	78
24611	7316
24612	7341
24613	7371
24614	7386
24615	6427
24616	7461
24617	7474
24618	7493
24619	7513
24620	5718
24621	7465
24622	7549
24623	7565
24624	7590
24625	7610
24626	7604
24627	7468
24628	7659
24629	7666
24630	7668
24631	5469
24632	7692
24633	7708
24634	413
24635	7703
24636	3715
24637	7758
24638	7768
24639	7381
24640	7778
24641	7788
24642	7792
24643	7801
24644	6290
24645	7817
24646	7843
24647	7858
24648	7927
24649	5890
24650	7948
24651	7942
24652	7970
24653	7997
24654	8037
24655	8043
24656	8047
24657	8092
24658	8073
24659	8105
24660	1143
24661	7929
24662	5432
24663	8156
24664	8185
24665	8189
24666	3305
24667	8216
24668	8225
24669	8246
24670	8044
24671	7622
24672	6488
24673	8340
24674	8334
24675	2985
24676	8418
24677	8170
24678	8424
24679	8369
24680	8212
24681	8485
24682	8487
24683	3343
24684	8547
24685	8583
24686	8584
24687	7736
24688	8635
24689	8614
24690	7021
24691	8696
24692	8155
24693	8698
24694	2781
24695	8748
24696	8757
24697	8792
24698	8112
24699	8419
24700	8862
24701	8890
24702	8923
24703	757
24704	8950
24705	8956
24706	4708
24707	9003
24708	994
24709	9073
24710	9088
24711	8880
24712	9110
24713	9133
24714	8778
24715	9143
24716	9102
24717	1918
24718	9188
24719	8907
24720	8747
24721	9212
24722	9226
24723	9240
24724	9262
24725	9275
24726	9305
24727	9316
24728	9332
24729	9388
24730	9404
24731	9408
24732	7567
24733	9412
24734	9053
24735	9399
24736	9437
24737	9450
24738	9455
24739	9506
24740	9512
24741	9518
24742	9433
24743	8808
24744	9545
24745	9563
24746	9620
24747	9624
24748	9642
24749	7430
24750	9630
24751	6419
24752	8933
24753	9728
24754	9656
24755	6366
24756	3856
24757	9785
24758	2541
24759	9789
24760	9864
24761	8884
24762	9223
24763	9910
24764	9923
24765	9569
24766	9911
24767	9819
24768	9992
24769	9219
24770	10008
24771	4189
24772	10025
24773	9949
24774	10028
24775	10072
24776	10120
24777	3583
24778	10037
24779	3445
24780	10208
24781	8863
24782	4412
24783	10223
24784	10240
24785	10271
24786	10276
24787	10289
24788	10117
24789	10318
24790	10329
24791	10344
24792	10351
24793	7569
24794	8264
24795	4058
24796	2640
24797	9307
24798	7763
24799	10415
24800	10420
24801	10400
24802	8013
24803	8632
24804	10516
24805	7236
24806	10590
24807	4530
24808	10554
24809	5778
24810	10652
24811	10526
24812	10586
24813	10691
24814	10699
24815	6487
24816	10706
24817	10684
24818	10681
24819	10739
24820	7651
24821	5414
24822	9682
24823	10839
24824	10881
24825	8482
24826	10898
24827	10904
24828	10902
24829	10909
24830	7627
24831	10917
24832	10921
24833	10922
24834	10955
24835	10862
24836	3232
24837	302
24838	11049
24839	11062
24840	11068
24841	11102
24842	11109
24843	11114
24844	11149
24845	11151
24846	11154
24847	11163
24848	11169
24849	11219
24850	7083
24851	11222
24852	11259
24853	11273
24854	11292
24855	10979
24856	8464
24857	10361
24858	11325
24859	11135
24860	10123
24861	11360
24862	11327
24863	8847
24864	11364
24865	11399
24866	11401
24867	9770
24868	6364
24869	11424
24870	11436
24871	11450
24872	9537
24873	11475
24874	11476
24875	11486
24876	11489
24877	11491
24878	6491
24879	11568
24880	11607
24881	11627
24882	11628
24883	11630
24884	3925
24885	11105
24886	11645
24887	4921
24888	11649
24889	11673
24890	11680
24891	11699
24892	8707
24893	11762
24894	11766
24895	11848
24896	11869
24897	11867
24898	11911
24899	11945
24900	11944
24901	11959
24902	11577
24903	11994
24904	12022
24905	12047
24906	11497
24907	12054
24908	11590
24909	12077
24910	12089
24911	12098
24912	11821
24913	12125
24914	12128
24915	12135
24916	12187
24917	12183
24918	12236
24919	12252
24920	8543
24921	12401
24922	8055
24923	12479
24924	10383
24925	12528
24926	12505
24927	6096
24928	12560
24929	7619
24930	12582
24931	12597
24932	9302
24933	12530
24934	12352
24935	12127
24936	12620
24937	12656
24938	10536
24939	12698
24940	12709
24941	11065
24942	12754
24943	12781
24944	11242
24945	12796
24946	12801
24947	12825
24948	12535
24949	12908
24950	12911
24951	12804
24952	12984
24953	11129
24954	12883
24955	13043
24956	2380
24957	13069
24958	13073
24959	12262
24960	13101
24961	556
24962	13164
24963	13167
24964	13189
24965	13190
24966	13191
24967	13306
24968	13311
24969	13344
24970	13050
24971	13363
24972	13394
24973	13406
24974	13408
24975	2859
24976	2283
24977	13262
24978	13429
24979	13442
24980	10324
24981	13121
24982	13416
24983	13505
24984	12173
24985	12437
24986	13553
24987	13526
24988	8282
24989	13428
24990	13388
24991	5083
24992	13081
24993	13721
24994	13673
24995	11438
24996	13740
24997	13665
24998	13748
24999	13738
25000	4897
25001	13837
25002	1549
25003	13875
25004	678
25005	13887
25006	13889
25007	13922
25008	13945
25009	13498
25010	10075
25011	1992
25012	381
25013	13810
25014	14121
25015	14145
25016	14150
25017	14160
25018	14175
25019	12158
25020	14179
25021	12586
25022	14245
25023	14247
25024	14151
25025	11617
25026	14288
25027	14306
25028	3345
25029	14318
25030	14336
25031	14343
25032	12750
25033	14358
25034	5393
25035	14063
25036	14401
25037	4421
25038	14440
25039	14451
25040	14467
25041	14437
25042	403
25043	14479
25044	14496
25045	14485
25046	14512
25047	14448
25048	14504
25049	13297
25050	14551
25051	14556
25052	9920
25053	14613
25054	14623
25055	14629
25056	14630
25057	5302
25058	14664
25059	14498
25060	14676
25061	14681
25062	14685
25063	14088
25064	10043
25065	14715
25066	14726
25067	14680
25068	14749
25069	3937
25070	12071
25071	14641
25072	14790
25073	14835
25074	14840
25075	5926
25076	14751
25077	14901
25078	14908
25079	14924
25080	14744
25081	14944
25082	14962
25083	14999
25084	15007
25085	15006
25086	15027
25087	15028
25088	15032
25089	15041
25090	15040
25091	15064
25092	3419
25093	15139
25094	15141
25095	15151
25096	15157
25097	15102
25098	14994
25099	15193
25100	15195
25101	15214
25102	14265
25103	15232
25104	15207
25105	15247
25106	15251
25107	15304
25108	15306
25109	15387
25110	15427
25111	12571
25112	15437
25113	15440
25114	2277
25115	15500
25116	15506
25117	15508
25118	12424
25119	15514
25120	15548
25121	1953
25122	14407
25123	15129
25124	15590
25125	15630
25126	15639
25127	3126
25128	15727
25129	4169
25130	15169
25131	15771
25132	15784
25133	15833
25134	33233
25135	15855
25136	15871
25137	15891
25138	15892
25139	15917
25140	8768
25141	15951
25142	15777
25143	15863
25144	3717
25145	16011
25146	16027
25147	14961
25148	16050
25149	16080
25150	16098
25151	16125
25152	16133
25153	16144
25154	16158
25155	16169
25156	15526
25157	16229
25158	14912
25159	16256
25160	16257
25161	13036
25162	12823
25163	16286
25164	16299
25165	16329
25166	15383
25167	13014
25168	16248
25169	16386
25170	16396
25171	16409
25172	16453
25173	16457
25174	14531
25175	16406
25176	16283
25177	15671
25178	16502
25179	16509
25180	16434
25181	508
25182	10715
25183	16552
25184	16500
25185	16308
25186	16275
25187	16443
25188	16486
25189	16674
25190	16686
25191	16700
25192	9532
25193	1011
25194	16724
25195	16663
25196	16750
25197	16732
25198	16746
25199	8533
25200	16810
25201	16819
25202	16856
25203	16854
25204	16864
25205	16867
25206	16860
25207	16893
25208	3307
25209	16828
25210	16556
25211	16939
25212	16923
25213	16979
25214	16982
25215	16693
25216	16981
25217	16783
25218	17030
25219	10678
25220	17058
25221	17071
25222	17070
25223	17099
25224	17101
25225	1463
25226	17105
25227	16544
25228	17150
25229	17162
25230	17172
25231	16206
25232	16668
25233	17206
25234	17216
25235	17235
25236	14899
25237	2009
25238	16325
25239	17248
25240	17291
25241	17292
25242	3231
25243	17286
25244	17306
25245	17228
25246	16376
25247	9637
25248	17151
25249	17375
25250	17390
25251	17396
25252	10379
25253	17409
25254	17430
25255	17431
25256	17433
25257	17439
25258	17440
25259	17513
25260	11557
25261	17525
25262	17486
25263	17242
25264	17652
25265	17676
25266	17716
25267	15792
25268	17751
25269	17778
25270	17818
25271	9230
25272	17834
25273	11066
25274	17863
25275	17876
25276	17910
25277	17004
25278	17922
25279	17139
25280	17780
25281	5069
25282	18027
25283	18025
25284	18085
25285	4358
25286	18174
25287	16175
25288	18207
25289	16072
25290	18284
25291	18288
25292	18312
25293	18320
25294	6968
25295	18382
25296	18209
25297	16019
25298	16582
25299	18392
25300	18491
25301	18547
25302	15765
25303	16931
25304	18682
25305	18692
25306	18649
25307	17524
25308	18714
25309	18722
25310	6489
25311	18732
25312	18736
25313	18756
25314	18759
25315	18762
25316	18716
25317	18796
25318	18760
25319	18819
25320	18842
25321	18852
25322	18888
25323	18902
25324	18924
25325	18988
25326	13133
25327	18933
25328	19027
25329	19115
25330	19162
25331	19170
25332	18841
25333	19204
25334	19237
25335	19244
25336	19257
25337	19267
25338	9039
25339	19260
25340	6446
25341	19364
25342	19368
25343	17829
25344	19390
25345	19398
25346	19404
25347	19438
25348	19370
25349	19441
25350	19507
25351	19522
25352	19460
25353	19528
25354	19532
25355	19539
25356	19561
25357	19613
25358	19619
25359	19645
25360	19682
25361	19702
25362	19731
25363	16660
25364	19750
25365	19753
25366	18528
25367	19776
25368	19792
25369	19812
25370	19822
25371	18926
25372	15803
25373	19906
25374	19912
25375	19945
25376	11712
25377	18457
25378	20012
25379	19568
25380	20027
25381	2955
25382	20061
25383	19424
25384	19930
25385	20261
25386	20102
25387	20105
25388	20109
25389	19087
25390	20116
25391	15164
25392	20143
25393	17943
25394	20081
25395	20173
25396	20178
25397	20177
25398	18413
25399	20252
25400	20272
25401	20089
25402	20290
25403	20332
25404	20337
25405	20341
25406	14377
25407	20228
25408	20373
25409	20411
25410	20415
25411	20420
25412	20423
25413	20454
25414	20010
25415	20468
25416	20490
25417	9504
25418	20566
25419	20598
25420	20607
25421	20638
25422	1434
25423	18656
25424	20664
25425	20683
25426	20697
25427	14830
25428	20702
25429	20734
25430	20766
25431	20895
25432	20870
25433	20924
25434	20967
25435	20974
25436	20957
25437	20985
25438	21058
25439	12979
25440	21097
25441	21087
25442	21063
25443	19402
25444	21118
25445	21123
25446	12827
25447	21159
25448	19743
25449	20731
25450	21260
25451	21292
25452	12836
25453	21307
25454	21312
25455	21331
25456	14103
25457	21362
25458	21386
25459	21392
25460	21383
25461	21403
25462	21416
25463	21428
25464	16747
25465	21483
25466	21520
25467	21519
25468	2340
25469	21597
25470	21623
25471	21626
25472	20302
25473	21644
25474	12902
25475	21673
25476	21694
25477	17712
25478	21660
25479	22771
25480	22789
25481	12772
25482	22832
25483	19798
25484	22894
25485	22912
25486	22772
25487	5007
25488	22956
25489	22995
25490	15487
25491	23031
25492	234
25493	20822
25494	23079
25495	23088
25496	23071
25497	19778
25498	23189
25499	23190
25500	23203
25501	23239
25502	23247
25503	23343
25504	23368
25505	23370
25506	14357
25507	23340
25508	11760
25509	23403
25510	18483
25511	23412
25512	23297
25513	8627
25514	23447
25515	23471
25516	23490
25517	23507
25518	23525
25519	23532
25520	23555
25521	23565
25522	20710
25523	23606
25524	21724
25525	23658
25526	17733
25527	23724
25528	23734
25529	7220
25530	17482
25531	23772
25532	23789
25533	23802
25534	23815
25535	23817
25536	1915
25537	20699
25538	23871
25539	23883
25540	711
25541	23850
25542	12907
25543	23940
25544	21434
25545	23997
25546	24005
25547	24021
25548	24031
25549	24049
25550	24052
25551	24053
25552	24062
25553	24074
25554	24075
25555	24091
25556	23780
25557	24100
25558	24104
25559	24114
25560	24132
25561	24133
25562	24148
25563	24185
25564	24160
25565	24210
25566	24222
25567	24230
25568	24234
25569	6264
25570	10132
25571	23969
25572	24294
25573	24289
25574	23678
25575	24269
25576	24323
25577	21516
25578	24351
25579	24340
25580	24360
25581	24362
25582	24367
25583	18238
25584	24424
25585	19384
25586	24454
25587	24459
25588	24434
25589	20993
25590	21367
25591	5967
25592	18257
25593	24526
25594	23559
25595	24564
25596	24569
25597	24577
25598	24582
25599	12513
25600	14435
25601	24581
25602	23859
25603	24765
25604	24770
25605	24425
25606	24692
25607	3374
25608	24871
25609	24878
25610	10381
25611	24889
25612	7755
25613	24898
25614	24759
25615	24906
25616	24283
25617	24936
25618	15179
25619	24999
25620	25004
25621	25026
25622	25081
25623	25099
25624	24671
25625	25181
25626	25227
25627	25229
25628	25231
25629	25242
25630	25254
25631	25255
25632	25257
25633	25304
25634	25309
25635	25329
25636	8108
25637	26343
25638	26372
25639	21287
25640	26386
25641	26396
25642	26427
25643	26429
25644	26435
25645	6641
25646	26452
25647	15049
25648	26551
25649	26556
25650	14040
25651	25296
25652	26490
25653	26717
25654	26735
25655	26744
25656	26595
25657	2335
25658	26817
25659	26830
25660	26809
25661	26844
25662	5045
25663	21471
25664	26912
25665	21194
25666	26956
25667	827
25668	26996
25669	26949
25670	2678
25671	27052
25672	19642
25673	27116
25674	27132
25675	20064
25676	3441
25677	27223
25678	26462
25679	27240
25680	27256
25681	27258
25682	27261
25683	27271
25684	27293
25685	27303
25686	27306
25687	27321
25688	27327
25689	27334
25690	24597
25691	6081
25692	27395
25693	27455
25694	15430
25695	2658
25696	19228
25697	18744
25698	27488
25699	27493
25700	27494
25701	27520
25702	27532
25703	27561
25704	27570
25705	27574
25706	27577
25707	4753
25708	27620
25709	27625
25710	27638
25711	23663
25712	27653
25713	27678
25714	27694
25715	27700
25716	27713
25717	27723
25718	27728
25719	27739
25720	27693
25721	27773
25722	27783
25723	7553
25724	27805
25725	27822
25726	27823
25727	27830
25728	27857
25729	27870
25730	27873
25731	27878
25732	27906
25733	27907
25734	17951
25735	24392
25736	6933
25737	28009
25738	27956
25739	28011
25740	27999
25741	27994
25742	28035
25743	28001
25744	28055
25745	28056
25746	28069
25747	28079
25748	26981
25749	28134
25750	4792
25751	21430
25752	28172
25753	28218
25754	28224
25755	27069
25756	28252
25757	28229
25758	28323
25759	28327
25760	28330
25761	28321
25762	23531
25763	28334
25764	28337
25765	24642
25766	28349
25767	28354
25768	27943
25769	28392
25770	28437
25771	28423
25772	28440
25773	28303
25774	28483
25775	28431
25776	28253
25777	28480
25778	28479
25779	28552
25780	24795
25781	28562
25782	9551
25783	19256
25784	28571
25785	28598
25786	28600
25787	28606
25788	28632
25789	28671
25790	28686
25791	28705
25792	28342
25793	10270
25794	28760
25795	28611
25796	28772
25797	28782
25798	28784
25799	28785
25800	28793
25801	28799
25802	28660
25803	28376
25804	6544
25805	28823
25806	28863
25807	1118
25808	28887
25809	28888
25810	28896
25811	8931
25812	11394
25813	28774
25814	28936
25815	29315
25816	28962
25817	28991
25818	28995
25819	28762
25820	28280
25821	16813
25822	23151
25823	29064
25824	6099
25825	29081
25826	29095
25827	29108
25828	29120
25829	29129
25830	29135
25831	29137
25832	29134
25833	29199
25834	28987
25835	23492
25836	29233
25837	647
25838	29272
25839	29334
25840	21179
25841	29361
25842	29363
25843	29370
25844	29373
25845	29101
25846	29389
25847	29391
25848	29383
25849	29427
25850	29422
25851	29463
25852	29489
25853	29485
25854	29621
25855	29650
25856	29673
25857	29676
25858	16876
25859	29729
25860	29742
25861	29746
25862	29748
25863	29031
25864	29754
25865	29732
25866	15081
25867	29771
25868	29777
25869	29816
25870	29818
25871	29795
25872	27172
25873	29848
25874	29856
25875	29805
25876	29913
25877	29905
25878	28873
25879	29931
25880	29942
25881	29952
25882	28374
25883	29962
25884	29991
25885	18311
25886	29999
25887	30063
25888	29963
25889	30083
25890	30144
25891	30160
25892	20333
25893	2822
25894	30204
25895	30217
25896	30211
25897	30221
25898	30283
25899	30299
25900	30306
25901	30314
25902	30224
25903	30413
25904	30416
25905	30494
25906	30267
25907	30597
25908	30651
25909	19071
25910	30661
25911	30669
25912	29773
25913	30700
25914	30721
25915	30753
25916	30806
25917	30868
25918	30876
25919	30852
25920	23069
25921	28401
25922	29581
25923	30932
25924	30936
25925	24722
25926	29515
25927	30972
25928	18258
25929	30982
25930	30991
25931	30997
25932	30350
25933	31006
25934	30996
25935	20245
25936	31068
25937	31071
25938	29226
25939	31077
25940	31085
25941	31101
25942	31135
25943	31153
25944	31174
25945	24822
25946	8784
25947	31223
25948	31260
25949	31278
25950	23511
25951	30946
25952	31187
25953	32364
25954	32379
25955	28064
25956	32444
25957	32465
25958	31028
25959	32520
25960	31230
25961	32580
25962	32602
25963	32546
25964	31315
25965	32683
25966	32689
25967	32704
25968	372
25969	32721
25970	5585
25971	32732
25972	4400
25973	19373
25974	27121
25975	4651
25976	32899
25977	32912
25978	32898
25979	33002
25980	33011
25981	32936
25982	33092
25983	33176
25984	33187
25985	33144
25986	33208
25987	33272
25988	24558
25989	27851
25990	33295
25991	33286
25992	33299
25993	23901
25994	33404
25995	33034
25996	35
25997	42
25998	74
25999	57
26000	79
26001	54
26002	112
26003	120
26004	123
26005	140
26006	167
26007	161
26008	254
26009	285
26010	313
26011	327
26012	331
26013	32
26014	343
26015	351
26016	352
26017	366
26018	374
26019	378
26020	369
26021	391
26022	401
26023	261
26024	410
26025	278
26026	424
26027	426
26028	430
26029	434
26030	442
26031	443
26032	463
26033	465
26034	488
26035	499
26036	509
26037	534
26038	398
26039	537
26040	539
26041	557
26042	558
26043	566
26044	571
26045	43
26046	580
26047	590
26048	29
26049	610
26050	613
26051	630
26052	642
26053	645
26054	672
26055	94
26056	706
26057	715
26058	739
26059	742
26060	752
26061	755
26062	762
26063	781
26064	819
26065	824
26066	825
26067	844
26068	850
26069	858
26070	860
26071	863
26072	865
26073	866
26074	870
26075	871
26076	874
26077	889
26078	891
26079	903
26080	904
26081	896
26082	931
26083	941
26084	932
26085	948
26086	959
26087	971
26088	746
26089	985
26090	986
26091	991
26092	1000
26093	318
26094	1012
26095	1028
26096	1029
26097	1033
26098	1036
26099	1040
26100	1048
26101	1054
26102	1063
26103	1067
26104	1084
26105	1092
26106	1109
26107	1110
26108	1134
26109	1114
26110	622
26111	1140
26112	1149
26113	1154
26114	1155
26115	1156
26116	1160
26117	1165
26118	1167
26119	1175
26120	1177
26121	1178
26122	1179
26123	1185
26124	1186
26125	1189
26126	1210
26127	1216
26128	1217
26129	1236
26130	1238
26131	1243
26132	1246
26133	1253
26134	1258
26135	1262
26136	1215
26137	1278
26138	1285
26139	1286
26140	1291
26141	1299
26142	1302
26143	1303
26144	1311
26145	1318
26146	1314
26147	1317
26148	1336
26149	1351
26150	1362
26151	1369
26152	1375
26153	1377
26154	1387
26155	1388
26156	1391
26157	1400
26158	1405
26159	1411
26160	1413
26161	1420
26162	1338
26163	1430
26164	823
26165	1431
26166	1436
26167	1437
26168	1438
26169	1440
26170	1407
26171	1467
26172	1466
26173	1423
26174	1475
26175	1486
26176	1487
26177	1489
26178	1491
26179	1301
26180	1503
26181	1510
26182	1526
26183	1536
26184	1539
26185	1548
26186	1552
26187	1559
26188	1564
26189	1416
26190	1571
26191	1573
26192	1574
26193	1576
26194	1578
26195	1581
26196	1585
26197	1598
26198	1616
26199	1630
26200	1636
26201	1641
26202	1609
26203	1654
26204	1659
26205	1664
26206	303
26207	1691
26208	1700
26209	1715
26210	1721
26211	1729
26212	1731
26213	1735
26214	1736
26215	1738
26216	1741
26217	1748
26218	1749
26219	1754
26220	1755
26221	1767
26222	1771
26223	1584
26224	1775
26225	1786
26226	1790
26227	1791
26228	1792
26229	1793
26230	1794
26231	1799
26232	1813
26233	1816
26234	1823
26235	1825
26236	1838
26237	1840
26238	1849
26239	1856
26240	602
26241	1860
26242	906
26243	1868
26244	1870
26245	908
26246	1885
26247	1888
26248	1890
26249	1894
26250	1895
26251	1898
26252	1228
26253	1925
26254	21
26255	1932
26256	1957
26257	1958
26258	1963
26259	1964
26260	1965
26261	1866
26262	1966
26263	1980
26264	1984
26265	1316
26266	1989
26267	1995
26268	1997
26269	2012
26270	2016
26271	1070
26272	2017
26273	2020
26274	2024
26275	2028
26276	2036
26277	2053
26278	2060
26279	2064
26280	446
26281	2074
26282	2075
26283	2080
26284	2084
26285	2076
26286	2093
26287	2095
26288	2100
26289	2102
26290	2114
26291	2122
26292	2130
26293	2132
26294	2133
26295	2136
26296	2140
26297	2146
26298	307
26299	2091
26300	2157
26301	2162
26302	2163
26303	2165
26304	2170
26305	2171
26306	2177
26307	1996
26308	2150
26309	2183
26310	2186
26311	2202
26312	2206
26313	2215
26314	2218
26315	2230
26316	2231
26317	2233
26318	2240
26319	2244
26320	2248
26321	2267
26322	2280
26323	2294
26324	2296
26325	2327
26326	2331
26327	2341
26328	2344
26329	2353
26330	2360
26331	1613
26332	2398
26333	2399
26334	2405
26335	2211
26336	2410
26337	2411
26338	831
26339	2419
26340	2433
26341	2456
26342	2460
26343	2461
26344	2465
26345	2468
26346	2474
26347	2476
26348	2478
26349	2483
26350	2484
26351	2486
26352	2491
26353	2494
26354	2498
26355	2503
26356	2509
26357	2510
26358	2518
26359	2521
26360	2523
26361	2525
26362	2528
26363	2535
26364	2539
26365	2548
26366	2555
26367	2563
26368	2569
26369	2571
26370	2572
26371	2577
26372	2583
26373	2437
26374	1663
26375	2599
26376	2614
26377	2618
26378	2619
26379	2617
26380	2625
26381	2628
26382	2643
26383	2644
26384	2648
26385	2652
26386	2666
26387	295
26388	2665
26389	2680
26390	2693
26391	2695
26392	2705
26393	2708
26394	2303
26395	2727
26396	2730
26397	2734
26398	2740
26399	2738
26400	2736
26401	2749
26402	2758
26403	2762
26404	2765
26405	2766
26406	2773
26407	2777
26408	2778
26409	2788
26410	2799
26411	2804
26412	2812
26413	2816
26414	2821
26415	2823
26416	2825
26417	2844
26418	2689
26419	2851
26420	444
26421	2876
26422	2877
26423	2878
26424	2882
26425	2888
26426	2891
26427	2892
26428	2893
26429	2895
26430	2897
26431	2901
26432	2914
26433	2924
26434	2925
26435	2928
26436	2929
26437	2936
26438	1451
26439	2919
26440	2945
26441	2948
26442	2949
26443	2953
26444	2958
26445	2960
26446	2940
26447	2967
26448	2228
26449	2971
26450	2972
26451	2973
26452	2977
26453	2997
26454	3004
26455	3011
26456	1181
26457	3026
26458	3029
26459	3036
26460	2120
26461	3052
26462	104
26463	3060
26464	3063
26465	3013
26466	3073
26467	3074
26468	3077
26469	3080
26470	300
26471	3091
26472	3081
26473	3095
26474	3105
26475	3112
26476	3134
26477	3136
26478	3150
26479	3153
26480	3166
26481	3174
26482	3181
26483	3205
26484	3059
26485	3226
26486	3233
26487	3245
26488	3068
26489	3258
26490	3260
26491	3251
26492	2883
26493	3283
26494	3290
26495	2994
26496	3309
26497	3311
26498	3316
26499	3324
26500	3329
26501	3332
26502	3334
26503	3336
26504	3573
26505	3337
26506	3346
26507	1330
26508	3364
26509	3372
26510	3376
26511	3378
26512	1683
26513	3317
26514	3400
26515	3404
26516	3412
26517	3416
26518	3417
26519	3269
26520	3425
26521	3430
26522	3432
26523	3435
26524	3443
26525	3418
26526	3448
26527	3454
26528	3468
26529	3470
26530	3471
26531	3476
26532	3489
26533	3491
26534	3494
26535	3496
26536	3502
26537	3507
26538	3508
26539	3511
26540	3518
26541	3519
26542	3522
26543	3538
26544	3540
26545	3541
26546	3561
26547	3565
26548	3575
26549	3577
26550	3579
26551	3581
26552	3582
26553	597
26554	3591
26555	3594
26556	3599
26557	3602
26558	3605
26559	3609
26560	3610
26561	3620
26562	3627
26563	3629
26564	3637
26565	3640
26566	3644
26567	3645
26568	3664
26569	3683
26570	3696
26571	3699
26572	3704
26573	3709
26574	3734
26575	3740
26576	3741
26577	3745
26578	3757
26579	3748
26580	3751
26581	3755
26582	3756
26583	3762
26584	3781
26585	3794
26586	3797
26587	3798
26588	1422
26589	3806
26590	3807
26591	3811
26592	3814
26593	3817
26594	3838
26595	3848
26596	3854
26597	3858
26598	3842
26599	3859
26600	3873
26601	3510
26602	3891
26603	3894
26604	3896
26605	3898
26606	3899
26607	3903
26608	3922
26609	3924
26610	14
26611	3929
26612	3934
26613	3942
26614	3952
26615	3956
26616	3914
26617	3179
26618	3981
26619	3989
26620	3270
26621	3992
26622	3997
26623	3998
26624	4010
26625	4011
26626	4016
26627	4018
26628	4040
26629	4041
26630	4043
26631	3832
26632	4042
26633	4049
26634	4069
26635	4071
26636	4085
26637	4088
26638	4092
26639	4095
26640	4101
26641	4110
26642	4112
26643	4117
26644	4120
26645	4121
26646	4123
26647	4142
26648	4084
26649	4152
26650	4157
26651	4162
26652	4168
26653	4182
26654	4201
26655	4186
26656	4209
26657	4214
26658	4218
26659	4245
26660	4251
26661	4256
26662	4264
26663	4271
26664	4273
26665	4281
26666	4284
26667	4294
26668	4300
26669	4303
26670	4304
26671	4310
26672	4301
26673	4005
26674	4318
26675	4325
26676	4331
26677	4333
26678	3113
26679	648
26680	4346
26681	4410
26682	2169
26683	4356
26684	252
26685	4361
26686	4362
26687	4368
26688	4389
26689	4390
26690	4302
26691	738
26692	4405
26693	4388
26694	4416
26695	4418
26696	4419
26697	4424
26698	4442
26699	4444
26700	4443
26701	4452
26702	4454
26703	4466
26704	4467
26705	4480
26706	4484
26707	4490
26708	4496
26709	2260
26710	4503
26711	6915
26712	4504
26713	1606
26714	4526
26715	4494
26716	4532
26717	4439
26718	4543
26719	4552
26720	4564
26721	4566
26722	4569
26723	3703
26724	4573
26725	3390
26726	4612
26727	3284
26728	4629
26729	4648
26730	4655
26731	4659
26732	4671
26733	4678
26734	4694
26735	4714
26736	4725
26737	4726
26738	4728
26739	4735
26740	4737
26741	4752
26742	4755
26743	4768
26744	4785
26745	4790
26746	4796
26747	4798
26748	4805
26749	4776
26750	4819
26751	4844
26752	4845
26753	4853
26754	4856
26755	4857
26756	4868
26757	4871
26758	4872
26759	4246
26760	4878
26761	4882
26762	4885
26763	4891
26764	4912
26765	4913
26766	3003
26767	4929
26768	4935
26769	4937
26770	4942
26771	4940
26772	4955
26773	4958
26774	4977
26775	4979
26776	4980
26777	4986
26778	4990
26779	5028
26780	5029
26781	5036
26782	5037
26783	5062
26784	5073
26785	5063
26786	5100
26787	5103
26788	280
26789	4676
26790	5126
26791	5132
26792	5133
26793	5096
26794	1363
26795	5146
26796	5147
26797	5149
26798	5153
26799	5159
26800	5161
26801	5163
26802	5169
26803	5179
26804	5183
26805	414
26806	5191
26807	5099
26808	5193
26809	5196
26810	5200
26811	5203
26812	5218
26813	3335
26814	5244
26815	5251
26816	4846
26817	5257
26818	5283
26819	5282
26820	5294
26821	5299
26822	5300
26823	5329
26824	4775
26825	5303
26826	5308
26827	5312
26828	4706
26829	1660
26830	5324
26831	5325
26832	5323
26833	5331
26834	5328
26835	5340
26836	4334
26837	5354
26838	4681
26839	5359
26840	5360
26841	5310
26842	5378
26843	5380
26844	5388
26845	5391
26846	5392
26847	5398
26848	3037
26849	5402
26850	5412
26851	4916
26852	5419
26853	5433
26854	5443
26855	2040
26856	5452
26857	5260
26858	5461
26859	5479
26860	5484
26861	5499
26862	5503
26863	5536
26864	5572
26865	5410
26866	5582
26867	2841
26868	4382
26869	5533
26870	5624
26871	5632
26872	5612
26873	5641
26874	5659
26875	5666
26876	5669
26877	5674
26878	5434
26879	202
26880	5697
26881	5700
26882	5053
26883	5715
26884	5720
26885	5540
26886	3966
26887	5742
26888	5745
26889	5755
26890	5771
26891	5775
26892	5780
26893	5781
26894	5785
26895	5799
26896	5807
26897	5808
26898	5818
26899	5822
26900	5824
26901	5834
26902	5850
26903	5855
26904	5860
26905	5862
26906	5866
26907	5867
26908	5874
26909	5877
26910	5883
26911	5885
26912	5886
26913	5891
26914	5858
26915	5906
26916	5916
26917	5922
26918	5925
26919	5931
26920	3746
26921	5941
26922	5947
26923	5983
26924	5987
26925	3837
26926	6014
26927	6037
26928	6038
26929	6039
26930	6053
26931	6056
26932	6061
26933	6047
26934	6076
26935	6121
26936	6084
26937	5980
26938	6104
26939	6107
26940	6114
26941	6054
26942	5355
26943	6185
26944	6188
26945	6201
26946	6206
26947	6209
26948	6211
26949	6217
26950	5783
26951	6225
26952	6227
26953	6234
26954	6233
26955	6236
26956	6026
26957	6250
26958	6257
26959	6258
26960	6262
26961	5372
26962	6291
26963	6297
26964	5097
26965	5924
26966	6316
26967	6319
26968	6308
26969	6342
26970	6351
26971	6360
26972	6367
26973	6373
26974	6374
26975	6393
26976	6396
26977	934
26978	6401
26979	6405
26980	6410
26981	6412
26982	6424
26983	6430
26984	6441
26985	6477
26986	1879
26987	6453
26988	6458
26989	6459
26990	6456
26991	6462
26992	6464
26993	6470
26994	6486
26995	6493
26996	6492
26997	6507
26998	6512
26999	6515
27000	6517
27001	6518
27002	6520
27003	6510
27004	6522
27005	6535
27006	6538
27007	6540
27008	6547
27009	6557
27010	6569
27011	6578
27012	6579
27013	6582
27014	6585
27015	6278
27016	6605
27017	6611
27018	6614
27019	6564
27020	6617
27021	6627
27022	6571
27023	6631
27024	6638
27025	6640
27026	6632
27027	6654
27028	6655
27029	6659
27030	6660
27031	6672
27032	6675
27033	6422
27034	6686
27035	6688
27036	6697
27037	6701
27038	6093
27039	6590
27040	6709
27041	6715
27042	6716
27043	3685
27044	6652
27045	6770
27046	6771
27047	6775
27048	6780
27049	6806
27050	6815
27051	6827
27052	2982
27053	6832
27054	6849
27055	6854
27056	6861
27057	6267
27058	6880
27059	6887
27060	6892
27061	6897
27062	6899
27063	6902
27064	6904
27065	6085
27066	6914
27067	6889
27068	6940
27069	6945
27070	6955
27071	6969
27072	6971
27073	6978
27074	6987
27075	6989
27076	6991
27077	6994
27078	6995
27079	7011
27080	7013
27081	6649
27082	7034
27083	7035
27084	7041
27085	7045
27086	7047
27087	7059
27088	6120
27089	7081
27090	7086
27091	7094
27092	7096
27093	7102
27094	7106
27095	7116
27096	7119
27097	7121
27098	7032
27099	7142
27100	7149
27101	7055
27102	7092
27103	7152
27104	7156
27105	7158
27106	7160
27107	7163
27108	7167
27109	7168
27110	7169
27111	7175
27112	7179
27113	7188
27114	7205
27115	7214
27116	7216
27117	7223
27118	7231
27119	7233
27120	7235
27121	7241
27122	7246
27123	7249
27124	7261
27125	7264
27126	3603
27127	7269
27128	7272
27129	7277
27130	7283
27131	7285
27132	5953
27133	7295
27134	7297
27135	7298
27136	7301
27137	7284
27138	7302
27139	7314
27140	7317
27141	7342
27142	7346
27143	7356
27144	7358
27145	7360
27146	7373
27147	7380
27148	3252
27149	7392
27150	7395
27151	7412
27152	4984
27153	7443
27154	7451
27155	7466
27156	7467
27157	7478
27158	7481
27159	7492
27160	7494
27161	7500
27162	7504
27163	7476
27164	7506
27165	2801
27166	7517
27167	7519
27168	7520
27169	7527
27170	7531
27171	7538
27172	7542
27173	7545
27174	7555
27175	7557
27176	7547
27177	7560
27178	7548
27179	7579
27180	7201
27181	7591
27182	7593
27183	7596
27184	7602
27185	7633
27186	7638
27187	4670
27188	7642
27189	7646
27190	7648
27191	7652
27192	7344
27193	7658
27194	7660
27195	7663
27196	7664
27197	5065
27198	7672
27199	7674
27200	6996
27201	7686
27202	7693
27203	7698
27204	7710
27205	7712
27206	7714
27207	7726
27208	7727
27209	7687
27210	7757
27211	7761
27212	7676
27213	7781
27214	7783
27215	7767
27216	4780
27217	7803
27218	7805
27219	7785
27220	7821
27221	7827
27222	7828
27223	3608
27224	7845
27225	7847
27226	7850
27227	4839
27228	7862
27229	7865
27230	7869
27231	7873
27232	7883
27233	7887
27234	7892
27235	7898
27236	7907
27237	7922
27238	7947
27239	7953
27240	7954
27241	7957
27242	7960
27243	7972
27244	7975
27245	7978
27246	7979
27247	7985
27248	7993
27249	7994
27250	7372
27251	7998
27252	8004
27253	8014
27254	8015
27255	8029
27256	7950
27257	8048
27258	8066
27259	8071
27260	8068
27261	8079
27262	8089
27263	8091
27264	5948
27265	8097
27266	8102
27267	8113
27268	8120
27269	8121
27270	8128
27271	8130
27272	8131
27273	8146
27274	8151
27275	1500
27276	8164
27277	8171
27278	8178
27279	8180
27280	8182
27281	8198
27282	8200
27283	8226
27284	8227
27285	8241
27286	8244
27287	8249
27288	8251
27289	8262
27290	8266
27291	8277
27292	8286
27293	8293
27294	8294
27295	7162
27296	8302
27297	8306
27298	6624
27299	8313
27300	8315
27301	8316
27302	8325
27303	8328
27304	8329
27305	8330
27306	8327
27307	8338
27308	8341
27309	1693
27310	8349
27311	8356
27312	8359
27313	8361
27314	8371
27315	8375
27316	8392
27317	8395
27318	8398
27319	8420
27320	8428
27321	8431
27322	8433
27323	8434
27324	7760
27325	8441
27326	8445
27327	8450
27328	8461
27329	5033
27330	8490
27331	8494
27332	8496
27333	8497
27334	8498
27335	7129
27336	8505
27337	8506
27338	5607
27339	8537
27340	8538
27341	8554
27342	8563
27343	8568
27344	8570
27345	7802
27346	8581
27347	8587
27348	8592
27349	8594
27350	8605
27351	8607
27352	8615
27353	8621
27354	8623
27355	8625
27356	8626
27357	8629
27358	8644
27359	8645
27360	8651
27361	8659
27362	8664
27363	8672
27364	8674
27365	8676
27366	8678
27367	8682
27368	8689
27369	8691
27370	8700
27371	8705
27372	8713
27373	8721
27374	8726
27375	8727
27376	8734
27377	5871
27378	8736
27379	8740
27380	8745
27381	8751
27382	8763
27383	8766
27384	6553
27385	8781
27386	8782
27387	8783
27388	8786
27389	8789
27390	8785
27391	8802
27392	8803
27393	8805
27394	8812
27395	8822
27396	7124
27397	8168
27398	6682
27399	8839
27400	8852
27401	8832
27402	8865
27403	8875
27404	8881
27405	8885
27406	8888
27407	8891
27408	8894
27409	8900
27410	8912
27411	8031
27412	8936
27413	8939
27414	8951
27415	8911
27416	8952
27417	8961
27418	8968
27419	8973
27420	8974
27421	8979
27422	8980
27423	8986
27424	8990
27425	8994
27426	8997
27427	8998
27428	9002
27429	2077
27430	9026
27431	9027
27432	9038
27433	9049
27434	9061
27435	9064
27436	9065
27437	9066
27438	9070
27439	9068
27440	9080
27441	9086
27442	9089
27443	9090
27444	9104
27445	9114
27446	9125
27447	9130
27448	9131
27449	9134
27450	9135
27451	9136
27452	9140
27453	9145
27454	9149
27455	8855
27456	9159
27457	9175
27458	9176
27459	2022
27460	9181
27461	9183
27462	9187
27463	9194
27464	9203
27465	9211
27466	9215
27467	9218
27468	9220
27469	9221
27470	9222
27471	9231
27472	9237
27473	9233
27474	9242
27475	9243
27476	9244
27477	9247
27478	9254
27479	9255
27480	7777
27481	9259
27482	8437
27483	9295
27484	9314
27485	9321
27486	9322
27487	9324
27488	9318
27489	9294
27490	9337
27491	9341
27492	9360
27493	9362
27494	9364
27495	9375
27496	7460
27497	9381
27498	7273
27499	9396
27500	9403
27501	9405
27502	9420
27503	9425
27504	9432
27505	9436
27506	9438
27507	9441
27508	1611
27509	9468
27510	9470
27511	9474
27512	9475
27513	9476
27514	9478
27515	9480
27516	9446
27517	9498
27518	9507
27519	6505
27520	9511
27521	9516
27522	9508
27523	9522
27524	8972
27525	9528
27526	9529
27527	9534
27528	9535
27529	9542
27530	9546
27531	9552
27532	8831
27533	9311
27534	9555
27535	9556
27536	9561
27537	9566
27538	8944
27539	9572
27540	9575
27541	9585
27542	4314
27543	9583
27544	8827
27545	9595
27546	9599
27547	8941
27548	3486
27549	7926
27550	7057
27551	9605
27552	9602
27553	9619
27554	4985
27555	9632
27556	9633
27557	9639
27558	9640
27559	9643
27560	9644
27561	9645
27562	9655
27563	9660
27564	9664
27565	9666
27566	9674
27567	9683
27568	9690
27569	9696
27570	9697
27571	9700
27572	9714
27573	9721
27574	9726
27575	9740
27576	9742
27577	8851
27578	9755
27579	9780
27580	9694
27581	9784
27582	9791
27583	9794
27584	9808
27585	9809
27586	9817
27587	9822
27588	1558
27589	9831
27590	9837
27591	9839
27592	9847
27593	9850
27594	9856
27595	9857
27596	1287
27597	6885
27598	9860
27599	9875
27600	9879
27601	9893
27602	9670
27603	9900
27604	9912
27605	9922
27606	9325
27607	9925
27608	9927
27609	9929
27610	9965
27611	9975
27612	9982
27613	9991
27614	9993
27615	10000
27616	10006
27617	10012
27618	10021
27619	7655
27620	9732
27621	10033
27622	10036
27623	10040
27624	7879
27625	10057
27626	10071
27627	10078
27628	10080
27629	8826
27630	8165
27631	10086
27632	10097
27633	10098
27634	10100
27635	10108
27636	4411
27637	10113
27638	10116
27639	10124
27640	8686
27641	10126
27642	10139
27643	8835
27644	10149
27645	1940
27646	10159
27647	10169
27648	10154
27649	10179
27650	10182
27651	10214
27652	7745
27653	10221
27654	10225
27655	10226
27656	9832
27657	10237
27658	4002
27659	10236
27660	10241
27661	10242
27662	10247
27663	10249
27664	8540
27665	10251
27666	10253
27667	10259
27668	10261
27669	10264
27670	10268
27671	10277
27672	10280
27673	9331
27674	10282
27675	5770
27676	10297
27677	10302
27678	10304
27679	10311
27680	10319
27681	10325
27682	10328
27683	10330
27684	10348
27685	10342
27686	10359
27687	10366
27688	10368
27689	10362
27690	10373
27691	10374
27692	10390
27693	10401
27694	10406
27695	10413
27696	10416
27697	10421
27698	5825
27699	10433
27700	10438
27701	10441
27702	10457
27703	10463
27704	10470
27705	10480
27706	10482
27707	10483
27708	10485
27709	10489
27710	10512
27711	10517
27712	10521
27713	10522
27714	10524
27715	10527
27716	10539
27717	10534
27718	10540
27719	10548
27720	10552
27721	10559
27722	10574
27723	4781
27724	10583
27725	10127
27726	7503
27727	10591
27728	10597
27729	10598
27730	10600
27731	10608
27732	10616
27733	10617
27734	10619
27735	10622
27736	10624
27737	10633
27738	10632
27739	10533
27740	10468
27741	10630
27742	10641
27743	10643
27744	10668
27745	10670
27746	10672
27747	10688
27748	10614
27749	10184
27750	10709
27751	10692
27752	10720
27753	10725
27754	10734
27755	10736
27756	10740
27757	10741
27758	10765
27759	10759
27760	10772
27761	10766
27762	10780
27763	10781
27764	10796
27765	10805
27766	10810
27767	10811
27768	10814
27769	10816
27770	10828
27771	10845
27772	1864
27773	10863
27774	10865
27775	10870
27776	10880
27777	10882
27778	10825
27779	10885
27780	10894
27781	10897
27782	6844
27783	10905
27784	12810
27785	10920
27786	10923
27787	2054
27788	10938
27789	10939
27790	10940
27791	10948
27792	10956
27793	10960
27794	10963
27795	10964
27796	10635
27797	10969
27798	5848
27799	10977
27800	10988
27801	10996
27802	10997
27803	11000
27804	11006
27805	11012
27806	11013
27807	11018
27808	11025
27809	11036
27810	11039
27811	11048
27812	11053
27813	11064
27814	11063
27815	11072
27816	11075
27817	4180
27818	11080
27819	21120
27820	11087
27821	11092
27822	11095
27823	11110
27824	11111
27825	11112
27826	8733
27827	11116
27828	11119
27829	11123
27830	11137
27831	11147
27832	11171
27833	11173
27834	11181
27835	11188
27836	11189
27837	11190
27838	11193
27839	11192
27840	11195
27841	11203
27842	11212
27843	11211
27844	11215
27845	7625
27846	9603
27847	11228
27848	11230
27849	11243
27850	11244
27851	11248
27852	11250
27853	9142
27854	11252
27855	11262
27856	11265
27857	11276
27858	11277
27859	11287
27860	11296
27861	11299
27862	11302
27863	11318
27864	11320
27865	11321
27866	11323
27867	11324
27868	3487
27869	11338
27870	11341
27871	11241
27872	11345
27873	11362
27874	9679
27875	11368
27876	11369
27877	11375
27878	11377
27879	11380
27880	11382
27881	11383
27882	11388
27883	11389
27884	11361
27885	11393
27886	11402
27887	11405
27888	11410
27889	11413
27890	11414
27891	11416
27892	8261
27893	11421
27894	11443
27895	11449
27896	11451
27897	11458
27898	11459
27899	11460
27900	11466
27901	11470
27902	11477
27903	11498
27904	10454
27905	11503
27906	11504
27907	11505
27908	11506
27909	1248
27910	11516
27911	11517
27912	11520
27913	11523
27914	11527
27915	11529
27916	11530
27917	11531
27918	11538
27919	11540
27920	11288
27921	11555
27922	11561
27923	2181
27924	11563
27925	11583
27926	11586
27927	11605
27928	2829
27929	11615
27930	11618
27931	11626
27932	11633
27933	11634
27934	11637
27935	11639
27936	11653
27937	11674
27938	8432
27939	11690
27940	11700
27941	11703
27942	11697
27943	11713
27944	11714
27945	11698
27946	11723
27947	11732
27948	11733
27949	11743
27950	11753
27951	11758
27952	11761
27953	11767
27954	11771
27955	11787
27956	11789
27957	11794
27958	11795
27959	11797
27960	11807
27961	11809
27962	3793
27963	6866
27964	11812
27965	11825
27966	11826
27967	11578
27968	11837
27969	11838
27970	11842
27971	11846
27972	11943
27973	11855
27974	11856
27975	11858
27976	11859
27977	11865
27978	11579
27979	11880
27980	11890
27981	11893
27982	11897
27983	11899
27984	11922
27985	11925
27986	11930
27987	11933
27988	11941
27989	11953
27990	11954
27991	11963
27992	11969
27993	11975
27994	11974
27995	11979
27996	11802
27997	11987
27998	11991
27999	2737
28000	11998
28001	12002
28002	12005
28003	12007
28004	12011
28005	12014
28006	12021
28007	12026
28008	12030
28009	12045
28010	12042
28011	12046
28012	12057
28013	12065
28014	12072
28015	12075
28016	12079
28017	12091
28018	12095
28019	11352
28020	12107
28021	12108
28022	12110
28023	12114
28024	12119
28025	12137
28026	11435
28027	12081
28028	12155
28029	12163
28030	12165
28031	12186
28032	12189
28033	12190
28034	11378
28035	12201
28036	12203
28037	12208
28038	12213
28039	12218
28040	12221
28041	12223
28042	7113
28043	12234
28044	12248
28045	12250
28046	12257
28047	12225
28048	12274
28049	12276
28050	12281
28051	12289
28052	11619
28053	12295
28054	12302
28055	12303
28056	12304
28057	12311
28058	12300
28059	12217
28060	12317
28061	12330
28062	12339
28063	12341
28064	12344
28065	12029
28066	12356
28067	12359
28068	11721
28069	12367
28070	12371
28071	12376
28072	12377
28073	12382
28074	6266
28075	12386
28076	12392
28077	12319
28078	12398
28079	12407
28080	12409
28081	12385
28082	12411
28083	12414
28084	12415
28085	12416
28086	12418
28087	12425
28088	12428
28089	10930
28090	12430
28091	12436
28092	12438
28093	12343
28094	12446
28095	12445
28096	12450
28097	12457
28098	12431
28099	12465
28100	12467
28101	12471
28102	12474
28103	12475
28104	11266
28105	12487
28106	12491
28107	12497
28108	12500
28109	12507
28110	12499
28111	11187
28112	12517
28113	12525
28114	12532
28115	12533
28116	12536
28117	12558
28118	12564
28119	12568
28120	9747
28121	12595
28122	12604
28123	7935
28124	12615
28125	12264
28126	12619
28127	12629
28128	12633
28129	12649
28130	12650
28131	12651
28132	12657
28133	8590
28134	12660
28135	12663
28136	12592
28137	4282
28138	12105
28139	12689
28140	12687
28141	12703
28142	12705
28143	12713
28144	12717
28145	12719
28146	12730
28147	12737
28148	12740
28149	12413
28150	12580
28151	12770
28152	12771
28153	12776
28154	12782
28155	12783
28156	12748
28157	12805
28158	12820
28159	12813
28160	11602
28161	12821
28162	12826
28163	12830
28164	12834
28165	12837
28166	12842
28167	12843
28168	12845
28169	12849
28170	12321
28171	12867
28172	12873
28173	12874
28174	12876
28175	12877
28176	12881
28177	9186
28178	12882
28179	5930
28180	12494
28181	12885
28182	12890
28183	12895
28184	12919
28185	12927
28186	7006
28187	12931
28188	12934
28189	12936
28190	12937
28191	12939
28192	12940
28193	12945
28194	12956
28195	12959
28196	12964
28197	12970
28198	12971
28199	12974
28200	12977
28201	12983
28202	13005
28203	13008
28204	12539
28205	11335
28206	13015
28207	13016
28208	13032
28209	13055
28210	13035
28211	13061
28212	13062
28213	13064
28214	13071
28215	13072
28216	13075
28217	13080
28218	13086
28219	13087
28220	13097
28221	13109
28222	13108
28223	13122
28224	13123
28225	12808
28226	13135
28227	13136
28228	13139
28229	13158
28230	13161
28231	3777
28232	13179
28233	13185
28234	13188
28235	13198
28236	12410
28237	13218
28238	13235
28239	13240
28240	13244
28241	13246
28242	13256
28243	13259
28244	13266
28245	13276
28246	13280
28247	13278
28248	13290
28249	13291
28250	13302
28251	13304
28252	13308
28253	9398
28254	13312
28255	13317
28256	13323
28257	8415
28258	13338
28259	13340
28260	13347
28261	11717
28262	13357
28263	13368
28264	11623
28265	13374
28266	8750
28267	13389
28268	13390
28269	11194
28270	13405
28271	13407
28272	13411
28273	13412
28274	13417
28275	13418
28276	13424
28277	13431
28278	13433
28279	13437
28280	5892
28281	13444
28282	13446
28283	13448
28284	13447
28285	13451
28286	13453
28287	13455
28288	13157
28289	9540
28290	13461
28291	13462
28292	13478
28293	13481
28294	13484
28295	13485
28296	13488
28297	13492
28298	13053
28299	13531
28300	12523
28301	10099
28302	13533
28303	13534
28304	13536
28305	13535
28306	13540
28307	13559
28308	13569
28309	13199
28310	6566
28311	13587
28312	13590
28313	13588
28314	13604
28315	13607
28316	13610
28317	13611
28318	13360
28319	13617
28320	13620
28321	13626
28322	13635
28323	13636
28324	13637
28325	13640
28326	13645
28327	13651
28328	13659
28329	13664
28330	13679
28331	13682
28332	4800
28333	13691
28334	13698
28335	13700
28336	13712
28337	13714
28338	13717
28339	13724
28340	11980
28341	13727
28342	13732
28343	13741
28344	13747
28345	13755
28346	13759
28347	13762
28348	13764
28349	13776
28350	13779
28351	13793
28352	13796
28353	13802
28354	13576
28355	7287
28356	13811
28357	13816
28358	13823
28359	13822
28360	13830
28361	13831
28362	5794
28363	5797
28364	13844
28365	13487
28366	13848
28367	13860
28368	13867
28369	13871
28370	4406
28371	13919
28372	8960
28373	13985
28374	13797
28375	14026
28376	14036
28377	14043
28378	14046
28379	13974
28380	14067
28381	14072
28382	14075
28383	7200
28384	14099
28385	14100
28386	14104
28387	14108
28388	14110
28389	14115
28390	13058
28391	14135
28392	14137
28393	14138
28394	13632
28395	14143
28396	14142
28397	13646
28398	14153
28399	14155
28400	14158
28401	14161
28402	14163
28403	14168
28404	14169
28405	14170
28406	13790
28407	14182
28408	13336
28409	14193
28410	14196
28411	14157
28412	14204
28413	14207
28414	14208
28415	14216
28416	14227
28417	14101
28418	14181
28419	14250
28420	14258
28421	14269
28422	14271
28423	14283
28424	14291
28425	14292
28426	14293
28427	14294
28428	14301
28429	14305
28430	14313
28431	14322
28432	14323
28433	14327
28434	14321
28435	12819
28436	14332
28437	14337
28438	14341
28439	14344
28440	14349
28441	14351
28442	14353
28443	14350
28444	14355
28445	14359
28446	11676
28447	14380
28448	14382
28449	14383
28450	14384
28451	14388
28452	14387
28453	14389
28454	14395
28455	14399
28456	14397
28457	14400
28458	14235
28459	14414
28460	13372
28461	14431
28462	14454
28463	14463
28464	14465
28465	12609
28466	14472
28467	14495
28468	14501
28469	14511
28470	14514
28471	14518
28472	14523
28473	14525
28474	14526
28475	14527
28476	14529
28477	14534
28478	14540
28479	14544
28480	14542
28481	14547
28482	14549
28483	14554
28484	12220
28485	14536
28486	14562
28487	14568
28488	14572
28489	14577
28490	14581
28491	14592
28492	14594
28493	14601
28494	14606
28495	14607
28496	14622
28497	14625
28498	14627
28499	14628
28500	289
28501	5362
28502	14632
28503	14634
28504	14379
28505	14642
28506	14647
28507	8529
28508	14654
28509	14658
28510	14671
28511	14673
28512	14674
28513	14691
28514	14667
28515	14707
28516	14713
28517	14716
28518	14717
28519	14725
28520	14732
28521	14734
28522	14739
28523	14740
28524	14742
28525	14743
28526	14746
28527	14757
28528	14759
28529	14565
28530	14768
28531	14771
28532	14773
28533	14774
28534	14775
28535	14776
28536	14778
28537	14783
28538	14786
28539	14794
28540	14795
28541	14797
28542	14822
28543	14833
28544	14834
28545	14841
28546	13130
28547	14846
28548	14849
28549	14853
28550	14856
28551	14857
28552	14861
28553	14863
28554	14866
28555	14875
28556	14879
28557	14880
28558	11940
28559	14892
28560	14896
28561	14905
28562	14907
28563	14909
28564	14916
28565	14919
28566	14923
28567	14925
28568	14930
28569	13174
28570	14946
28571	14951
28572	14955
28573	14871
28574	14966
28575	14967
28576	9515
28577	14979
28578	14988
28579	15000
28580	15001
28581	15011
28582	8667
28583	15015
28584	14939
28585	15005
28586	15033
28587	15037
28588	15059
28589	15061
28590	15051
28591	15075
28592	15082
28593	15083
28594	15086
28595	15089
28596	15092
28597	15096
28598	15097
28599	15098
28600	15101
28601	15103
28602	15105
28603	3351
28604	15115
28605	15125
28606	15126
28607	15140
28608	15146
28609	15147
28610	15182
28611	15183
28612	15186
28613	5001
28614	15189
28615	15191
28616	15200
28617	15205
28618	15210
28619	15211
28620	15224
28621	15229
28622	8718
28623	15244
28624	15249
28625	4960
28626	15268
28627	15273
28628	10713
28629	15295
28630	15296
28631	15308
28632	15316
28633	15318
28634	15324
28635	15327
28636	15332
28637	9772
28638	15340
28639	15345
28640	6304
28641	15357
28642	15360
28643	15362
28644	3697
28645	15371
28646	15385
28647	15386
28648	14595
28649	8535
28650	15392
28651	15395
28652	15398
28653	15411
28654	15414
28655	15417
28656	4690
28657	15434
28658	15435
28659	15441
28660	15443
28661	15444
28662	15445
28663	15449
28664	15450
28665	15454
28666	15458
28667	15462
28668	15465
28669	15488
28670	175
28671	15497
28672	15499
28673	15350
28674	9597
28675	15505
28676	15531
28677	15533
28678	15540
28679	15542
28680	15545
28681	15549
28682	10571
28683	15557
28684	15561
28685	15562
28686	15564
28687	15570
28688	15574
28689	15587
28690	15591
28691	15597
28692	15600
28693	15601
28694	15602
28695	15607
28696	15593
28697	15609
28698	15610
28699	15612
28700	15614
28701	5973
28702	15617
28703	14441
28704	15618
28705	15631
28706	15632
28707	15650
28708	15645
28709	15652
28710	15653
28711	12987
28712	15672
28713	15676
28714	15686
28715	15687
28716	15690
28717	15547
28718	15716
28719	15715
28720	15717
28721	15592
28722	15729
28723	15731
28724	15647
28725	15741
28726	15749
28727	15752
28728	15424
28729	15757
28730	14241
28731	15769
28732	15776
28733	15783
28734	15793
28735	15801
28736	15802
28737	15823
28738	15826
28739	15829
28740	15099
28741	15908
28742	15840
28743	8597
28744	15850
28745	3463
28746	15882
28747	15890
28748	15901
28749	15903
28750	15910
28751	15916
28752	15922
28753	15934
28754	15940
28755	15941
28756	15945
28757	15954
28758	15958
28759	15965
28760	15966
28761	15971
28762	15975
28763	15976
28764	15977
28765	7441
28766	15981
28767	15938
28768	15982
28769	15994
28770	15989
28771	16002
28772	16008
28773	16009
28774	16018
28775	16020
28776	16022
28777	16029
28778	16036
28779	16039
28780	16043
28781	16044
28782	16047
28783	16061
28784	16064
28785	16067
28786	16032
28787	5108
28788	7248
28789	16076
28790	10310
28791	16079
28792	16074
28793	7764
28794	16082
28795	16108
28796	16116
28797	16118
28798	16137
28799	15848
28800	16146
28801	16147
28802	16148
28803	16152
28804	16161
28805	16159
28806	12679
28807	16167
28808	11240
28809	16181
28810	16186
28811	16190
28812	16210
28813	16202
28814	16203
28815	16208
28816	16213
28817	16216
28818	16219
28819	16220
28820	12596
28821	15504
28822	16230
28823	8192
28824	16252
28825	16270
28826	3970
28827	16279
28828	16282
28829	16285
28830	16293
28831	16295
28832	16296
28833	16300
28834	4674
28835	16310
28836	16311
28837	16318
28838	16322
28839	16314
28840	16330
28841	16323
28842	11904
28843	16334
28844	12665
28845	16343
28846	16345
28847	16350
28848	16352
28849	11004
28850	16354
28851	16357
28852	16359
28853	16360
28854	16364
28855	16368
28856	16369
28857	7015
28858	16380
28859	16381
28860	16383
28861	16385
28862	16388
28863	16394
28864	12799
28865	16403
28866	16404
28867	11008
28868	16405
28869	16408
28870	16411
28871	16414
28872	16412
28873	16420
28874	16304
28875	16425
28876	16430
28877	16435
28878	16433
28879	16440
28880	16447
28881	16459
28882	16460
28883	16461
28884	16465
28885	16466
28886	16468
28887	16469
28888	12092
28889	16476
28890	16477
28891	16480
28892	11138
28893	16487
28894	16489
28895	16491
28896	16494
28897	16495
28898	16501
28899	9953
28900	16503
28901	16515
28902	16517
28903	16528
28904	16485
28905	16533
28906	16538
28907	16542
28908	16548
28909	16558
28910	15677
28911	16563
28912	16575
28913	16580
28914	16583
28915	16585
28916	16586
28917	16513
28918	16593
28919	16326
28920	14520
28921	16601
28922	16602
28923	16605
28924	16606
28925	16607
28926	16553
28927	16624
28928	16630
28929	16633
28930	16645
28931	12800
28932	16649
28933	16653
28934	16657
28935	16665
28936	16666
28937	16669
28938	16673
28939	16678
28940	16680
28941	16681
28942	16682
28943	16688
28944	16695
28945	16697
28946	16699
28947	16701
28948	16720
28949	16721
28950	16727
28951	16736
28952	16739
28953	16740
28954	16749
28955	16752
28956	16760
28957	16759
28958	16762
28959	16767
28960	16726
28961	16774
28962	16779
28963	16780
28964	11070
28965	16789
28966	16798
28967	16804
28968	16806
28969	16818
28970	16820
28971	16821
28972	16822
28973	16829
28974	16831
28975	16832
28976	16834
28977	16837
28978	16843
28979	609
28980	16851
28981	16869
28982	10703
28983	16896
28984	16863
28985	10513
28986	16903
28987	16906
28988	16908
28989	16912
28990	16924
28991	16934
28992	16935
28993	16942
28994	16951
28995	16953
28996	16955
28997	16961
28998	16962
28999	16965
29000	16967
29001	16968
29002	16969
29003	14887
29004	16980
29005	16974
29006	16986
29007	16991
29008	8134
29009	16994
29010	16999
29011	17001
29012	17008
29013	17011
29014	17013
29015	10255
29016	17012
29017	17022
29018	17025
29019	7271
29020	17031
29021	17041
29022	17040
29023	17042
29024	17032
29025	17048
29026	17054
29027	16862
29028	17057
29029	5315
29030	17061
29031	17062
29032	17063
29033	12570
29034	17072
29035	17069
29036	17073
29037	17075
29038	17082
29039	17083
29040	17085
29041	17097
29042	17095
29043	17102
29044	17104
29045	16964
29046	17113
29047	17118
29048	17124
29049	17123
29050	17079
29051	17129
29052	17130
29053	17133
29054	17134
29055	17142
29056	17143
29057	17148
29058	11687
29059	17164
29060	17169
29061	17023
29062	17174
29063	17176
29064	17181
29065	17185
29066	17184
29067	17188
29068	17189
29069	17190
29070	17192
29071	17193
29072	17194
29073	17198
29074	17199
29075	17203
29076	17210
29077	17212
29078	17213
29079	17214
29080	17220
29081	17222
29082	17221
29083	17223
29084	17227
29085	17229
29086	17232
29087	17233
29088	15972
29089	17234
29090	17239
29091	14507
29092	17240
29093	17255
29094	17257
29095	10432
29096	17258
29097	17265
29098	17269
29099	17275
29100	17284
29101	17287
29102	11510
29103	17294
29104	17298
29105	16825
29106	17317
29107	17322
29108	17326
29109	17325
29110	6100
29111	17338
29112	17339
29113	17342
29114	17345
29115	2679
29116	17358
29117	17361
29118	17365
29119	17366
29120	17367
29121	17371
29122	17373
29123	17353
29124	17381
29125	17383
29126	17385
29127	17387
29128	17388
29129	17400
29130	17402
29131	17410
29132	17418
29133	17406
29134	17423
29135	17427
29136	17429
29137	1368
29138	17438
29139	17426
29140	17444
29141	17446
29142	17447
29143	17452
29144	17458
29145	17476
29146	17477
29147	17470
29148	17480
29149	17484
29150	17491
29151	17493
29152	17498
29153	17510
29154	17512
29155	8213
29156	17519
29157	13207
29158	17534
29159	16787
29160	17539
29161	17547
29162	17549
29163	17561
29164	17577
29165	17579
29166	17574
29167	17580
29168	17581
29169	17585
29170	17589
29171	17595
29172	17597
29173	17599
29174	17603
29175	17605
29176	17606
29177	17608
29178	17609
29179	17616
29180	17619
29181	17623
29182	17642
29183	17649
29184	17650
29185	17654
29186	17655
29187	17656
29188	17504
29189	9273
29190	17667
29191	17668
29192	17684
29193	17687
29194	12174
29195	17699
29196	17702
29197	17706
29198	13219
29199	17719
29200	17720
29201	17731
29202	17732
29203	17737
29204	13170
29205	17746
29206	17756
29207	17758
29208	17759
29209	17754
29210	17768
29211	17776
29212	17782
29213	13701
29214	17794
29215	17802
29216	17808
29217	17809
29218	17811
29219	17822
29220	17824
29221	17832
29222	17835
29223	15805
29224	17836
29225	17839
29226	17849
29227	17854
29228	17858
29229	17875
29230	17888
29231	17891
29232	9268
29233	17533
29234	17901
29235	17903
29236	17908
29237	17911
29238	17913
29239	17912
29240	17925
29241	17926
29242	17201
29243	17930
29244	17929
29245	17934
29246	17935
29247	13452
29248	17942
29249	17950
29250	17954
29251	17955
29252	17957
29253	17960
29254	8258
29255	17964
29256	17965
29257	17966
29258	17975
29259	17978
29260	17982
29261	17983
29262	17994
29263	17998
29264	18003
29265	18005
29266	18023
29267	18024
29268	18043
29269	18046
29270	18052
29271	18054
29272	18055
29273	18063
29274	18064
29275	18070
29276	18074
29277	13166
29278	18079
29279	17673
29280	18107
29281	17226
29282	18111
29283	18121
29284	18123
29285	18122
29286	18135
29287	18142
29288	18148
29289	18156
29290	18162
29291	18164
29292	18168
29293	18170
29294	18177
29295	18183
29296	18192
29297	18200
29298	8440
29299	18206
29300	17981
29301	18213
29302	18216
29303	18226
29304	18233
29305	18236
29306	3138
29307	18244
29308	18250
29309	18254
29310	14940
29311	18259
29312	18248
29313	18266
29314	18267
29315	18270
29316	18274
29317	18276
29318	18280
29319	17065
29320	18287
29321	18291
29322	18294
29323	18295
29324	18297
29325	18300
29326	18299
29327	18305
29328	18308
29329	18319
29330	18323
29331	18322
29332	18324
29333	18327
29334	18330
29335	18345
29336	18347
29337	18349
29338	18350
29339	18355
29340	18364
29341	18365
29342	18367
29343	18125
29344	18283
29345	18369
29346	12478
29347	18377
29348	18380
29349	18387
29350	18394
29351	18396
29352	18306
29353	18402
29354	18404
29355	18406
29356	18410
29357	15646
29358	18412
29359	7515
29360	18416
29361	18417
29362	18420
29363	18426
29364	18429
29365	18433
29366	18436
29367	18444
29368	18453
29369	18455
29370	18463
29371	18465
29372	16581
29373	18468
29374	18470
29375	18472
29376	18475
29377	18489
29378	18490
29379	19791
29380	18506
29381	18510
29382	18519
29383	18521
29384	18524
29385	18529
29386	18530
29387	18537
29388	18539
29389	18520
29390	18555
29391	17209
29392	18560
29393	18450
29394	18571
29395	18572
29396	18574
29397	18585
29398	18589
29399	16932
29400	18598
29401	18600
29402	18606
29403	18607
29404	18614
29405	18586
29406	18621
29407	14184
29408	18631
29409	18634
29410	18635
29411	18639
29412	18641
29413	18643
29414	18644
29415	14574
29416	18645
29417	18646
29418	18651
29419	18655
29420	18657
29421	18659
29422	18660
29423	18661
29424	18666
29425	18668
29426	18669
29427	18670
29428	18672
29429	18674
29430	18678
29431	18680
29432	18690
29433	18691
29434	18695
29435	18703
29436	18698
29437	12397
29438	18731
29439	18733
29440	18743
29441	18753
29442	18754
29443	18758
29444	18767
29445	18686
29446	18768
29447	18770
29448	707
29449	18772
29450	18779
29451	18781
29452	18785
29453	18793
29454	18795
29455	18797
29456	12812
29457	18806
29458	18808
29459	18812
29460	18815
29461	18817
29462	18820
29463	18829
29464	18809
29465	18840
29466	18830
29467	18859
29468	18856
29469	13681
29470	18873
29471	13703
29472	18889
29473	18890
29474	18891
29475	18894
29476	18854
29477	18903
29478	18916
29479	18927
29480	18938
29481	18942
29482	18943
29483	18944
29484	18945
29485	18950
29486	18952
29487	18956
29488	18959
29489	18966
29490	18970
29491	18971
29492	18972
29493	18973
29494	12340
29495	18975
29496	18977
29497	18987
29498	18989
29499	18990
29500	18993
29501	18994
29502	18995
29503	18998
29504	18999
29505	19001
29506	19003
29507	19007
29508	19013
29509	19016
29510	19034
29511	19039
29512	16865
29513	19026
29514	19044
29515	19049
29516	9580
29517	19050
29518	19051
29519	19052
29520	19053
29521	10570
29522	19058
29523	19059
29524	19060
29525	19062
29526	19063
29527	19064
29528	19069
29529	19072
29530	19082
29531	19083
29532	19091
29533	19119
29534	19129
29535	19130
29536	19131
29537	19137
29538	19143
29539	19157
29540	19158
29541	19165
29542	19169
29543	19174
29544	19175
29545	19179
29546	19181
29547	5528
29548	19182
29549	19177
29550	19189
29551	19194
29552	19196
29553	6397
29554	19201
29555	19209
29556	19213
29557	19220
29558	19224
29559	19226
29560	19239
29561	19241
29562	19249
29563	18346
29564	19258
29565	19261
29566	19262
29567	19263
29568	19275
29569	19280
29570	19286
29571	19287
29572	19289
29573	19291
29574	18961
29575	19302
29576	18407
29577	19306
29578	19308
29579	19309
29580	19310
29581	19312
29582	19317
29583	19123
29584	19330
29585	19227
29586	19333
29587	19335
29588	19337
29589	19339
29590	19347
29591	19353
29592	19325
29593	19367
29594	19377
29595	19383
29596	19388
29597	19393
29598	19311
29599	19378
29600	19405
29601	19417
29602	19425
29603	19426
29604	19430
29605	19431
29606	19433
29607	19439
29608	19463
29609	19466
29610	19472
29611	19481
29612	19485
29613	19489
29614	19494
29615	19498
29616	19502
29617	19503
29618	16399
29619	19509
29620	19510
29621	19474
29622	19514
29623	19523
29624	19525
29625	16692
29626	19536
29627	19544
29628	19546
29629	19548
29630	19551
29631	19560
29632	19578
29633	19588
29634	19593
29635	19600
29636	18341
29637	19614
29638	19615
29639	19621
29640	19622
29641	19627
29642	3548
29643	19638
29644	19640
29645	19644
29646	19646
29647	19655
29648	19664
29649	19671
29650	19676
29651	19683
29652	19695
29653	19701
29654	19703
29655	19707
29656	19711
29657	19714
29658	19716
29659	19717
29660	19718
29661	19722
29662	19732
29663	19734
29664	19735
29665	19738
29666	19739
29667	8539
29668	19486
29669	19749
29670	19756
29671	19757
29672	19758
29673	19769
29674	19770
29675	19775
29676	19777
29677	18587
29678	19784
29679	19796
29680	19797
29681	19804
29682	19807
29683	19809
29684	19816
29685	8098
29686	19821
29687	19825
29688	19824
29689	19832
29690	19833
29691	19835
29692	19838
29693	19842
29694	19847
29695	5984
29696	14738
29697	19852
29698	19853
29699	19862
29700	19870
29701	19871
29702	19873
29703	19874
29704	19877
29705	16313
29706	19879
29707	19880
29708	19883
29709	19884
29710	19892
29711	19897
29712	19904
29713	19908
29714	19916
29715	19919
29716	19921
29717	19923
29718	18240
29719	19941
29720	19947
29721	19954
29722	19956
29723	19960
29724	19966
29725	19968
29726	19978
29727	19980
29728	19979
29729	19985
29730	19987
29731	19989
29732	19995
29733	19866
29734	20004
29735	20011
29736	19969
29737	20014
29738	20031
29739	20034
29740	20037
29741	17773
29742	20043
29743	20044
29744	20051
29745	20042
29746	20065
29747	20068
29748	20069
29749	13708
29750	20086
29751	20099
29752	20106
29753	20107
29754	20111
29755	20115
29756	20095
29757	20123
29758	20126
29759	20131
29760	20133
29761	20135
29762	20137
29763	20144
29764	16508
29765	20150
29766	20151
29767	20152
29768	20154
29769	20156
29770	20155
29771	20163
29772	20164
29773	20165
29774	20175
29775	19896
29776	20176
29777	20181
29778	20182
29779	20184
29780	20186
29781	20185
29782	20189
29783	20190
29784	20194
29785	20196
29786	20198
29787	20200
29788	20202
29789	20204
29790	19365
29791	20201
29792	19708
29793	20209
29794	20211
29795	20216
29796	20219
29797	20226
29798	19321
29799	20232
29800	20237
29801	20241
29802	20243
29803	20246
29804	20247
29805	20249
29806	20250
29807	20238
29808	20248
29809	19499
29810	20262
29811	20266
29812	20275
29813	20277
29814	20279
29815	20285
29816	20288
29817	20291
29818	20292
29819	20293
29820	20294
29821	20299
29822	20300
29823	20305
29824	20310
29825	20309
29826	29384
29827	20318
29828	20326
29829	20330
29830	20323
29831	20334
29832	20336
29833	18234
29834	20340
29835	20212
29836	20348
29837	20365
29838	20368
29839	2817
29840	20374
29841	20378
29842	20382
29843	20392
29844	20401
29845	20406
29846	20413
29847	20414
29848	20417
29849	20389
29850	20422
29851	20426
29852	20434
29853	20437
29854	20443
29855	19369
29856	20446
29857	20450
29858	20453
29859	20459
29860	20456
29861	20451
29862	20466
29863	20467
29864	19799
29865	20472
29866	20477
29867	20482
29868	20483
29869	20488
29870	20492
29871	20506
29872	20508
29873	20510
29874	20514
29875	20513
29876	20518
29877	20525
29878	15712
29879	20535
29880	20543
29881	20558
29882	20567
29883	20565
29884	21627
29885	20571
29886	20576
29887	20584
29888	20599
29889	20601
29890	20603
29891	20604
29892	20616
29893	20617
29894	20620
29895	20626
29896	20631
29897	20630
29898	20636
29899	20644
29900	20646
29901	20609
29902	20657
29903	20668
29904	20670
29905	20673
29906	20678
29907	20679
29908	20686
29909	20700
29910	20708
29911	20718
29912	20719
29913	20727
29914	20730
29915	20737
29916	20740
29917	20742
29918	20752
29919	20755
29920	20750
29921	20707
29922	20758
29923	18316
29924	15762
29925	20776
29926	20789
29927	20793
29928	20797
29929	20803
29930	20804
29931	14978
29932	20809
29933	20810
29934	24573
29935	20825
29936	20826
29937	20827
29938	20828
29939	20831
29940	20841
29941	15221
29942	20844
29943	20478
29944	20847
29945	20842
29946	20848
29947	20849
29948	20854
29949	20856
29950	20860
29951	20865
29952	20868
29953	20869
29954	20875
29955	20880
29956	20882
29957	20883
29958	20890
29959	20893
29960	20894
29961	20900
29962	20904
29963	20873
29964	20914
29965	20925
29966	20926
29967	20932
29968	10919
29969	20934
29970	20935
29971	20946
29972	20951
29973	20936
29974	20953
29975	20958
29976	20965
29977	20972
29978	8677
29979	14893
29980	20973
29981	20980
29982	20983
29983	20984
29984	20990
29985	20992
29986	20996
29987	21003
29988	21012
29989	21013
29990	21017
29991	21019
29992	21023
29993	20605
29994	21027
29995	21033
29996	21042
29997	21044
29998	14109
29999	21049
30000	21056
30001	6692
30002	21060
30003	21053
30004	21067
30005	21073
30006	21077
30007	21092
30008	21096
30009	21098
30010	13506
30011	21101
30012	21107
30013	21110
30014	21111
30015	20819
30016	21117
30017	21119
30018	21128
30019	21129
30020	21141
30021	21142
30022	21147
30023	21151
30024	21153
30025	21157
30026	21174
30027	21181
30028	33377
30029	21196
30030	21197
30031	21203
30032	21207
30033	21208
30034	21210
30035	21212
30036	21213
30037	13921
30038	21219
30039	21221
30040	21222
30041	21224
30042	21226
30043	21228
30044	21229
30045	21230
30046	21231
30047	21234
30048	21236
30049	21237
30050	21240
30051	21242
30052	21245
30053	21248
30054	21251
30055	21149
30056	21257
30057	21258
30058	21259
30059	21264
30060	21265
30061	21267
30062	21269
30063	21271
30064	21276
30065	21275
30066	21281
30067	15381
30068	21282
30069	21306
30070	21308
30071	21313
30072	21318
30073	21321
30074	12913
30075	20796
30076	17526
30077	21310
30078	10180
30079	21328
30080	21334
30081	21339
30082	21325
30083	21341
30084	21349
30085	21350
30086	21354
30087	21355
30088	21358
30089	21359
30090	21360
30091	21361
30092	9573
30093	21373
30094	17722
30095	21380
30096	21385
30097	21394
30098	21395
30099	21396
30100	21404
30101	21410
30102	21402
30103	21420
30104	21432
30105	21433
30106	21437
30107	21441
30108	21444
30109	21446
30110	21445
30111	21448
30112	21453
30113	21466
30114	21467
30115	21486
30116	21490
30117	21491
30118	21492
30119	16802
30120	21500
30121	21506
30122	18155
30123	21510
30124	21511
30125	21521
30126	21523
30127	21524
30128	21526
30129	21530
30130	21502
30131	21532
30132	21535
30133	21559
30134	21561
30135	21563
30136	21565
30137	21568
30138	21570
30139	21576
30140	21579
30141	21544
30142	21585
30143	21424
30144	21589
30145	21598
30146	21602
30147	7145
30148	8194
30149	21612
30150	21620
30151	21624
30152	21634
30153	21636
30154	21639
30155	21640
30156	21567
30157	21666
30158	21668
30159	21669
30160	19831
30161	21676
30162	21682
30163	21684
30164	21685
30165	21687
30166	21688
30167	21690
30168	21691
30169	21692
30170	21696
30171	21697
30172	21698
30173	21699
30174	2137
30175	21700
30176	21701
30177	21707
30178	21710
30179	21712
30180	21725
30181	21726
30182	21735
30183	21742
30184	21743
30185	21749
30186	21752
30187	21754
30188	21755
30189	21756
30190	21763
30191	21764
30192	21766
30193	21767
30194	22775
30195	22784
30196	17980
30197	15178
30198	22797
30199	19788
30200	18937
30201	20416
30202	22812
30203	22815
30204	22824
30205	22828
30206	22830
30207	22837
30208	22838
30209	22839
30210	22841
30211	22843
30212	22847
30213	22853
30214	22780
30215	22858
30216	22860
30217	22866
30218	22869
30219	22873
30220	22874
30221	22876
30222	22878
30223	22881
30224	22883
30225	22884
30226	22890
30227	22892
30228	22908
30229	22910
30230	22903
30231	22921
30232	22924
30233	20289
30234	22943
30235	22951
30236	22952
30237	22954
30238	22959
30239	22963
30240	22962
30241	22965
30242	22969
30243	22976
30244	5034
30245	22978
30246	22981
30247	19152
30248	22990
30249	15264
30250	23004
30251	23022
30252	21741
30253	14330
30254	24853
30255	23029
30256	23033
30257	23037
30258	23041
30259	23050
30260	23055
30261	23056
30262	23058
30263	23085
30264	19011
30265	18704
30266	23089
30267	23092
30268	23096
30269	23053
30270	23101
30271	23102
30272	23026
30273	23107
30274	23109
30275	23113
30276	23118
30277	23120
30278	23121
30279	23128
30280	23127
30281	23129
30282	23131
30283	23139
30284	23143
30285	19967
30286	23147
30287	23148
30288	23149
30289	23152
30290	23154
30291	23156
30292	23157
30293	23167
30294	23173
30295	23177
30296	23162
30297	23187
30298	23191
30299	23192
30300	23194
30301	21409
30302	23197
30303	23198
30304	14845
30305	23200
30306	23201
30307	23202
30308	23193
30309	23208
30310	23211
30311	15772
30312	23212
30313	23213
30314	17592
30315	23217
30316	23219
30317	23221
30318	23226
30319	23228
30320	23231
30321	23210
30322	23236
30323	23233
30324	23243
30325	23248
30326	23251
30327	23255
30328	23266
30329	8764
30330	23267
30331	23270
30332	23275
30333	23278
30334	23299
30335	23305
30336	23304
30337	23308
30338	23320
30339	23321
30340	20706
30341	23337
30342	23348
30343	23351
30344	23352
30345	23364
30346	23366
30347	23373
30348	23378
30349	6737
30350	9350
30351	14552
30352	7022
30353	23388
30354	23369
30355	23389
30356	23390
30357	23394
30358	23385
30359	23407
30360	23411
30361	23415
30362	23417
30363	23424
30364	23425
30365	4544
30366	19110
30367	23437
30368	23439
30369	23441
30370	23314
30371	23451
30372	23452
30373	23461
30374	23463
30375	23464
30376	23465
30377	23470
30378	23467
30379	23475
30380	23476
30381	23462
30382	23482
30383	23500
30384	23487
30385	23512
30386	23521
30387	23524
30388	23522
30389	23540
30390	23541
30391	23550
30392	23552
30393	23557
30394	23563
30395	23571
30396	23578
30397	23581
30398	23589
30399	23591
30400	23590
30401	23600
30402	23613
30403	23621
30404	23618
30405	23625
30406	23630
30407	23637
30408	23644
30409	23115
30410	21336
30411	23652
30412	20701
30413	23661
30414	23133
30415	23668
30416	23681
30417	23682
30418	23685
30419	23686
30420	23688
30421	23691
30422	23694
30423	23695
30424	23697
30425	23706
30426	2467
30427	23711
30428	23713
30429	23714
30430	23719
30431	23722
30432	23727
30433	23729
30434	23737
30435	23738
30436	13612
30437	23744
30438	23745
30439	23751
30440	23752
30441	23759
30442	23762
30443	23767
30444	15534
30445	23790
30446	23791
30447	23792
30448	23799
30449	23804
30450	23809
30451	23812
30452	23823
30453	23826
30454	23828
30455	23830
30456	23832
30457	23834
30458	23840
30459	23679
30460	23845
30461	23846
30462	23847
30463	23849
30464	23863
30465	23869
30466	23876
30467	23890
30468	23892
30469	23222
30470	23895
30471	15952
30472	23897
30473	23903
30474	23905
30475	22829
30476	23909
30477	23910
30478	23918
30479	23932
30480	23934
30481	23937
30482	23946
30483	23943
30484	23922
30485	23960
30486	23962
30487	23676
30488	23965
30489	23966
30490	23967
30491	23974
30492	23977
30493	23978
30494	23982
30495	23988
30496	23989
30497	24008
30498	24010
30499	24012
30500	24047
30501	24058
30502	24083
30503	24086
30504	23704
30505	24090
30506	24092
30507	24093
30508	24098
30509	24103
30510	24112
30511	24115
30512	24129
30513	24134
30514	24139
30515	24144
30516	23627
30517	24177
30518	24176
30519	24196
30520	24198
30521	24217
30522	24223
30523	24224
30524	24227
30525	21733
30526	24239
30527	24244
30528	24253
30529	24254
30530	24262
30531	24263
30532	24266
30533	24267
30534	24268
30535	24272
30536	24274
30537	24291
30538	24297
30539	24298
30540	24299
30541	24305
30542	3839
30543	24307
30544	24310
30545	24318
30546	24322
30547	24324
30548	24326
30549	24325
30550	24327
30551	21536
30552	24338
30553	24342
30554	24343
30555	24349
30556	23837
30557	24358
30558	9357
30559	24363
30560	24365
30561	24375
30562	24364
30563	24379
30564	24382
30565	24383
30566	24389
30567	24385
30568	24406
30569	24409
30570	24411
30571	253
30572	24426
30573	24429
30574	20748
30575	24431
30576	17939
30577	24435
30578	24436
30579	24440
30580	20183
30581	24448
30582	24455
30583	24460
30584	24463
30585	24468
30586	24473
30587	24474
30588	24483
30589	24487
30590	21425
30591	24493
30592	24290
30593	15698
30594	24497
30595	24507
30596	24525
30597	5534
30598	24527
30599	24512
30600	24546
30601	24550
30602	24542
30603	24556
30604	24570
30605	24580
30606	24586
30607	24601
30608	24604
30609	24608
30610	24611
30611	24614
30612	24617
30613	19886
30614	24619
30615	20987
30616	24628
30617	24626
30618	24634
30619	24641
30620	24644
30621	24647
30622	24653
30623	19105
30624	24665
30625	24667
30626	12760
30627	24676
30628	24679
30629	24684
30630	24685
30631	24686
30632	24687
30633	24691
30634	24694
30635	24697
30636	24706
30637	24714
30638	24729
30639	24602
30640	24557
30641	24715
30642	24740
30643	24645
30644	24743
30645	24749
30646	24752
30647	24751
30648	24755
30649	24747
30650	24762
30651	24766
30652	24778
30653	24785
30654	24790
30655	24793
30656	24796
30657	23609
30658	24807
30659	24811
30660	24812
30661	24815
30662	24825
30663	24828
30664	24837
30665	17945
30666	11926
30667	24864
30668	24865
30669	24868
30670	23043
30671	24874
30672	24877
30673	24885
30674	24891
30675	24895
30676	24892
30677	24901
30678	24909
30679	24910
30680	24912
30681	24914
30682	24919
30683	24922
30684	24929
30685	24932
30686	24933
30687	24938
30688	24939
30689	24941
30690	24943
30691	24959
30692	24961
30693	24962
30694	24972
30695	20676
30696	24982
30697	24983
30698	24993
30699	25000
30700	25006
30701	25010
30702	25012
30703	2716
30704	25017
30705	25018
30706	25019
30707	25020
30708	25024
30709	25032
30710	25039
30711	25056
30712	25061
30713	25062
30714	25088
30715	25089
30716	25094
30717	25070
30718	25106
30719	25111
30720	1488
30721	25141
30722	25163
30723	25192
30724	25194
30725	25197
30726	20195
30727	25226
30728	25241
30729	25262
30730	25269
30731	25285
30732	25306
30733	23942
30734	25323
30735	25325
30736	25328
30737	26332
30738	26334
30739	26344
30740	26346
30741	24735
30742	24243
30743	26352
30744	26356
30745	26358
30746	26364
30747	26368
30748	26373
30749	26374
30750	26378
30751	25002
30752	26393
30753	26402
30754	26406
30755	26413
30756	9199
30757	26415
30758	26419
30759	26420
30760	24680
30761	26436
30762	26438
30763	24724
30764	26440
30765	26442
30766	26443
30767	26446
30768	20231
30769	26451
30770	26455
30771	26456
30772	26463
30773	26467
30774	26474
30775	26475
30776	26478
30777	26483
30778	26485
30779	26486
30780	26487
30781	26499
30782	26508
30783	26509
30784	26511
30785	26512
30786	26515
30787	26519
30788	26524
30789	26535
30790	26540
30791	26544
30792	26561
30793	26563
30794	26564
30795	26566
30796	19673
30797	26573
30798	26579
30799	26584
30800	26586
30801	26591
30802	26592
30803	26611
30804	26612
30805	26620
30806	26622
30807	26625
30808	21393
30809	26635
30810	21427
30811	26638
30812	26657
30813	26675
30814	26676
30815	6389
30816	26689
30817	26696
30818	26706
30819	26709
30820	26712
30821	26719
30822	26722
30823	16122
30824	26724
30825	26738
30826	26746
30827	26747
30828	26753
30829	26755
30830	26756
30831	26766
30832	26769
30833	26422
30834	26778
30835	26785
30836	26789
30837	26794
30838	26795
30839	26811
30840	26812
30841	26813
30842	26816
30843	26822
30844	26827
30845	26857
30846	26863
30847	26841
30848	26875
30849	26877
30850	26879
30851	26880
30852	26885
30853	26887
30854	26889
30855	26891
30856	26892
30857	26895
30858	26911
30859	26677
30860	26936
30861	26942
30862	26945
30863	26955
30864	26966
30865	26968
30866	26977
30867	26984
30868	26987
30869	26989
30870	27002
30871	27008
30872	27001
30873	26924
30874	27022
30875	27032
30876	27034
30877	27039
30878	27041
30879	27047
30880	27048
30881	27049
30882	27054
30883	27056
30884	8833
30885	27058
30886	27065
30887	27066
30888	8271
30889	25071
30890	27090
30891	27103
30892	2342
30893	27110
30894	24976
30895	26482
30896	27125
30897	27128
30898	27129
30899	27142
30900	27150
30901	26914
30902	27165
30903	27167
30904	27170
30905	27174
30906	27177
30907	27181
30908	27182
30909	27185
30910	27187
30911	27190
30912	27194
30913	27196
30914	27204
30915	27209
30916	27212
30917	27073
30918	27210
30919	24664
30920	27221
30921	27230
30922	27233
30923	27237
30924	27241
30925	27242
30926	27245
30927	27247
30928	27250
30929	27253
30930	27257
30931	27264
30932	27268
30933	27294
30934	27297
30935	27300
30936	27301
30937	27307
30938	27308
30939	27313
30940	23807
30941	27318
30942	27323
30943	27325
30944	27332
30945	27335
30946	27338
30947	17953
30948	27340
30949	27354
30950	27355
30951	27356
30952	27359
30953	20360
30954	27365
30955	27366
30956	27368
30957	27370
30958	27376
30959	27384
30960	27386
30961	27371
30962	27390
30963	23651
30964	19742
30965	27400
30966	27406
30967	27407
30968	27414
30969	27419
30970	27410
30971	27429
30972	27435
30973	27443
30974	27448
30975	27452
30976	27458
30977	27466
30978	17949
30979	27465
30980	27467
30981	3805
30982	27479
30983	27480
30984	27496
30985	27500
30986	27383
30987	27513
30988	27519
30989	27529
30990	27541
30991	27540
30992	27542
30993	27302
30994	27545
30995	27497
30996	27525
30997	27554
30998	27559
30999	27560
31000	27563
31001	16621
31002	27575
31003	27576
31004	27579
31005	27584
31006	27588
31007	27594
31008	27598
31009	27518
31010	27607
31011	27611
31012	27623
31013	27628
31014	27632
31015	27634
31016	27640
31017	27643
31018	17575
31019	27650
31020	27652
31021	3617
31022	27573
31023	27662
31024	27673
31025	27675
31026	27682
31027	27686
31028	27688
31029	18418
31030	27690
31031	27697
31032	27702
31033	27710
31034	27716
31035	27719
31036	27722
31037	27737
31038	27744
31039	27748
31040	27754
31041	27756
31042	27758
31043	27762
31044	27763
31045	27766
31046	27770
31047	27663
31048	27778
31049	27784
31050	27785
31051	27771
31052	27789
31053	23070
31054	27809
31055	27817
31056	27824
31057	27829
31058	27881
31059	27899
31060	27900
31061	8938
31062	27901
31063	27914
31064	27915
31065	27581
31066	19233
31067	27940
31068	27000
31069	27957
31070	27958
31071	27965
31072	27969
31073	27968
31074	27970
31075	27975
31076	27980
31077	27989
31078	27991
31079	28005
31080	28006
31081	28024
31082	28034
31083	27374
31084	28067
31085	28071
31086	28076
31087	28083
31088	28065
31089	28095
31090	28094
31091	28098
31092	28100
31093	28113
31094	28120
31095	28133
31096	23851
31097	28144
31098	27917
31099	28150
31100	28151
31101	28161
31102	28153
31103	28169
31104	28179
31105	27211
31106	11379
31107	28189
31108	28191
31109	28190
31110	27206
31111	28164
31112	27213
31113	28198
31114	28199
31115	26759
31116	28211
31117	28215
31118	28200
31119	23888
31120	28226
31121	28227
31122	28234
31123	28242
31124	28244
31125	28246
31126	28248
31127	28250
31128	28266
31129	28269
31130	28272
31131	28274
31132	28275
31133	28285
31134	28298
31135	28309
31136	28313
31137	28319
31138	28352
31139	27504
31140	28358
31141	28360
31142	28366
31143	28370
31144	28380
31145	28382
31146	28383
31147	28385
31148	28389
31149	28388
31150	28398
31151	28402
31152	28412
31153	24530
31154	28414
31155	28422
31156	5591
31157	28442
31158	28445
31159	27926
31160	28449
31161	28453
31162	28465
31163	28466
31164	28450
31165	28476
31166	28504
31167	28509
31168	28512
31169	28516
31170	28521
31171	28524
31172	28527
31173	28536
31174	28542
31175	28545
31176	28555
31177	28556
31178	28574
31179	28580
31180	28582
31181	28590
31182	28594
31183	28596
31184	26950
31185	27077
31186	28604
31187	28601
31188	28612
31189	28620
31190	28622
31191	28623
31192	28629
31193	3936
31194	28631
31195	28630
31196	28634
31197	28581
31198	28641
31199	28647
31200	28648
31201	28654
31202	28657
31203	12064
31204	28666
31205	28668
31206	28669
31207	28673
31208	28675
31209	28681
31210	28687
31211	15578
31212	28693
31213	28697
31214	28701
31215	28709
31216	28708
31217	28713
31218	28365
31219	28720
31220	28719
31221	24250
31222	9119
31223	28723
31224	28725
31225	28732
31226	28740
31227	28743
31228	28746
31229	28750
31230	28761
31231	28769
31232	28770
31233	28771
31234	28627
31235	28788
31236	28790
31237	28807
31238	28808
31239	25312
31240	28820
31241	28831
31242	28839
31243	28841
31244	28845
31245	28847
31246	28851
31247	28852
31248	28848
31249	28616
31250	28861
31251	28864
31252	28875
31253	28877
31254	28731
31255	27932
31256	28890
31257	28893
31258	26666
31259	28904
31260	28920
31261	28926
31262	28931
31263	28934
31264	28935
31265	20242
31266	28948
31267	28952
31268	28947
31269	28954
31270	28960
31271	15029
31272	28965
31273	28972
31274	28976
31275	28984
31276	28985
31277	28992
31278	28994
31279	28940
31280	29004
31281	28751
31282	16289
31283	27347
31284	29009
31285	29023
31286	29029
31287	28925
31288	29035
31289	29040
31290	29044
31291	29047
31292	29050
31293	29052
31294	29053
31295	29054
31296	29055
31297	3197
31298	29059
31299	29061
31300	9363
31301	29063
31302	29068
31303	29069
31304	29070
31305	27972
31306	26729
31307	29077
31308	29080
31309	29085
31310	29086
31311	29093
31312	29098
31313	29099
31314	29106
31315	29116
31316	29092
31317	29117
31318	29119
31319	29122
31320	29130
31321	28039
31322	23973
31323	29139
31324	29142
31325	29143
31326	29144
31327	29096
31328	29152
31329	28822
31330	29160
31331	29166
31332	29175
31333	26669
31334	29183
31335	29157
31336	29189
31337	29195
31338	29197
31339	28842
31340	29210
31341	29213
31342	29215
31343	29220
31344	29223
31345	29228
31346	29231
31347	29236
31348	29239
31349	29230
31350	29247
31351	29252
31352	29250
31353	29260
31354	29261
31355	29262
31356	29271
31357	29079
31358	29276
31359	29277
31360	29278
31361	29280
31362	29286
31363	29289
31364	29292
31365	3477
31366	29293
31367	29296
31368	29302
31369	29303
31370	29308
31371	29310
31372	29313
31373	29314
31374	29319
31375	29322
31376	29336
31377	29344
31378	29347
31379	29349
31380	29350
31381	29358
31382	29372
31383	29375
31384	29387
31385	29394
31386	29399
31387	29409
31388	29411
31389	29416
31390	29417
31391	29377
31392	29418
31393	29425
31394	29430
31395	29431
31396	16174
31397	29436
31398	29446
31399	29447
31400	29449
31401	29448
31402	29460
31403	29464
31404	29462
31405	29465
31406	29466
31407	29467
31408	20720
31409	29468
31410	29474
31411	28715
31412	29490
31413	29499
31414	29504
31415	29011
31416	29519
31417	29521
31418	29522
31419	29524
31420	29526
31421	29532
31422	29537
31423	29539
31424	29542
31425	29560
31426	4952
31427	29571
31428	29573
31429	29582
31430	29583
31431	29586
31432	29587
31433	19598
31434	29593
31435	29596
31436	29598
31437	29590
31438	29601
31439	29110
31440	29612
31441	29615
31442	29616
31443	29624
31444	29625
31445	29412
31446	29638
31447	29640
31448	29641
31449	29644
31450	18077
31451	29647
31452	29652
31453	29657
31454	29659
31455	29658
31456	29669
31457	29674
31458	29681
31459	29684
31460	29685
31461	27996
31462	29687
31463	29688
31464	29696
31465	29697
31466	29704
31467	29706
31468	29689
31469	29713
31470	29714
31471	29715
31472	29730
31473	29733
31474	29739
31475	29758
31476	29760
31477	29766
31478	29778
31479	29786
31480	29803
31481	29804
31482	29809
31483	29813
31484	29815
31485	29094
31486	29823
31487	29834
31488	29835
31489	29836
31490	29829
31491	29839
31492	29843
31493	29844
31494	29846
31495	29849
31496	29850
31497	29852
31498	29857
31499	29859
31500	29864
31501	29865
31502	29866
31503	29869
31504	29870
31505	29878
31506	29885
31507	29886
31508	29889
31509	29882
31510	29894
31511	29895
31512	29901
31513	7348
31514	29908
31515	29909
31516	29927
31517	29938
31518	29946
31519	29953
31520	29933
31521	29970
31522	29973
31523	29975
31524	29982
31525	29983
31526	29986
31527	29993
31528	30001
31529	30002
31530	30010
31531	30013
31532	30031
31533	30035
31534	30040
31535	30044
31536	30047
31537	30051
31538	26656
31539	30053
31540	30064
31541	30067
31542	30069
31543	30072
31544	27815
31545	30076
31546	30085
31547	30093
31548	30095
31549	30092
31550	30116
31551	30117
31552	30124
31553	30132
31554	30138
31555	30078
31556	30140
31557	30141
31558	30143
31559	30156
31560	30159
31561	30163
31562	30164
31563	30176
31564	30183
31565	30186
31566	30190
31567	30192
31568	30195
31569	18876
31570	30198
31571	30208
31572	26705
31573	28835
31574	30214
31575	30232
31576	30234
31577	30239
31578	30088
31579	30250
31580	30246
31581	30252
31582	30260
31583	30262
31584	30266
31585	30269
31586	30270
31587	30274
31588	23783
31589	30281
31590	30285
31591	30287
31592	19939
31593	30295
31594	30300
31595	30305
31596	30308
31597	29921
31598	30307
31599	30107
31600	30312
31601	30319
31602	27064
31603	30203
31604	30329
31605	29978
31606	30330
31607	28990
31608	30331
31609	7336
31610	30336
31611	30341
31612	28903
31613	30346
31614	30349
31615	30355
31616	30352
31617	30358
31618	30359
31619	30366
31620	30357
31621	30371
31622	30372
31623	30377
31624	30384
31625	30386
31626	30385
31627	30388
31628	30389
31629	30390
31630	30391
31631	6819
31632	14528
31633	30401
31634	30406
31635	30407
31636	30409
31637	30414
31638	30420
31639	30422
31640	30428
31641	30430
31642	30432
31643	30440
31644	30441
31645	30427
31646	30451
31647	30457
31648	30462
31649	30206
31650	30460
31651	30467
31652	30469
31653	30471
31654	30475
31655	29606
31656	30419
31657	30492
31658	30450
31659	30509
31660	30510
31661	30511
31662	30518
31663	30520
31664	30521
31665	30524
31666	28651
31667	30526
31668	30527
31669	30535
31670	30542
31671	30547
31672	30549
31673	30550
31674	30564
31675	30567
31676	30571
31677	30580
31678	25245
31679	30586
31680	30588
31681	30587
31682	30591
31683	14098
31684	30612
31685	30621
31686	30624
31687	30625
31688	30627
31689	30628
31690	30642
31691	28140
31692	30434
31693	30633
31694	30648
31695	30649
31696	30656
31697	6986
31698	30658
31699	30660
31700	30662
31701	30665
31702	30667
31703	30668
31704	30671
31705	30673
31706	30675
31707	30677
31708	30678
31709	30681
31710	30692
31711	30695
31712	30698
31713	30705
31714	30708
31715	30709
31716	30316
31717	28220
31718	30723
31719	30738
31720	30741
31721	30745
31722	30747
31723	30756
31724	30759
31725	30761
31726	30762
31727	30770
31728	30773
31729	30775
31730	29923
31731	30779
31732	30782
31733	30788
31734	30787
31735	30791
31736	30794
31737	28526
31738	30815
31739	30816
31740	30825
31741	30826
31742	30828
31743	24465
31744	30830
31745	30832
31746	30833
31747	30834
31748	30837
31749	30840
31750	30844
31751	30851
31752	30861
31753	30839
31754	30863
31755	30877
31756	30879
31757	1513
31758	30884
31759	24978
31760	30898
31761	30899
31762	30904
31763	30905
31764	30814
31765	30926
31766	30931
31767	30940
31768	30945
31769	29722
31770	30917
31771	30974
31772	30977
31773	30984
31774	30988
31775	30995
31776	30999
31777	30964
31778	31002
31779	31003
31780	30865
31781	31007
31782	31010
31783	31013
31784	31016
31785	30827
31786	31018
31787	31020
31788	31024
31789	31027
31790	31033
31791	31034
31792	31035
31793	31036
31794	31043
31795	31046
31796	31047
31797	31048
31798	31049
31799	31052
31800	31053
31801	31062
31802	31030
31803	27720
31804	31072
31805	31078
31806	31079
31807	17630
31808	31089
31809	31090
31810	31092
31811	31097
31812	31103
31813	31109
31814	26607
31815	31114
31816	31118
31817	31127
31818	31130
31819	31132
31820	31004
31821	31141
31822	31140
31823	31149
31824	32479
31825	28202
31826	31169
31827	29770
31828	31177
31829	16984
31830	31181
31831	31184
31832	31188
31833	31194
31834	31198
31835	31193
31836	31202
31837	31203
31838	30495
31839	31207
31840	31214
31841	31218
31842	31220
31843	28798
31844	31228
31845	31233
31846	31232
31847	31240
31848	31239
31849	31243
31850	31247
31851	31258
31852	31263
31853	31264
31854	31270
31855	29911
31856	31297
31857	31309
31858	31308
31859	31311
31860	31322
31861	30680
31862	31325
31863	31326
31864	31333
31865	32336
31866	32338
31867	32337
31868	32339
31869	32341
31870	32342
31871	32343
31872	32344
31873	32348
31874	32350
31875	32349
31876	32352
31877	32353
31878	32354
31879	32365
31880	32374
31881	32367
31882	32377
31883	32381
31884	32386
31885	32388
31886	32391
31887	32397
31888	32398
31889	32401
31890	32415
31891	32423
31892	32429
31893	32432
31894	32433
31895	32436
31896	32440
31897	32441
31898	32442
31899	32445
31900	32446
31901	29352
31902	32453
31903	32455
31904	32470
31905	32472
31906	32473
31907	32483
31908	32485
31909	32492
31910	32507
31911	32511
31912	32517
31913	32516
31914	32524
31915	32523
31916	32471
31917	32518
31918	32542
31919	32549
31920	32553
31921	32557
31922	32558
31923	30644
31924	29663
31925	32568
31926	12222
31927	32582
31928	20910
31929	32622
31930	32627
31931	32634
31932	32635
31933	32649
31934	32655
31935	32656
31936	32657
31937	32665
31938	30472
31939	32676
31940	32677
31941	27982
31942	32690
31943	32693
31944	32715
31945	32718
31946	32720
31947	32723
31948	32740
31949	32751
31950	32760
31951	32764
31952	32765
31953	32767
31954	32770
31955	32769
31956	32772
31957	32780
31958	32781
31959	32782
31960	31138
31961	32786
31962	32794
31963	32795
31964	32796
31965	32800
31966	32806
31967	32812
31968	32817
31969	32822
31970	32824
31971	32830
31972	32833
31973	32834
31974	32835
31975	32842
31976	32845
31977	32854
31978	32856
31979	32858
31980	32861
31981	32864
31982	32872
31983	32876
31984	17711
31985	32881
31986	32883
31987	32884
31988	32887
31989	32888
31990	32891
31991	32894
31992	32900
31993	32909
31994	32914
31995	32917
31996	11473
31997	32924
31998	30777
31999	32926
32000	32931
32001	32935
32002	32941
32003	9239
32004	31302
32005	32901
32006	32947
32007	32948
32008	32953
32009	32954
32010	30870
32011	32960
32012	32961
32013	32962
32014	32964
32015	32966
32016	32968
32017	26562
32018	32980
32019	32988
32020	32990
32021	32993
32022	32999
32023	33010
32024	33012
32025	33015
32026	33019
32027	33021
32028	33027
32029	33040
32030	33047
32031	33048
32032	33054
32033	33030
32034	33064
32035	33067
32036	33072
32037	32989
32038	33097
32039	33102
32040	33112
32041	33115
32042	33120
32043	33123
32044	33125
32045	33126
32046	33128
32047	33130
32048	33131
32049	33139
32050	33141
32051	33093
32052	33156
32053	33160
32054	33162
32055	33163
32056	33166
32057	33177
32058	33184
32059	33190
32060	33192
32061	33197
32062	33199
32063	33200
32064	33203
32065	33207
32066	33209
32067	33211
32068	33215
32069	31086
32070	33222
32071	33227
32072	33230
32073	33245
32074	33248
32075	33249
32076	33263
32077	33265
32078	33271
32079	33274
32080	33275
32081	33278
32082	33280
32083	33287
32084	33290
32085	33301
32086	33310
32087	33316
32088	33319
32089	33068
32090	33320
32091	33323
32092	33324
32093	33328
32094	33330
32095	33337
32096	33347
32097	29345
32098	33351
32099	33352
32100	33353
32101	33354
32102	33359
32103	26375
32104	14867
32105	33367
32106	33376
32107	33381
32108	33393
32109	33403
32110	33409
32111	33413
32112	33416
32113	33425
32114	29906
32115	18117
32116	33438
