24019	3
24020	3
24021	3
24022	3
24023	3
24024	3
24025	3
24026	3
24027	3
24028	3
24029	3
24030	3
24031	3
24032	3
24033	3
24034	3
24035	1
24036	3
24037	3
24038	3
24039	3
24040	3
24041	3
24042	3
24043	2
24044	3
24045	3
24046	3
24047	3
24048	3
24049	3
24050	3
24051	3
24052	3
24053	3
24054	3
24055	3
24056	3
24057	2
24058	3
24059	3
24060	2
24061	3
24062	3
24063	2
24064	3
24065	3
24066	3
24067	3
24068	3
24069	3
24070	2
24071	3
24072	3
24073	3
24074	3
24075	3
24076	3
24077	3
24078	3
24079	3
24080	3
24081	3
24082	3
24083	1
24084	3
24085	3
24086	3
24087	2
24088	3
24089	3
24090	2
24091	2
24092	3
24093	3
24094	3
24095	3
24096	2
24097	3
24098	3
24099	2
24100	3
24101	3
24102	3
24103	1
24104	3
24105	3
24106	3
24107	2
24108	0
24109	3
24110	0
24111	3
24112	3
24113	2
24114	3
24115	3
24116	3
24117	3
24118	3
24119	3
24120	0
24121	3
24122	2
24123	3
24124	2
24125	3
24126	1
24127	3
24128	3
24129	3
24130	2
24131	3
24132	1
24133	3
24134	3
24135	3
24136	3
24137	3
24138	3
24139	3
24140	2
24141	3
24142	3
24143	3
24144	1
24145	1
24146	3
24147	3
24148	2
24149	1
24150	3
24151	3
24152	2
24153	1
24154	3
24155	0
24156	3
24157	3
24158	3
24159	2
24160	3
24161	2
24162	2
24163	3
24164	2
24165	2
24166	2
24167	3
24168	3
24169	3
24170	3
24171	3
24172	3
24173	2
24174	3
24175	2
24176	1
24177	3
24178	3
24179	2
24180	3
24181	2
24182	3
24183	1
24184	3
24185	1
24186	3
24187	2
24188	3
24189	3
24190	2
24191	3
24192	3
24193	3
24194	1
24195	2
24196	3
24197	0
24198	1
24199	3
24200	3
24201	2
24202	3
24203	3
24204	3
24205	3
24206	1
24207	3
24208	3
24209	3
24210	2
24211	3
24212	3
24213	3
24214	3
24215	3
24216	3
24217	2
24218	3
24219	0
24220	3
24221	3
24222	3
24223	3
24224	0
24225	3
24226	3
24227	3
24228	3
24229	3
24230	2
24231	3
24232	1
24233	3
24234	3
24235	0
24236	3
24237	3
24238	3
24239	3
24240	3
24241	1
24242	1
24243	3
24244	2
24245	3
24246	0
24247	0
24248	0
24249	3
24250	3
24251	2
24252	3
24253	0
24254	3
24255	3
24256	3
24257	2
24258	3
24259	3
24260	2
24261	2
24262	1
24263	3
24264	0
24265	3
24266	2
24267	2
24268	2
24269	3
24270	3
24271	3
24272	3
24273	3
24274	3
24275	1
24276	3
24277	0
24278	2
24279	3
24280	3
24281	3
24282	3
24283	3
24284	0
24285	2
24286	3
24287	1
24288	3
24289	2
24290	0
24291	1
24292	0
24293	3
24294	0
24295	1
24296	3
24297	3
24298	3
24299	3
24300	3
24301	3
24302	3
24303	2
24304	3
24305	3
24306	3
24307	3
24308	3
24309	3
24310	3
24311	3
24312	3
24313	3
24314	1
24315	1
24316	3
24317	2
24318	3
24319	2
24320	2
24321	2
24322	3
24323	3
24324	3
24325	0
24326	3
24327	0
24328	3
24329	3
24330	0
24331	0
24332	0
24333	0
24334	2
24335	3
24336	0
24337	0
24338	3
24339	3
24340	3
24341	0
24342	0
24343	3
24344	2
24345	3
24346	0
24347	2
24348	2
24349	1
24350	3
24351	3
24352	3
24353	1
24354	3
24355	0
24356	3
24357	3
24358	3
24359	3
24360	2
24361	3
24362	1
24363	3
24364	3
24365	3
24366	3
24367	0
24368	2
24369	3
24370	3
24371	0
24372	3
24373	0
24374	3
24375	3
24376	3
24377	3
24378	2
24379	3
24380	0
24381	2
24382	3
24383	3
24384	3
24385	0
24386	0
24387	3
24388	2
24389	3
24390	3
24391	3
24392	1
24393	3
24394	3
24395	3
24396	0
24397	3
24398	2
24399	3
24400	2
24401	0
24402	3
24403	0
24404	1
24405	0
24406	3
24407	2
24408	3
24409	3
24410	1
24411	3
24412	0
24413	0
24414	3
24415	3
24416	3
24417	0
24418	3
24419	3
24420	0
24421	3
24422	2
24423	3
24424	3
24425	0
24426	1
24427	2
24428	2
24429	3
24430	3
24431	3
24432	1
24433	0
24434	3
24435	2
24436	3
24437	2
24438	2
24439	3
24440	3
24441	3
24442	3
24443	3
24444	0
24445	2
24446	3
24447	3
24448	3
24449	0
24450	3
24451	2
24452	3
24453	0
24454	2
24455	2
24456	2
24457	2
24458	3
24459	3
24460	3
24461	3
24462	3
24463	1
24464	2
24465	0
24466	3
24467	3
24468	3
24469	3
24470	3
24471	3
24472	3
24473	3
24474	3
24475	3
24476	2
24477	2
24478	0
24479	0
24480	3
24481	2
24482	3
24483	2
24484	1
24485	1
24486	3
24487	3
24488	3
24489	3
24490	3
24491	3
24492	3
24493	3
24494	2
24495	3
24496	2
24497	3
24498	3
24499	1
24500	1
24501	0
24502	3
24503	3
24504	3
24505	0
24506	3
24507	3
24508	2
24509	0
24510	3
24511	2
24512	2
24513	3
24514	3
24515	3
24516	0
24517	3
24518	1
24519	0
24520	3
24521	0
24522	0
24523	3
24524	1
24525	1
24526	3
24527	3
24528	0
24529	3
24530	2
24531	2
24532	1
24533	1
24534	2
24535	3
24536	2
24537	3
24538	1
24539	1
24540	2
24541	0
24542	2
24543	2
24544	3
24545	3
24546	0
24547	3
24548	3
24549	3
24550	3
24551	0
24552	2
24553	2
24554	3
24555	3
24556	0
24557	3
24558	2
24559	3
24560	3
24561	3
24562	3
24563	3
24564	3
24565	3
24566	1
24567	2
24568	0
24569	1
24570	2
24571	2
24572	3
24573	0
24574	1
24575	2
24576	3
24577	3
24578	3
24579	3
24580	3
24581	3
24582	0
24583	3
24584	2
24585	3
24586	3
24587	3
24588	0
24589	3
24590	3
24591	3
24592	3
24593	3
24594	0
24595	0
24596	0
24597	0
24598	2
24599	0
24600	3
24601	0
24602	2
24603	2
24604	2
24605	1
24606	2
24607	1
24608	0
24609	0
24610	3
24611	0
24612	0
24613	3
24614	0
24615	3
24616	3
24617	2
24618	0
24619	2
24620	0
24621	3
24622	2
24623	0
24624	3
24625	2
24626	3
24627	3
24628	3
24629	0
24630	3
24631	3
24632	0
24633	1
24634	3
24635	3
24636	2
24637	2
24638	0
24639	1
24640	0
24641	0
24642	0
24643	0
24644	3
24645	2
24646	2
24647	0
24648	2
24649	1
24650	1
24651	3
24652	0
24653	2
24654	3
24655	0
24656	0
24657	3
24658	0
24659	0
24660	3
24661	1
24662	3
24663	3
24664	0
24665	0
24666	3
24667	3
24668	2
24669	0
24670	2
24671	0
24672	3
24673	1
24674	2
24675	3
24676	2
24677	0
24678	3
24679	3
24680	3
24681	0
24682	1
24683	3
24684	2
24685	0
24686	3
24687	3
24688	1
24689	0
24690	3
24691	3
24692	3
24693	0
24694	3
24695	1
24696	0
24697	0
24698	3
24699	3
24700	3
24701	2
24702	3
24703	3
24704	2
24705	0
24706	2
24707	1
24708	3
24709	3
24710	2
24711	3
24712	2
24713	0
24714	3
24715	1
24716	0
24717	3
24718	3
24719	3
24720	0
24721	2
24722	3
24723	3
24724	3
24725	3
24726	2
24727	3
24728	0
24729	3
24730	3
24731	1
24732	2
24733	3
24734	0
24735	3
24736	0
24737	3
24738	1
24739	3
24740	2
24741	2
24742	2
24743	3
24744	1
24745	0
24746	3
24747	0
24748	0
24749	3
24750	2
24751	3
24752	2
24753	0
24754	3
24755	3
24756	3
24757	0
24758	1
24759	3
24760	0
24761	3
24762	1
24763	0
24764	0
24765	3
24766	0
24767	3
24768	0
24769	3
24770	3
24771	3
24772	0
24773	1
24774	3
24775	3
24776	3
24777	3
24778	3
24779	3
24780	0
24781	0
24782	2
24783	2
24784	2
24785	0
24786	0
24787	0
24788	3
24789	0
24790	1
24791	3
24792	1
24793	3
24794	3
24795	3
24796	3
24797	1
24798	2
24799	3
24800	0
24801	3
24802	2
24803	3
24804	3
24805	3
24806	3
24807	3
24808	3
24809	3
24810	3
24811	3
24812	1
24813	3
24814	2
24815	2
24816	3
24817	3
24818	3
24819	0
24820	3
24821	2
24822	3
24823	0
24824	0
24825	2
24826	0
24827	0
24828	3
24829	0
24830	3
24831	0
24832	3
24833	1
24834	2
24835	2
24836	3
24837	3
24838	0
24839	0
24840	2
24841	0
24842	0
24843	3
24844	0
24845	3
24846	0
24847	2
24848	1
24849	2
24850	3
24851	3
24852	0
24853	1
24854	0
24855	3
24856	3
24857	3
24858	0
24859	3
24860	3
24861	2
24862	3
24863	3
24864	1
24865	0
24866	0
24867	3
24868	2
24869	2
24870	2
24871	2
24872	2
24873	0
24874	0
24875	0
24876	0
24877	0
24878	2
24879	3
24880	0
24881	0
24882	3
24883	0
24884	3
24885	0
24886	3
24887	3
24888	3
24889	3
24890	1
24891	2
24892	0
24893	3
24894	0
24895	0
24896	3
24897	2
24898	2
24899	0
24900	3
24901	0
24902	3
24903	1
24904	3
24905	0
24906	1
24907	3
24908	3
24909	0
24910	3
24911	0
24912	0
24913	0
24914	0
24915	0
24916	3
24917	2
24918	0
24919	0
24920	3
24921	0
24922	3
24923	0
24924	2
24925	1
24926	1
24927	3
24928	1
24929	1
24930	0
24931	3
24932	2
24933	2
24934	0
24935	3
24936	3
24937	0
24938	3
24939	0
24940	0
24941	3
24942	3
24943	2
24944	1
24945	3
24946	2
24947	0
24948	3
24949	3
24950	3
24951	3
24952	3
24953	3
24954	3
24955	3
24956	2
24957	2
24958	0
24959	3
24960	0
24961	1
24962	0
24963	0
24964	0
24965	0
24966	2
24967	0
24968	3
24969	0
24970	0
24971	3
24972	1
24973	0
24974	0
24975	3
24976	2
24977	0
24978	1
24979	0
24980	2
24981	2
24982	3
24983	3
24984	3
24985	3
24986	1
24987	3
24988	3
24989	3
24990	0
24991	2
24992	3
24993	3
24994	3
24995	2
24996	1
24997	2
24998	3
24999	1
25000	2
25001	1
25002	3
25003	2
25004	3
25005	3
25006	0
25007	1
25008	3
25009	1
25010	3
25011	3
25012	3
25013	3
25014	0
25015	0
25016	3
25017	2
25018	0
25019	3
25020	0
25021	3
25022	3
25023	0
25024	2
25025	3
25026	3
25027	3
25028	2
25029	3
25030	0
25031	1
25032	3
25033	1
25034	3
25035	3
25036	2
25037	2
25038	3
25039	1
25040	3
25041	2
25042	3
25043	3
25044	3
25045	3
25046	1
25047	2
25048	2
25049	3
25050	0
25051	3
25052	3
25053	1
25054	3
25055	3
25056	2
25057	3
25058	1
25059	3
25060	2
25061	1
25062	0
25063	0
25064	0
25065	0
25066	0
25067	2
25068	0
25069	3
25070	2
25071	3
25072	0
25073	3
25074	2
25075	3
25076	1
25077	3
25078	0
25079	3
25080	2
25081	0
25082	1
25083	0
25084	0
25085	0
25086	3
25087	0
25088	0
25089	0
25090	0
25091	3
25092	3
25093	3
25094	3
25095	0
25096	0
25097	3
25098	0
25099	1
25100	2
25101	3
25102	3
25103	0
25104	2
25105	2
25106	1
25107	0
25108	2
25109	0
25110	3
25111	2
25112	0
25113	2
25114	2
25115	1
25116	3
25117	0
25118	3
25119	2
25120	0
25121	2
25122	3
25123	3
25124	1
25125	0
25126	2
25127	3
25128	0
25129	2
25130	3
25131	0
25132	2
25133	0
25134	3
25135	3
25136	0
25137	0
25138	1
25139	0
25140	3
25141	3
25142	2
25143	3
25144	2
25145	3
25146	1
25147	2
25148	0
25149	2
25150	3
25151	3
25152	1
25153	0
25154	3
25155	0
25156	1
25157	3
25158	0
25159	1
25160	0
25161	2
25162	3
25163	2
25164	2
25165	0
25166	3
25167	3
25168	3
25169	3
25170	0
25171	1
25172	1
25173	1
25174	3
25175	0
25176	2
25177	2
25178	0
25179	0
25180	0
25181	3
25182	3
25183	0
25184	3
25185	1
25186	3
25187	3
25188	3
25189	0
25190	3
25191	3
25192	1
25193	3
25194	0
25195	1
25196	1
25197	0
25198	3
25199	2
25200	0
25201	1
25202	0
25203	1
25204	1
25205	0
25206	3
25207	0
25208	3
25209	2
25210	1
25211	2
25212	0
25213	1
25214	0
25215	2
25216	3
25217	3
25218	1
25219	3
25220	0
25221	0
25222	3
25223	2
25224	1
25225	2
25226	3
25227	3
25228	1
25229	1
25230	0
25231	2
25232	0
25233	2
25234	1
25235	1
25236	3
25237	3
25238	2
25239	0
25240	2
25241	1
25242	2
25243	2
25244	3
25245	3
25246	3
25247	3
25248	2
25249	2
25250	0
25251	1
25252	3
25253	3
25254	1
25255	1
25256	3
25257	2
25258	3
25259	0
25260	3
25261	0
25262	3
25263	2
25264	0
25265	2
25266	3
25267	2
25268	1
25269	1
25270	0
25271	2
25272	0
25273	3
25274	0
25275	1
25276	0
25277	3
25278	2
25279	2
25280	3
25281	3
25282	2
25283	0
25284	0
25285	3
25286	0
25287	3
25288	2
25289	3
25290	1
25291	0
25292	0
25293	2
25294	1
25295	3
25296	3
25297	2
25298	2
25299	1
25300	3
25301	0
25302	3
25303	3
25304	2
25305	1
25306	3
25307	3
25308	2
25309	0
25310	3
25311	0
25312	0
25313	3
25314	2
25315	3
25316	3
25317	2
25318	3
25319	0
25320	0
25321	0
25322	0
25323	0
25324	0
25325	0
25326	0
25327	3
25328	2
25329	2
25330	0
25331	0
25332	3
25333	2
25334	0
25335	1
25336	0
25337	0
25338	3
25339	0
25340	0
25341	1
25342	0
25343	2
25344	3
25345	1
25346	0
25347	2
25348	3
25349	3
25350	0
25351	2
25352	3
25353	1
25354	0
25355	0
25356	2
25357	3
25358	1
25359	1
25360	0
25361	2
25362	0
25363	3
25364	0
25365	0
25366	3
25367	3
25368	1
25369	1
25370	0
25371	2
25372	2
25373	3
25374	3
25375	1
25376	3
25377	2
25378	1
25379	2
25380	2
25381	2
25382	0
25383	1
25384	3
25385	2
25386	1
25387	1
25388	2
25389	2
25390	3
25391	3
25392	2
25393	3
25394	2
25395	2
25396	0
25397	1
25398	2
25399	0
25400	0
25401	2
25402	1
25403	2
25404	3
25405	1
25406	1
25407	2
25408	1
25409	0
25410	3
25411	0
25412	3
25413	0
25414	2
25415	3
25416	3
25417	3
25418	0
25419	0
25420	2
25421	1
25422	3
25423	0
25424	1
25425	0
25426	0
25427	1
25428	0
25429	1
25430	0
25431	0
25432	3
25433	0
25434	0
25435	1
25436	2
25437	3
25438	0
25439	2
25440	0
25441	3
25442	1
25443	2
25444	3
25445	0
25446	3
25447	0
25448	2
25449	1
25450	0
25451	0
25452	3
25453	2
25454	0
25455	1
25456	3
25457	3
25458	0
25459	0
25460	2
25461	1
25462	0
25463	2
25464	3
25465	0
25466	3
25467	0
25468	2
25469	3
25470	0
25471	0
25472	3
25473	2
25474	3
25475	0
25476	0
25477	0
25478	3
25479	2
25480	1
25481	3
25482	0
25483	2
25484	3
25485	2
25486	2
25487	3
25488	3
25489	0
25490	3
25491	1
25492	3
25493	2
25494	2
25495	2
25496	0
25497	3
25498	0
25499	1
25500	0
25501	2
25502	0
25503	0
25504	0
25505	0
25506	3
25507	1
25508	2
25509	1
25510	3
25511	2
25512	0
25513	0
25514	0
25515	0
25516	2
25517	0
25518	2
25519	2
25520	3
25521	2
25522	3
25523	3
25524	0
25525	3
25526	3
25527	2
25528	0
25529	2
25530	2
25531	3
25532	2
25533	0
25534	3
25535	0
25536	3
25537	3
25538	3
25539	1
25540	3
25541	2
25542	3
25543	2
25544	3
25545	3
25546	2
25547	1
25548	0
25549	2
25550	1
25551	2
25552	2
25553	2
25554	2
25555	0
25556	0
25557	0
25558	3
25559	0
25560	1
25561	3
25562	3
25563	0
25564	3
25565	1
25566	0
25567	0
25568	2
25569	3
25570	3
25571	2
25572	0
25573	2
25574	0
25575	0
25576	1
25577	3
25578	3
25579	1
25580	0
25581	2
25582	0
25583	3
25584	0
25585	3
25586	0
25587	3
25588	0
25589	2
25590	0
25591	3
25592	3
25593	0
25594	2
25595	0
25596	2
25597	2
25598	0
25599	2
25600	3
25601	3
25602	3
25603	0
25604	0
25605	0
25606	2
25607	3
25608	0
25609	3
25610	1
25611	2
25612	3
25613	2
25614	3
25615	1
25616	3
25617	1
25618	3
25619	0
25620	0
25621	1
25622	0
25623	3
25624	3
25625	3
25626	3
25627	2
25628	0
25629	1
25630	1
25631	0
25632	3
25633	0
25634	1
25635	2
25636	3
25637	2
25638	0
25639	1
25640	2
25641	3
25642	3
25643	0
25644	2
25645	2
25646	0
25647	3
25648	0
25649	0
25650	2
25651	1
25652	3
25653	1
25654	0
25655	3
25656	1
25657	3
25658	3
25659	3
25660	0
25661	3
25662	3
25663	3
25664	0
25665	3
25666	3
25667	3
25668	0
25669	1
25670	3
25671	0
25672	2
25673	3
25674	3
25675	0
25676	3
25677	0
25678	0
25679	0
25680	0
25681	0
25682	2
25683	0
25684	1
25685	0
25686	0
25687	2
25688	1
25689	0
25690	3
25691	0
25692	1
25693	0
25694	2
25695	3
25696	2
25697	3
25698	0
25699	2
25700	0
25701	3
25702	3
25703	0
25704	0
25705	0
25706	0
25707	3
25708	2
25709	0
25710	0
25711	3
25712	0
25713	0
25714	1
25715	0
25716	2
25717	3
25718	2
25719	1
25720	3
25721	0
25722	0
25723	3
25724	3
25725	3
25726	3
25727	3
25728	2
25729	3
25730	2
25731	2
25732	0
25733	0
25734	1
25735	1
25736	3
25737	1
25738	1
25739	3
25740	3
25741	3
25742	2
25743	2
25744	2
25745	0
25746	0
25747	0
25748	3
25749	0
25750	2
25751	3
25752	0
25753	0
25754	0
25755	3
25756	3
25757	0
25758	0
25759	2
25760	2
25761	0
25762	2
25763	0
25764	0
25765	3
25766	1
25767	2
25768	0
25769	0
25770	0
25771	0
25772	2
25773	0
25774	0
25775	2
25776	3
25777	3
25778	0
25779	0
25780	0
25781	0
25782	0
25783	0
25784	1
25785	2
25786	0
25787	0
25788	2
25789	0
25790	1
25791	0
25792	0
25793	3
25794	0
25795	1
25796	0
25797	3
25798	0
25799	3
25800	0
25801	2
25802	3
25803	2
25804	1
25805	2
25806	0
25807	2
25808	0
25809	0
25810	0
25811	0
25812	3
25813	3
25814	0
25815	3
25816	3
25817	3
25818	0
25819	0
25820	3
25821	3
25822	2
25823	0
25824	3
25825	1
25826	0
25827	0
25828	0
25829	2
25830	3
25831	3
25832	0
25833	2
25834	0
25835	3
25836	3
25837	2
25838	1
25839	0
25840	0
25841	0
25842	0
25843	1
25844	1
25845	0
25846	0
25847	0
25848	2
25849	0
25850	0
25851	0
25852	0
25853	1
25854	0
25855	3
25856	0
25857	0
25858	3
25859	2
25860	3
25861	2
25862	3
25863	3
25864	3
25865	0
25866	2
25867	0
25868	0
25869	0
25870	0
25871	1
25872	3
25873	3
25874	0
25875	0
25876	0
25877	2
25878	3
25879	0
25880	0
25881	2
25882	2
25883	2
25884	3
25885	2
25886	0
25887	1
25888	3
25889	3
25890	3
25891	1
25892	3
25893	0
25894	1
25895	3
25896	3
25897	0
25898	0
25899	0
25900	0
25901	0
25902	2
25903	3
25904	0
25905	1
25906	2
25907	3
25908	3
25909	1
25910	0
25911	0
25912	0
25913	1
25914	2
25915	2
25916	0
25917	0
25918	1
25919	0
25920	1
25921	3
25922	2
25923	2
25924	3
25925	1
25926	0
25927	2
25928	0
25929	2
25930	0
25931	3
25932	2
25933	3
25934	2
25935	2
25936	0
25937	0
25938	1
25939	0
25940	0
25941	0
25942	0
25943	2
25944	0
25945	3
25946	3
25947	0
25948	0
25949	0
25950	3
25951	1
25952	2
25953	0
25954	0
25955	3
25956	3
25957	0
25958	0
25959	2
25960	0
25961	0
25962	1
25963	0
25964	0
25965	3
25966	3
25967	2
25968	3
25969	0
25970	3
25971	0
25972	3
25973	2
25974	2
25975	2
25976	0
25977	0
25978	0
25979	0
25980	0
25981	0
25982	0
25983	3
25984	1
25985	3
25986	2
25987	2
25988	2
25989	3
25990	0
25991	3
25992	0
25993	1
25994	0
25995	2
25996	3
25997	2
25998	2
25999	3
26000	3
26001	3
26002	3
26003	3
26004	3
26005	3
26006	3
26007	3
26008	3
26009	3
26010	3
26011	3
26012	2
26013	3
26014	2
26015	3
26016	3
26017	2
26018	3
26019	2
26020	3
26021	3
26022	3
26023	3
26024	3
26025	2
26026	3
26027	3
26028	1
26029	3
26030	3
26031	3
26032	3
26033	3
26034	3
26035	2
26036	2
26037	1
26038	3
26039	3
26040	3
26041	3
26042	1
26043	1
26044	3
26045	3
26046	3
26047	3
26048	3
26049	3
26050	2
26051	3
26052	3
26053	1
26054	2
26055	3
26056	3
26057	2
26058	3
26059	3
26060	3
26061	2
26062	2
26063	3
26064	2
26065	3
26066	3
26067	3
26068	2
26069	2
26070	2
26071	2
26072	3
26073	3
26074	3
26075	2
26076	3
26077	3
26078	2
26079	3
26080	2
26081	3
26082	2
26083	3
26084	3
26085	3
26086	3
26087	1
26088	3
26089	2
26090	1
26091	3
26092	3
26093	3
26094	2
26095	3
26096	3
26097	3
26098	2
26099	2
26100	2
26101	3
26102	2
26103	3
26104	3
26105	1
26106	3
26107	3
26108	2
26109	3
26110	3
26111	3
26112	3
26113	3
26114	3
26115	2
26116	2
26117	3
26118	2
26119	2
26120	3
26121	0
26122	3
26123	2
26124	2
26125	3
26126	3
26127	3
26128	1
26129	2
26130	3
26131	3
26132	3
26133	3
26134	3
26135	3
26136	3
26137	2
26138	3
26139	3
26140	2
26141	3
26142	1
26143	2
26144	2
26145	2
26146	3
26147	2
26148	3
26149	3
26150	3
26151	3
26152	3
26153	3
26154	2
26155	3
26156	3
26157	2
26158	3
26159	2
26160	2
26161	3
26162	3
26163	2
26164	1
26165	2
26166	3
26167	3
26168	3
26169	3
26170	2
26171	3
26172	1
26173	2
26174	3
26175	1
26176	3
26177	2
26178	2
26179	3
26180	3
26181	2
26182	2
26183	0
26184	2
26185	3
26186	3
26187	3
26188	3
26189	3
26190	2
26191	3
26192	3
26193	3
26194	1
26195	1
26196	2
26197	1
26198	3
26199	3
26200	2
26201	2
26202	3
26203	3
26204	2
26205	1
26206	3
26207	2
26208	2
26209	3
26210	3
26211	2
26212	3
26213	1
26214	3
26215	3
26216	0
26217	3
26218	3
26219	2
26220	3
26221	1
26222	3
26223	3
26224	3
26225	1
26226	1
26227	2
26228	2
26229	3
26230	2
26231	3
26232	1
26233	3
26234	3
26235	3
26236	3
26237	2
26238	3
26239	2
26240	3
26241	2
26242	3
26243	2
26244	3
26245	2
26246	3
26247	3
26248	2
26249	3
26250	2
26251	2
26252	3
26253	2
26254	3
26255	3
26256	3
26257	2
26258	2
26259	1
26260	1
26261	1
26262	3
26263	2
26264	3
26265	3
26266	2
26267	1
26268	1
26269	1
26270	3
26271	3
26272	3
26273	1
26274	3
26275	3
26276	1
26277	1
26278	3
26279	3
26280	3
26281	1
26282	1
26283	3
26284	3
26285	2
26286	2
26287	0
26288	3
26289	2
26290	2
26291	3
26292	2
26293	3
26294	3
26295	2
26296	3
26297	3
26298	3
26299	3
26300	3
26301	3
26302	2
26303	3
26304	3
26305	2
26306	2
26307	3
26308	3
26309	2
26310	2
26311	1
26312	1
26313	3
26314	3
26315	2
26316	3
26317	3
26318	2
26319	3
26320	3
26321	3
26322	3
26323	3
26324	3
26325	1
26326	3
26327	2
26328	2
26329	3
26330	3
26331	2
26332	2
26333	2
26334	2
26335	3
26336	2
26337	2
26338	3
26339	3
26340	2
26341	2
26342	3
26343	2
26344	3
26345	2
26346	2
26347	3
26348	3
26349	1
26350	3
26351	2
26352	3
26353	2
26354	3
26355	0
26356	3
26357	3
26358	3
26359	2
26360	1
26361	2
26362	1
26363	3
26364	3
26365	2
26366	3
26367	3
26368	0
26369	1
26370	2
26371	3
26372	2
26373	3
26374	2
26375	1
26376	1
26377	0
26378	1
26379	3
26380	3
26381	3
26382	3
26383	3
26384	1
26385	2
26386	3
26387	3
26388	3
26389	1
26390	2
26391	2
26392	2
26393	3
26394	3
26395	3
26396	3
26397	3
26398	3
26399	3
26400	0
26401	3
26402	3
26403	3
26404	3
26405	3
26406	0
26407	2
26408	1
26409	3
26410	2
26411	3
26412	2
26413	0
26414	3
26415	1
26416	3
26417	3
26418	2
26419	3
26420	3
26421	1
26422	2
26423	3
26424	3
26425	2
26426	1
26427	2
26428	1
26429	2
26430	1
26431	2
26432	3
26433	3
26434	2
26435	2
26436	3
26437	2
26438	3
26439	0
26440	2
26441	1
26442	3
26443	0
26444	2
26445	3
26446	2
26447	0
26448	3
26449	1
26450	3
26451	2
26452	3
26453	0
26454	2
26455	2
26456	2
26457	1
26458	0
26459	3
26460	3
26461	0
26462	3
26463	2
26464	3
26465	3
26466	3
26467	2
26468	0
26469	0
26470	3
26471	1
26472	3
26473	1
26474	1
26475	1
26476	2
26477	3
26478	3
26479	3
26480	1
26481	3
26482	0
26483	2
26484	3
26485	1
26486	1
26487	3
26488	0
26489	2
26490	3
26491	2
26492	2
26493	1
26494	1
26495	1
26496	1
26497	2
26498	3
26499	2
26500	2
26501	3
26502	2
26503	2
26504	3
26505	0
26506	0
26507	3
26508	2
26509	2
26510	3
26511	1
26512	3
26513	2
26514	0
26515	2
26516	3
26517	2
26518	3
26519	2
26520	1
26521	3
26522	2
26523	1
26524	3
26525	0
26526	2
26527	2
26528	2
26529	2
26530	2
26531	2
26532	1
26533	2
26534	1
26535	1
26536	3
26537	2
26538	1
26539	1
26540	2
26541	2
26542	1
26543	3
26544	0
26545	1
26546	0
26547	3
26548	2
26549	2
26550	2
26551	2
26552	1
26553	3
26554	3
26555	2
26556	3
26557	2
26558	2
26559	3
26560	0
26561	3
26562	3
26563	2
26564	3
26565	2
26566	2
26567	3
26568	3
26569	1
26570	2
26571	3
26572	0
26573	3
26574	3
26575	3
26576	0
26577	2
26578	3
26579	3
26580	3
26581	0
26582	3
26583	2
26584	2
26585	2
26586	2
26587	2
26588	2
26589	3
26590	3
26591	0
26592	3
26593	3
26594	1
26595	3
26596	0
26597	3
26598	2
26599	2
26600	3
26601	3
26602	3
26603	2
26604	1
26605	2
26606	2
26607	3
26608	0
26609	2
26610	3
26611	3
26612	2
26613	3
26614	3
26615	2
26616	3
26617	3
26618	2
26619	2
26620	3
26621	3
26622	1
26623	1
26624	3
26625	3
26626	3
26627	0
26628	1
26629	0
26630	2
26631	3
26632	3
26633	2
26634	1
26635	2
26636	2
26637	3
26638	1
26639	1
26640	1
26641	2
26642	3
26643	3
26644	1
26645	2
26646	2
26647	1
26648	3
26649	2
26650	3
26651	2
26652	1
26653	0
26654	2
26655	0
26656	0
26657	3
26658	3
26659	2
26660	1
26661	2
26662	3
26663	3
26664	1
26665	3
26666	3
26667	3
26668	0
26669	3
26670	1
26671	1
26672	3
26673	2
26674	2
26675	2
26676	2
26677	2
26678	0
26679	2
26680	2
26681	2
26682	3
26683	0
26684	3
26685	1
26686	3
26687	3
26688	0
26689	1
26690	3
26691	2
26692	2
26693	2
26694	3
26695	3
26696	1
26697	0
26698	2
26699	1
26700	3
26701	3
26702	2
26703	2
26704	0
26705	3
26706	1
26707	2
26708	2
26709	3
26710	2
26711	3
26712	2
26713	3
26714	3
26715	2
26716	0
26717	2
26718	1
26719	0
26720	2
26721	0
26722	2
26723	3
26724	3
26725	2
26726	1
26727	3
26728	3
26729	0
26730	2
26731	3
26732	0
26733	0
26734	3
26735	3
26736	2
26737	3
26738	3
26739	3
26740	2
26741	2
26742	2
26743	3
26744	2
26745	2
26746	2
26747	2
26748	2
26749	3
26750	3
26751	2
26752	0
26753	1
26754	3
26755	2
26756	3
26757	0
26758	3
26759	0
26760	3
26761	0
26762	3
26763	1
26764	2
26765	2
26766	1
26767	1
26768	1
26769	1
26770	1
26771	3
26772	1
26773	3
26774	0
26775	2
26776	0
26777	2
26778	1
26779	2
26780	3
26781	2
26782	1
26783	2
26784	0
26785	2
26786	1
26787	3
26788	3
26789	3
26790	3
26791	1
26792	3
26793	0
26794	3
26795	3
26796	1
26797	0
26798	0
26799	3
26800	2
26801	0
26802	1
26803	2
26804	1
26805	3
26806	2
26807	2
26808	0
26809	1
26810	3
26811	1
26812	3
26813	3
26814	1
26815	3
26816	3
26817	1
26818	0
26819	1
26820	2
26821	1
26822	3
26823	3
26824	3
26825	1
26826	1
26827	3
26828	3
26829	3
26830	0
26831	2
26832	2
26833	0
26834	3
26835	1
26836	2
26837	1
26838	2
26839	1
26840	0
26841	3
26842	1
26843	3
26844	2
26845	1
26846	0
26847	2
26848	3
26849	2
26850	3
26851	3
26852	3
26853	3
26854	0
26855	3
26856	2
26857	2
26858	3
26859	0
26860	3
26861	0
26862	3
26863	0
26864	2
26865	1
26866	2
26867	2
26868	2
26869	0
26870	3
26871	3
26872	3
26873	3
26874	3
26875	3
26876	2
26877	0
26878	2
26879	3
26880	0
26881	2
26882	3
26883	3
26884	2
26885	2
26886	3
26887	3
26888	0
26889	2
26890	2
26891	2
26892	2
26893	2
26894	2
26895	2
26896	2
26897	1
26898	1
26899	3
26900	3
26901	3
26902	1
26903	3
26904	0
26905	2
26906	2
26907	2
26908	2
26909	2
26910	3
26911	0
26912	1
26913	1
26914	2
26915	2
26916	1
26917	1
26918	1
26919	0
26920	2
26921	3
26922	3
26923	1
26924	2
26925	3
26926	2
26927	0
26928	3
26929	3
26930	0
26931	2
26932	2
26933	1
26934	0
26935	0
26936	3
26937	0
26938	3
26939	1
26940	0
26941	2
26942	0
26943	2
26944	1
26945	2
26946	3
26947	2
26948	3
26949	3
26950	3
26951	2
26952	2
26953	1
26954	3
26955	2
26956	1
26957	2
26958	0
26959	3
26960	2
26961	2
26962	3
26963	0
26964	2
26965	3
26966	1
26967	3
26968	2
26969	1
26970	0
26971	2
26972	0
26973	2
26974	2
26975	3
26976	2
26977	3
26978	1
26979	3
26980	3
26981	3
26982	3
26983	1
26984	0
26985	0
26986	2
26987	1
26988	1
26989	2
26990	1
26991	2
26992	3
26993	1
26994	0
26995	2
26996	2
26997	3
26998	1
26999	2
27000	3
27001	3
27002	0
27003	1
27004	2
27005	1
27006	2
27007	0
27008	2
27009	1
27010	3
27011	0
27012	2
27013	2
27014	1
27015	0
27016	0
27017	1
27018	3
27019	1
27020	3
27021	0
27022	1
27023	2
27024	0
27025	2
27026	2
27027	0
27028	2
27029	2
27030	1
27031	0
27032	2
27033	3
27034	0
27035	2
27036	1
27037	0
27038	1
27039	3
27040	1
27041	1
27042	2
27043	2
27044	1
27045	3
27046	3
27047	2
27048	2
27049	1
27050	2
27051	0
27052	2
27053	2
27054	0
27055	1
27056	0
27057	2
27058	3
27059	3
27060	1
27061	0
27062	3
27063	2
27064	3
27065	3
27066	0
27067	2
27068	3
27069	0
27070	2
27071	1
27072	2
27073	1
27074	2
27075	2
27076	2
27077	2
27078	1
27079	2
27080	0
27081	3
27082	2
27083	2
27084	3
27085	1
27086	3
27087	0
27088	0
27089	2
27090	3
27091	1
27092	1
27093	2
27094	0
27095	2
27096	2
27097	2
27098	0
27099	0
27100	1
27101	3
27102	2
27103	3
27104	1
27105	2
27106	2
27107	0
27108	2
27109	0
27110	3
27111	3
27112	2
27113	1
27114	3
27115	0
27116	0
27117	0
27118	1
27119	1
27120	2
27121	2
27122	3
27123	2
27124	3
27125	2
27126	3
27127	1
27128	0
27129	0
27130	2
27131	0
27132	3
27133	1
27134	0
27135	2
27136	2
27137	3
27138	0
27139	1
27140	3
27141	3
27142	0
27143	0
27144	2
27145	0
27146	1
27147	0
27148	2
27149	2
27150	0
27151	2
27152	0
27153	3
27154	1
27155	0
27156	2
27157	0
27158	3
27159	1
27160	3
27161	2
27162	1
27163	2
27164	1
27165	2
27166	3
27167	3
27168	1
27169	2
27170	3
27171	3
27172	2
27173	0
27174	0
27175	2
27176	3
27177	1
27178	1
27179	1
27180	3
27181	0
27182	0
27183	2
27184	0
27185	1
27186	0
27187	3
27188	1
27189	3
27190	3
27191	2
27192	1
27193	1
27194	1
27195	2
27196	3
27197	2
27198	3
27199	2
27200	2
27201	0
27202	2
27203	3
27204	0
27205	3
27206	0
27207	0
27208	2
27209	2
27210	0
27211	1
27212	3
27213	1
27214	0
27215	1
27216	1
27217	1
27218	0
27219	2
27220	0
27221	1
27222	1
27223	2
27224	3
27225	1
27226	3
27227	2
27228	3
27229	3
27230	2
27231	3
27232	1
27233	2
27234	1
27235	0
27236	2
27237	2
27238	3
27239	0
27240	2
27241	2
27242	0
27243	1
27244	3
27245	3
27246	0
27247	2
27248	3
27249	3
27250	2
27251	3
27252	1
27253	2
27254	2
27255	2
27256	2
27257	1
27258	3
27259	0
27260	0
27261	1
27262	3
27263	0
27264	1
27265	3
27266	1
27267	2
27268	0
27269	1
27270	0
27271	1
27272	0
27273	0
27274	1
27275	3
27276	1
27277	2
27278	2
27279	0
27280	0
27281	3
27282	0
27283	2
27284	0
27285	1
27286	3
27287	1
27288	1
27289	2
27290	0
27291	2
27292	1
27293	0
27294	0
27295	2
27296	0
27297	1
27298	2
27299	2
27300	3
27301	3
27302	0
27303	3
27304	0
27305	0
27306	2
27307	0
27308	0
27309	3
27310	3
27311	2
27312	0
27313	1
27314	2
27315	3
27316	2
27317	0
27318	2
27319	0
27320	3
27321	2
27322	0
27323	3
27324	0
27325	3
27326	3
27327	0
27328	0
27329	3
27330	2
27331	0
27332	0
27333	2
27334	0
27335	3
27336	0
27337	0
27338	2
27339	2
27340	3
27341	0
27342	2
27343	1
27344	2
27345	3
27346	2
27347	1
27348	2
27349	1
27350	0
27351	2
27352	3
27353	2
27354	2
27355	3
27356	1
27357	3
27358	2
27359	3
27360	3
27361	1
27362	3
27363	1
27364	3
27365	0
27366	3
27367	1
27368	0
27369	0
27370	0
27371	0
27372	0
27373	0
27374	0
27375	2
27376	2
27377	1
27378	1
27379	2
27380	1
27381	0
27382	3
27383	0
27384	2
27385	0
27386	1
27387	0
27388	0
27389	3
27390	3
27391	1
27392	1
27393	0
27394	2
27395	0
27396	2
27397	2
27398	2
27399	1
27400	0
27401	0
27402	0
27403	0
27404	1
27405	2
27406	2
27407	0
27408	3
27409	3
27410	1
27411	2
27412	2
27413	3
27414	2
27415	1
27416	1
27417	0
27418	3
27419	3
27420	3
27421	1
27422	0
27423	2
27424	0
27425	1
27426	2
27427	0
27428	0
27429	2
27430	0
27431	0
27432	3
27433	3
27434	1
27435	2
27436	2
27437	3
27438	2
27439	1
27440	1
27441	2
27442	0
27443	1
27444	1
27445	0
27446	3
27447	1
27448	2
27449	1
27450	0
27451	2
27452	1
27453	1
27454	0
27455	0
27456	0
27457	2
27458	1
27459	3
27460	0
27461	2
27462	2
27463	0
27464	0
27465	3
27466	1
27467	2
27468	0
27469	3
27470	0
27471	0
27472	1
27473	1
27474	3
27475	2
27476	1
27477	3
27478	2
27479	1
27480	1
27481	0
27482	2
27483	0
27484	3
27485	1
27486	2
27487	3
27488	0
27489	1
27490	0
27491	1
27492	1
27493	3
27494	3
27495	0
27496	3
27497	0
27498	2
27499	3
27500	3
27501	2
27502	2
27503	3
27504	3
27505	3
27506	2
27507	0
27508	3
27509	3
27510	3
27511	3
27512	0
27513	0
27514	0
27515	3
27516	2
27517	0
27518	2
27519	2
27520	0
27521	1
27522	1
27523	1
27524	1
27525	2
27526	2
27527	3
27528	2
27529	2
27530	0
27531	2
27532	3
27533	3
27534	3
27535	3
27536	1
27537	0
27538	2
27539	0
27540	3
27541	1
27542	2
27543	2
27544	0
27545	1
27546	0
27547	2
27548	3
27549	2
27550	3
27551	2
27552	1
27553	1
27554	3
27555	0
27556	2
27557	0
27558	1
27559	0
27560	3
27561	2
27562	0
27563	0
27564	3
27565	2
27566	0
27567	1
27568	3
27569	2
27570	0
27571	1
27572	0
27573	1
27574	2
27575	1
27576	3
27577	3
27578	3
27579	3
27580	1
27581	2
27582	2
27583	2
27584	2
27585	1
27586	3
27587	1
27588	3
27589	1
27590	2
27591	2
27592	2
27593	2
27594	3
27595	2
27596	3
27597	3
27598	0
27599	3
27600	2
27601	3
27602	3
27603	0
27604	2
27605	2
27606	2
27607	2
27608	3
27609	2
27610	1
27611	0
27612	2
27613	0
27614	0
27615	0
27616	2
27617	0
27618	1
27619	3
27620	2
27621	1
27622	0
27623	2
27624	3
27625	0
27626	1
27627	0
27628	3
27629	2
27630	2
27631	2
27632	0
27633	0
27634	0
27635	1
27636	1
27637	0
27638	2
27639	3
27640	2
27641	1
27642	0
27643	0
27644	0
27645	1
27646	2
27647	3
27648	0
27649	1
27650	2
27651	0
27652	3
27653	2
27654	1
27655	0
27656	0
27657	2
27658	3
27659	3
27660	2
27661	0
27662	0
27663	3
27664	3
27665	0
27666	2
27667	3
27668	0
27669	2
27670	3
27671	0
27672	0
27673	2
27674	0
27675	0
27676	0
27677	3
27678	1
27679	0
27680	1
27681	0
27682	3
27683	0
27684	2
27685	1
27686	1
27687	0
27688	1
27689	1
27690	0
27691	3
27692	0
27693	2
27694	0
27695	1
27696	2
27697	2
27698	3
27699	3
27700	0
27701	0
27702	0
27703	2
27704	0
27705	2
27706	1
27707	3
27708	0
27709	0
27710	2
27711	3
27712	0
27713	2
27714	1
27715	3
27716	2
27717	0
27718	1
27719	0
27720	3
27721	3
27722	0
27723	0
27724	1
27725	2
27726	3
27727	2
27728	0
27729	3
27730	3
27731	0
27732	0
27733	1
27734	0
27735	2
27736	0
27737	2
27738	3
27739	2
27740	2
27741	3
27742	0
27743	1
27744	0
27745	2
27746	2
27747	2
27748	3
27749	0
27750	2
27751	0
27752	2
27753	3
27754	0
27755	3
27756	2
27757	3
27758	0
27759	0
27760	3
27761	0
27762	2
27763	0
27764	0
27765	3
27766	1
27767	0
27768	0
27769	0
27770	1
27771	0
27772	3
27773	0
27774	1
27775	3
27776	0
27777	2
27778	1
27779	1
27780	2
27781	1
27782	2
27783	3
27784	2
27785	1
27786	3
27787	2
27788	3
27789	0
27790	3
27791	0
27792	3
27793	0
27794	1
27795	0
27796	0
27797	3
27798	2
27799	3
27800	0
27801	2
27802	0
27803	0
27804	0
27805	0
27806	2
27807	0
27808	2
27809	2
27810	3
27811	0
27812	3
27813	1
27814	2
27815	2
27816	1
27817	3
27818	2
27819	3
27820	0
27821	0
27822	0
27823	2
27824	2
27825	2
27826	3
27827	2
27828	1
27829	1
27830	0
27831	2
27832	0
27833	1
27834	0
27835	2
27836	0
27837	3
27838	1
27839	1
27840	2
27841	0
27842	2
27843	3
27844	3
27845	2
27846	3
27847	2
27848	0
27849	2
27850	2
27851	0
27852	2
27853	1
27854	3
27855	0
27856	1
27857	0
27858	3
27859	0
27860	3
27861	0
27862	1
27863	0
27864	2
27865	3
27866	3
27867	1
27868	2
27869	0
27870	2
27871	2
27872	0
27873	2
27874	2
27875	1
27876	2
27877	0
27878	0
27879	0
27880	2
27881	0
27882	3
27883	2
27884	0
27885	2
27886	0
27887	1
27888	2
27889	1
27890	0
27891	0
27892	2
27893	0
27894	3
27895	1
27896	0
27897	0
27898	0
27899	0
27900	1
27901	2
27902	3
27903	2
27904	2
27905	0
27906	0
27907	1
27908	1
27909	3
27910	3
27911	0
27912	3
27913	1
27914	2
27915	3
27916	0
27917	0
27918	0
27919	1
27920	3
27921	0
27922	3
27923	3
27924	0
27925	2
27926	0
27927	3
27928	3
27929	2
27930	3
27931	3
27932	0
27933	3
27934	0
27935	2
27936	3
27937	2
27938	1
27939	3
27940	2
27941	0
27942	2
27943	2
27944	0
27945	1
27946	0
27947	3
27948	0
27949	1
27950	3
27951	0
27952	0
27953	2
27954	1
27955	2
27956	2
27957	0
27958	2
27959	0
27960	3
27961	0
27962	3
27963	2
27964	3
27965	0
27966	2
27967	2
27968	0
27969	0
27970	2
27971	0
27972	0
27973	2
27974	1
27975	0
27976	1
27977	3
27978	0
27979	0
27980	0
27981	1
27982	2
27983	0
27984	0
27985	2
27986	1
27987	2
27988	0
27989	0
27990	2
27991	2
27992	2
27993	2
27994	0
27995	2
27996	1
27997	1
27998	2
27999	3
28000	0
28001	3
28002	3
28003	2
28004	2
28005	0
28006	0
28007	0
28008	0
28009	3
28010	1
28011	1
28012	3
28013	1
28014	1
28015	2
28016	0
28017	1
28018	3
28019	2
28020	0
28021	2
28022	0
28023	0
28024	2
28025	2
28026	0
28027	0
28028	3
28029	2
28030	3
28031	0
28032	3
28033	3
28034	3
28035	2
28036	0
28037	1
28038	0
28039	2
28040	2
28041	2
28042	1
28043	0
28044	3
28045	0
28046	2
28047	0
28048	0
28049	3
28050	2
28051	2
28052	0
28053	0
28054	0
28055	0
28056	0
28057	2
28058	2
28059	0
28060	0
28061	3
28062	0
28063	0
28064	2
28065	0
28066	0
28067	2
28068	2
28069	0
28070	0
28071	1
28072	2
28073	3
28074	1
28075	1
28076	2
28077	3
28078	1
28079	2
28080	0
28081	1
28082	2
28083	0
28084	0
28085	2
28086	0
28087	3
28088	2
28089	1
28090	0
28091	0
28092	1
28093	2
28094	0
28095	3
28096	0
28097	1
28098	3
28099	0
28100	2
28101	2
28102	3
28103	0
28104	3
28105	0
28106	2
28107	2
28108	0
28109	1
28110	0
28111	2
28112	0
28113	0
28114	3
28115	1
28116	1
28117	2
28118	0
28119	2
28120	3
28121	0
28122	1
28123	0
28124	3
28125	2
28126	3
28127	1
28128	0
28129	0
28130	1
28131	3
28132	2
28133	2
28134	2
28135	1
28136	2
28137	2
28138	3
28139	3
28140	1
28141	0
28142	0
28143	2
28144	1
28145	2
28146	3
28147	2
28148	1
28149	0
28150	3
28151	0
28152	2
28153	1
28154	3
28155	1
28156	1
28157	0
28158	2
28159	0
28160	3
28161	1
28162	0
28163	3
28164	1
28165	3
28166	0
28167	0
28168	2
28169	0
28170	0
28171	0
28172	0
28173	0
28174	0
28175	1
28176	0
28177	1
28178	0
28179	2
28180	3
28181	1
28182	0
28183	3
28184	1
28185	0
28186	3
28187	1
28188	0
28189	2
28190	1
28191	2
28192	3
28193	0
28194	0
28195	0
28196	3
28197	1
28198	2
28199	2
28200	1
28201	3
28202	3
28203	1
28204	0
28205	2
28206	0
28207	1
28208	2
28209	2
28210	0
28211	2
28212	2
28213	3
28214	0
28215	0
28216	1
28217	1
28218	0
28219	2
28220	1
28221	0
28222	3
28223	0
28224	0
28225	2
28226	0
28227	2
28228	0
28229	2
28230	2
28231	3
28232	2
28233	0
28234	2
28235	2
28236	2
28237	0
28238	1
28239	3
28240	0
28241	1
28242	0
28243	1
28244	3
28245	0
28246	0
28247	1
28248	3
28249	2
28250	2
28251	0
28252	0
28253	1
28254	2
28255	2
28256	0
28257	2
28258	0
28259	1
28260	2
28261	3
28262	0
28263	0
28264	3
28265	1
28266	0
28267	2
28268	1
28269	1
28270	3
28271	0
28272	0
28273	2
28274	2
28275	2
28276	2
28277	0
28278	2
28279	2
28280	2
28281	0
28282	2
28283	1
28284	2
28285	1
28286	2
28287	0
28288	3
28289	1
28290	1
28291	1
28292	0
28293	2
28294	0
28295	2
28296	2
28297	0
28298	1
28299	2
28300	1
28301	2
28302	1
28303	0
28304	2
28305	2
28306	3
28307	2
28308	0
28309	0
28310	3
28311	0
28312	0
28313	1
28314	1
28315	2
28316	1
28317	2
28318	2
28319	3
28320	0
28321	0
28322	0
28323	3
28324	1
28325	0
28326	1
28327	1
28328	0
28329	3
28330	2
28331	0
28332	2
28333	1
28334	3
28335	2
28336	0
28337	3
28338	2
28339	0
28340	0
28341	3
28342	0
28343	0
28344	0
28345	0
28346	2
28347	3
28348	0
28349	2
28350	0
28351	2
28352	2
28353	3
28354	3
28355	3
28356	0
28357	1
28358	1
28359	0
28360	2
28361	0
28362	3
28363	2
28364	0
28365	0
28366	0
28367	2
28368	0
28369	3
28370	2
28371	1
28372	2
28373	0
28374	2
28375	0
28376	3
28377	1
28378	2
28379	0
28380	1
28381	2
28382	0
28383	1
28384	0
28385	0
28386	2
28387	0
28388	3
28389	1
28390	1
28391	1
28392	2
28393	3
28394	0
28395	0
28396	1
28397	3
28398	2
28399	2
28400	0
28401	3
28402	3
28403	2
28404	0
28405	2
28406	0
28407	0
28408	0
28409	0
28410	1
28411	1
28412	2
28413	2
28414	0
28415	3
28416	2
28417	3
28418	0
28419	2
28420	0
28421	2
28422	2
28423	0
28424	1
28425	1
28426	0
28427	1
28428	0
28429	1
28430	2
28431	3
28432	0
28433	1
28434	2
28435	3
28436	3
28437	1
28438	1
28439	2
28440	2
28441	1
28442	2
28443	0
28444	3
28445	0
28446	3
28447	3
28448	0
28449	2
28450	0
28451	0
28452	2
28453	1
28454	1
28455	1
28456	3
28457	2
28458	2
28459	2
28460	3
28461	1
28462	0
28463	2
28464	2
28465	1
28466	0
28467	1
28468	2
28469	2
28470	1
28471	1
28472	2
28473	1
28474	0
28475	0
28476	0
28477	3
28478	2
28479	1
28480	0
28481	0
28482	1
28483	2
28484	3
28485	1
28486	1
28487	1
28488	3
28489	2
28490	3
28491	3
28492	0
28493	2
28494	1
28495	2
28496	1
28497	2
28498	0
28499	2
28500	3
28501	3
28502	3
28503	2
28504	1
28505	1
28506	1
28507	3
28508	1
28509	2
28510	1
28511	3
28512	2
28513	2
28514	1
28515	1
28516	0
28517	1
28518	2
28519	1
28520	0
28521	1
28522	1
28523	2
28524	2
28525	1
28526	2
28527	0
28528	1
28529	0
28530	2
28531	3
28532	2
28533	1
28534	3
28535	0
28536	0
28537	0
28538	0
28539	2
28540	0
28541	2
28542	1
28543	1
28544	3
28545	3
28546	1
28547	2
28548	3
28549	3
28550	0
28551	0
28552	1
28553	0
28554	1
28555	1
28556	0
28557	0
28558	0
28559	0
28560	0
28561	1
28562	2
28563	2
28564	0
28565	3
28566	2
28567	1
28568	2
28569	3
28570	2
28571	1
28572	3
28573	0
28574	1
28575	1
28576	3
28577	0
28578	2
28579	0
28580	1
28581	1
28582	3
28583	0
28584	3
28585	0
28586	0
28587	3
28588	2
28589	1
28590	3
28591	2
28592	2
28593	2
28594	2
28595	1
28596	1
28597	1
28598	2
28599	2
28600	1
28601	1
28602	1
28603	2
28604	2
28605	2
28606	3
28607	3
28608	0
28609	3
28610	2
28611	1
28612	0
28613	2
28614	1
28615	0
28616	1
28617	1
28618	3
28619	3
28620	0
28621	2
28622	3
28623	3
28624	1
28625	0
28626	3
28627	0
28628	3
28629	2
28630	0
28631	3
28632	0
28633	2
28634	0
28635	0
28636	1
28637	1
28638	2
28639	0
28640	0
28641	3
28642	1
28643	0
28644	3
28645	0
28646	3
28647	3
28648	2
28649	2
28650	1
28651	2
28652	3
28653	1
28654	3
28655	3
28656	2
28657	3
28658	0
28659	0
28660	1
28661	3
28662	0
28663	2
28664	0
28665	0
28666	3
28667	1
28668	3
28669	2
28670	3
28671	3
28672	3
28673	1
28674	3
28675	2
28676	1
28677	0
28678	1
28679	0
28680	2
28681	3
28682	0
28683	0
28684	0
28685	0
28686	1
28687	2
28688	2
28689	3
28690	0
28691	1
28692	2
28693	0
28694	2
28695	1
28696	2
28697	2
28698	0
28699	1
28700	0
28701	1
28702	0
28703	1
28704	1
28705	3
28706	3
28707	3
28708	0
28709	2
28710	1
28711	2
28712	2
28713	0
28714	0
28715	1
28716	0
28717	2
28718	3
28719	3
28720	0
28721	0
28722	1
28723	3
28724	2
28725	0
28726	1
28727	3
28728	3
28729	3
28730	2
28731	1
28732	0
28733	2
28734	1
28735	0
28736	0
28737	0
28738	0
28739	0
28740	0
28741	0
28742	0
28743	2
28744	0
28745	2
28746	1
28747	0
28748	1
28749	0
28750	3
28751	0
28752	3
28753	2
28754	1
28755	0
28756	2
28757	0
28758	1
28759	0
28760	2
28761	0
28762	3
28763	2
28764	3
28765	0
28766	0
28767	1
28768	2
28769	3
28770	2
28771	1
28772	0
28773	1
28774	0
28775	0
28776	1
28777	0
28778	1
28779	0
28780	0
28781	0
28782	0
28783	3
28784	2
28785	1
28786	3
28787	1
28788	0
28789	1
28790	2
28791	0
28792	2
28793	2
28794	2
28795	0
28796	0
28797	0
28798	0
28799	3
28800	1
28801	2
28802	1
28803	2
28804	2
28805	3
28806	2
28807	0
28808	1
28809	3
28810	0
28811	3
28812	3
28813	3
28814	2
28815	2
28816	1
28817	2
28818	1
28819	1
28820	1
28821	1
28822	0
28823	0
28824	0
28825	3
28826	3
28827	3
28828	3
28829	1
28830	1
28831	2
28832	1
28833	0
28834	3
28835	2
28836	3
28837	2
28838	1
28839	1
28840	3
28841	3
28842	3
28843	1
28844	3
28845	1
28846	2
28847	1
28848	3
28849	3
28850	2
28851	0
28852	0
28853	0
28854	2
28855	1
28856	3
28857	0
28858	1
28859	3
28860	1
28861	1
28862	2
28863	3
28864	1
28865	0
28866	2
28867	2
28868	2
28869	2
28870	1
28871	2
28872	2
28873	0
28874	1
28875	2
28876	0
28877	3
28878	2
28879	1
28880	0
28881	2
28882	0
28883	1
28884	0
28885	0
28886	2
28887	2
28888	3
28889	0
28890	3
28891	3
28892	0
28893	0
28894	0
28895	0
28896	3
28897	2
28898	2
28899	3
28900	1
28901	1
28902	0
28903	2
28904	0
28905	0
28906	1
28907	0
28908	3
28909	0
28910	2
28911	1
28912	2
28913	0
28914	3
28915	0
28916	1
28917	1
28918	0
28919	2
28920	2
28921	0
28922	2
28923	3
28924	3
28925	1
28926	0
28927	2
28928	0
28929	0
28930	1
28931	3
28932	2
28933	3
28934	0
28935	1
28936	1
28937	1
28938	1
28939	2
28940	1
28941	3
28942	0
28943	2
28944	1
28945	2
28946	0
28947	0
28948	0
28949	2
28950	0
28951	0
28952	1
28953	2
28954	3
28955	2
28956	2
28957	2
28958	0
28959	0
28960	3
28961	1
28962	0
28963	1
28964	2
28965	2
28966	0
28967	3
28968	2
28969	0
28970	2
28971	2
28972	2
28973	1
28974	0
28975	1
28976	0
28977	2
28978	3
28979	0
28980	1
28981	2
28982	1
28983	0
28984	3
28985	2
28986	0
28987	0
28988	1
28989	2
28990	0
28991	2
28992	1
28993	2
28994	0
28995	2
28996	0
28997	3
28998	2
28999	1
29000	3
29001	0
29002	1
29003	0
29004	1
29005	0
29006	0
29007	2
29008	1
29009	0
29010	1
29011	1
29012	3
29013	3
29014	0
29015	0
29016	2
29017	2
29018	3
29019	2
29020	3
29021	0
29022	2
29023	1
29024	0
29025	0
29026	2
29027	1
29028	0
29029	2
29030	1
29031	2
29032	1
29033	1
29034	3
29035	3
29036	1
29037	2
29038	0
29039	1
29040	3
29041	0
29042	3
29043	3
29044	2
29045	2
29046	3
29047	3
29048	0
29049	1
29050	2
29051	3
29052	0
29053	2
29054	3
29055	2
29056	0
29057	1
29058	3
29059	0
29060	0
29061	2
29062	0
29063	0
29064	3
29065	0
29066	2
29067	0
29068	0
29069	0
29070	1
29071	1
29072	0
29073	1
29074	0
29075	0
29076	1
29077	0
29078	2
29079	0
29080	0
29081	0
29082	1
29083	2
29084	0
29085	2
29086	0
29087	0
29088	1
29089	2
29090	0
29091	0
29092	1
29093	3
29094	2
29095	0
29096	2
29097	0
29098	0
29099	2
29100	0
29101	2
29102	3
29103	1
29104	0
29105	2
29106	0
29107	1
29108	1
29109	3
29110	3
29111	2
29112	1
29113	1
29114	0
29115	2
29116	0
29117	2
29118	0
29119	1
29120	2
29121	0
29122	2
29123	1
29124	2
29125	3
29126	0
29127	1
29128	3
29129	2
29130	0
29131	3
29132	2
29133	0
29134	2
29135	1
29136	3
29137	0
29138	3
29139	3
29140	3
29141	0
29142	0
29143	1
29144	0
29145	1
29146	2
29147	0
29148	2
29149	0
29150	1
29151	2
29152	0
29153	0
29154	0
29155	0
29156	1
29157	3
29158	2
29159	1
29160	0
29161	0
29162	1
29163	3
29164	0
29165	0
29166	0
29167	2
29168	1
29169	0
29170	0
29171	2
29172	2
29173	2
29174	1
29175	3
29176	3
29177	0
29178	0
29179	1
29180	0
29181	3
29182	2
29183	0
29184	2
29185	0
29186	0
29187	3
29188	3
29189	1
29190	0
29191	2
29192	2
29193	2
29194	2
29195	3
29196	1
29197	1
29198	2
29199	0
29200	0
29201	1
29202	1
29203	0
29204	0
29205	1
29206	2
29207	1
29208	0
29209	3
29210	3
29211	0
29212	1
29213	2
29214	2
29215	2
29216	1
29217	3
29218	2
29219	0
29220	0
29221	2
29222	0
29223	2
29224	2
29225	1
29226	1
29227	0
29228	2
29229	0
29230	1
29231	1
29232	2
29233	1
29234	0
29235	3
29236	2
29237	0
29238	0
29239	0
29240	2
29241	0
29242	2
29243	0
29244	0
29245	0
29246	1
29247	2
29248	0
29249	1
29250	0
29251	1
29252	0
29253	1
29254	1
29255	0
29256	2
29257	0
29258	3
29259	1
29260	2
29261	2
29262	1
29263	0
29264	2
29265	2
29266	1
29267	1
29268	1
29269	3
29270	0
29271	2
29272	2
29273	0
29274	0
29275	0
29276	2
29277	3
29278	2
29279	0
29280	0
29281	1
29282	1
29283	1
29284	1
29285	2
29286	3
29287	0
29288	2
29289	2
29290	0
29291	1
29292	1
29293	0
29294	0
29295	0
29296	2
29297	0
29298	2
29299	3
29300	0
29301	2
29302	2
29303	3
29304	1
29305	0
29306	3
29307	1
29308	2
29309	0
29310	1
29311	0
29312	1
29313	0
29314	0
29315	0
29316	2
29317	3
29318	0
29319	1
29320	2
29321	0
29322	1
29323	0
29324	3
29325	1
29326	3
29327	1
29328	2
29329	1
29330	3
29331	2
29332	2
29333	0
29334	1
29335	2
29336	0
29337	2
29338	2
29339	0
29340	1
29341	3
29342	2
29343	0
29344	2
29345	0
29346	2
29347	0
29348	0
29349	0
29350	0
29351	2
29352	0
29353	0
29354	1
29355	0
29356	1
29357	0
29358	2
29359	0
29360	0
29361	0
29362	0
29363	3
29364	3
29365	1
29366	1
29367	1
29368	0
29369	2
29370	0
29371	0
29372	2
29373	0
29374	1
29375	0
29376	1
29377	0
29378	0
29379	1
29380	2
29381	2
29382	1
29383	2
29384	1
29385	0
29386	2
29387	3
29388	2
29389	3
29390	1
29391	1
29392	0
29393	2
29394	3
29395	2
29396	1
29397	0
29398	0
29399	1
29400	0
29401	0
29402	0
29403	0
29404	1
29405	2
29406	0
29407	0
29408	0
29409	3
29410	0
29411	2
29412	0
29413	3
29414	3
29415	3
29416	0
29417	1
29418	0
29419	3
29420	3
29421	1
29422	1
29423	1
29424	2
29425	2
29426	2
29427	1
29428	1
29429	3
29430	0
29431	2
29432	3
29433	0
29434	0
29435	2
29436	0
29437	1
29438	0
29439	1
29440	1
29441	1
29442	1
29443	1
29444	1
29445	2
29446	0
29447	1
29448	3
29449	2
29450	3
29451	0
29452	0
29453	0
29454	0
29455	1
29456	3
29457	0
29458	2
29459	0
29460	0
29461	0
29462	0
29463	0
29464	2
29465	1
29466	0
29467	0
29468	0
29469	1
29470	0
29471	2
29472	2
29473	1
29474	1
29475	1
29476	2
29477	1
29478	0
29479	0
29480	2
29481	2
29482	1
29483	0
29484	0
29485	1
29486	1
29487	0
29488	2
29489	0
29490	0
29491	2
29492	0
29493	0
29494	2
29495	0
29496	2
29497	0
29498	0
29499	3
29500	0
29501	0
29502	0
29503	1
29504	1
29505	0
29506	2
29507	0
29508	2
29509	1
29510	1
29511	0
29512	0
29513	0
29514	0
29515	1
29516	3
29517	0
29518	0
29519	0
29520	0
29521	1
29522	2
29523	0
29524	0
29525	1
29526	0
29527	1
29528	0
29529	2
29530	2
29531	0
29532	3
29533	0
29534	2
29535	0
29536	1
29537	2
29538	0
29539	0
29540	0
29541	0
29542	0
29543	0
29544	0
29545	0
29546	2
29547	0
29548	0
29549	3
29550	1
29551	2
29552	0
29553	0
29554	2
29555	1
29556	0
29557	1
29558	0
29559	1
29560	0
29561	1
29562	0
29563	2
29564	0
29565	0
29566	0
29567	2
29568	0
29569	0
29570	0
29571	0
29572	2
29573	0
29574	2
29575	2
29576	1
29577	2
29578	0
29579	2
29580	3
29581	0
29582	2
29583	3
29584	1
29585	0
29586	0
29587	0
29588	0
29589	1
29590	3
29591	0
29592	0
29593	1
29594	2
29595	1
29596	2
29597	2
29598	0
29599	0
29600	0
29601	0
29602	0
29603	0
29604	0
29605	0
29606	1
29607	2
29608	0
29609	0
29610	1
29611	2
29612	2
29613	0
29614	2
29615	0
29616	0
29617	0
29618	2
29619	0
29620	1
29621	0
29622	0
29623	0
29624	0
29625	0
29626	0
29627	1
29628	0
29629	0
29630	0
29631	0
29632	2
29633	0
29634	0
29635	1
29636	1
29637	1
29638	0
29639	0
29640	1
29641	0
29642	3
29643	2
29644	0
29645	2
29646	2
29647	0
29648	0
29649	1
29650	3
29651	0
29652	0
29653	0
29654	0
29655	0
29656	1
29657	0
29658	0
29659	0
29660	3
29661	0
29662	0
29663	3
29664	2
29665	0
29666	0
29667	2
29668	3
29669	0
29670	0
29671	0
29672	0
29673	2
29674	2
29675	0
29676	0
29677	0
29678	2
29679	0
29680	0
29681	0
29682	0
29683	0
29684	0
29685	1
29686	2
29687	0
29688	0
29689	2
29690	0
29691	0
29692	0
29693	0
29694	0
29695	2
29696	0
29697	0
29698	0
29699	0
29700	0
29701	0
29702	2
29703	2
29704	0
29705	0
29706	0
29707	0
29708	0
29709	3
29710	0
29711	1
29712	2
29713	0
29714	0
29715	0
29716	1
29717	0
29718	3
29719	0
29720	1
29721	2
29722	0
29723	2
29724	0
29725	2
29726	3
29727	1
29728	0
29729	0
29730	0
29731	0
29732	0
29733	0
29734	2
29735	0
29736	1
29737	0
29738	2
29739	0
29740	2
29741	2
29742	0
29743	1
29744	0
29745	3
29746	1
29747	3
29748	0
29749	2
29750	1
29751	0
29752	0
29753	0
29754	0
29755	0
29756	2
29757	0
29758	1
29759	0
29760	2
29761	3
29762	0
29763	2
29764	2
29765	2
29766	0
29767	2
29768	0
29769	0
29770	1
29771	2
29772	2
29773	0
29774	0
29775	3
29776	0
29777	0
29778	1
29779	2
29780	0
29781	0
29782	0
29783	0
29784	2
29785	2
29786	0
29787	0
29788	0
29789	2
29790	2
29791	2
29792	0
29793	0
29794	0
29795	0
29796	0
29797	0
29798	2
29799	0
29800	0
29801	0
29802	2
29803	0
29804	0
29805	0
29806	0
29807	0
29808	0
29809	0
29810	2
29811	0
29812	3
29813	3
29814	2
29815	1
29816	0
29817	2
29818	1
29819	2
29820	0
29821	3
29822	0
29823	0
29824	0
29825	1
29826	2
29827	0
29828	1
29829	0
29830	1
29831	2
29832	1
29833	3
29834	0
29835	0
29836	1
29837	1
29838	0
29839	3
29840	0
29841	0
29842	0
29843	2
29844	0
29845	1
29846	0
29847	3
29848	0
29849	0
29850	0
29851	2
29852	0
29853	2
29854	0
29855	2
29856	2
29857	1
29858	1
29859	0
29860	0
29861	0
29862	2
29863	0
29864	3
29865	0
29866	1
29867	0
29868	1
29869	3
29870	3
29871	1
29872	2
29873	2
29874	1
29875	0
29876	0
29877	2
29878	2
29879	1
29880	0
29881	0
29882	1
29883	1
29884	2
29885	0
29886	2
29887	0
29888	0
29889	2
29890	3
29891	2
29892	0
29893	0
29894	0
29895	2
29896	0
29897	3
29898	2
29899	0
29900	0
29901	0
29902	1
29903	2
29904	1
29905	0
29906	2
29907	0
29908	1
29909	1
29910	2
29911	1
29912	2
29913	0
29914	1
29915	0
29916	0
29917	2
29918	2
29919	3
29920	0
29921	2
29922	1
29923	0
29924	2
29925	1
29926	2
29927	3
29928	0
29929	0
29930	2
29931	1
29932	0
29933	2
29934	0
29935	0
29936	0
29937	0
29938	0
29939	0
29940	0
29941	2
29942	3
29943	0
29944	2
29945	3
29946	0
29947	0
29948	0
29949	0
29950	2
29951	1
29952	0
29953	0
29954	3
29955	0
29956	3
29957	1
29958	0
29959	0
29960	1
29961	1
29962	2
29963	3
29964	0
29965	0
29966	0
29967	1
29968	2
29969	0
29970	0
29971	0
29972	1
29973	0
29974	2
29975	2
29976	0
29977	1
29978	3
29979	3
29980	0
29981	0
29982	1
29983	0
29984	1
29985	0
29986	0
29987	0
29988	0
29989	0
29990	3
29991	2
29992	1
29993	0
29994	2
29995	1
29996	0
29997	0
29998	3
29999	2
30000	0
30001	2
30002	0
30003	0
30004	1
30005	2
30006	0
30007	3
30008	0
30009	0
30010	0
30011	2
30012	0
30013	0
30014	0
30015	0
30016	1
30017	1
30018	0
30019	0
30020	3
30021	0
30022	0
30023	1
30024	0
30025	1
30026	0
30027	0
30028	3
30029	0
30030	2
30031	0
30032	0
30033	2
30034	0
30035	1
30036	2
30037	0
30038	1
30039	3
30040	0
30041	0
30042	0
30043	2
30044	1
30045	1
30046	0
30047	2
30048	3
30049	3
30050	1
30051	0
30052	1
30053	0
30054	1
30055	0
30056	0
30057	0
30058	0
30059	2
30060	2
30061	0
30062	3
30063	0
30064	0
30065	1
30066	0
30067	1
30068	3
30069	0
30070	1
30071	2
30072	3
30073	0
30074	0
30075	2
30076	0
30077	2
30078	0
30079	0
30080	2
30081	0
30082	0
30083	0
30084	1
30085	3
30086	2
30087	0
30088	0
30089	3
30090	0
30091	2
30092	1
30093	0
30094	2
30095	2
30096	2
30097	0
30098	0
30099	0
30100	2
30101	2
30102	2
30103	2
30104	1
30105	2
30106	1
30107	2
30108	1
30109	2
30110	0
30111	0
30112	2
30113	0
30114	1
30115	2
30116	0
30117	0
30118	2
30119	2
30120	0
30121	0
30122	1
30123	2
30124	0
30125	0
30126	0
30127	2
30128	3
30129	0
30130	0
30131	0
30132	2
30133	1
30134	0
30135	0
30136	2
30137	2
30138	2
30139	2
30140	0
30141	3
30142	0
30143	2
30144	0
30145	0
30146	1
30147	2
30148	2
30149	0
30150	2
30151	0
30152	0
30153	2
30154	0
30155	3
30156	0
30157	0
30158	0
30159	0
30160	2
30161	0
30162	1
30163	1
30164	0
30165	0
30166	0
30167	2
30168	0
30169	0
30170	2
30171	0
30172	1
30173	2
30174	3
30175	0
30176	1
30177	0
30178	2
30179	0
30180	0
30181	1
30182	2
30183	2
30184	3
30185	0
30186	1
30187	2
30188	2
30189	0
30190	0
30191	3
30192	2
30193	2
30194	0
30195	0
30196	2
30197	2
30198	1
30199	1
30200	3
30201	0
30202	3
30203	0
30204	2
30205	0
30206	0
30207	3
30208	2
30209	0
30210	0
30211	0
30212	1
30213	0
30214	3
30215	2
30216	2
30217	0
30218	0
30219	0
30220	2
30221	2
30222	0
30223	0
30224	0
30225	0
30226	0
30227	0
30228	2
30229	0
30230	0
30231	0
30232	0
30233	0
30234	0
30235	3
30236	2
30237	0
30238	0
30239	0
30240	1
30241	0
30242	2
30243	2
30244	0
30245	0
30246	2
30247	1
30248	1
30249	2
30250	0
30251	0
30252	0
30253	3
30254	0
30255	0
30256	0
30257	0
30258	0
30259	0
30260	0
30261	3
30262	2
30263	0
30264	1
30265	3
30266	0
30267	1
30268	2
30269	0
30270	0
30271	2
30272	1
30273	0
30274	0
30275	2
30276	0
30277	0
30278	0
30279	0
30280	0
30281	1
30282	3
30283	0
30284	1
30285	1
30286	3
30287	0
30288	0
30289	0
30290	0
30291	2
30292	0
30293	0
30294	0
30295	2
30296	0
30297	2
30298	2
30299	0
30300	0
30301	2
30302	2
30303	2
30304	2
30305	0
30306	0
30307	0
30308	2
30309	0
30310	0
30311	2
30312	0
30313	0
30314	0
30315	0
30316	0
30317	2
30318	2
30319	0
30320	2
30321	0
30322	0
30323	0
30324	2
30325	2
30326	2
30327	0
30328	1
30329	0
30330	0
30331	0
30332	0
30333	1
30334	2
30335	1
30336	0
30337	0
30338	0
30339	0
30340	3
30341	0
30342	0
30343	0
30344	2
30345	2
30346	1
30347	2
30348	1
30349	3
30350	2
30351	0
30352	3
30353	1
30354	3
30355	1
30356	2
30357	0
30358	1
30359	2
30360	0
30361	2
30362	0
30363	2
30364	0
30365	3
30366	2
30367	1
30368	3
30369	0
30370	0
30371	0
30372	0
30373	2
30374	0
30375	2
30376	0
30377	0
30378	0
30379	2
30380	0
30381	0
30382	1
30383	0
30384	0
30385	1
30386	2
30387	1
30388	3
30389	2
30390	0
30391	0
30392	3
30393	2
30394	3
30395	2
30396	2
30397	0
30398	2
30399	0
30400	3
30401	0
30402	0
30403	0
30404	0
30405	1
30406	3
30407	0
30408	0
30409	3
30410	2
30411	0
30412	0
30413	2
30414	2
30415	0
30416	1
30417	3
30418	1
30419	0
30420	0
30421	1
30422	3
30423	0
30424	2
30425	2
30426	2
30427	1
30428	0
30429	0
30430	0
30431	1
30432	0
30433	1
30434	0
30435	0
30436	2
30437	1
30438	2
30439	0
30440	0
30441	3
30442	2
30443	1
30444	1
30445	0
30446	3
30447	0
30448	0
30449	0
30450	0
30451	3
30452	0
30453	1
30454	2
30455	3
30456	2
30457	2
30458	2
30459	2
30460	3
30461	2
30462	1
30463	0
30464	2
30465	0
30466	1
30467	0
30468	1
30469	1
30470	0
30471	3
30472	1
30473	0
30474	2
30475	3
30476	0
30477	0
30478	2
30479	0
30480	0
30481	1
30482	2
30483	1
30484	3
30485	1
30486	2
30487	1
30488	0
30489	1
30490	0
30491	1
30492	3
30493	1
30494	0
30495	2
30496	2
30497	2
30498	1
30499	0
30500	0
30501	2
30502	3
30503	0
30504	2
30505	0
30506	0
30507	3
30508	2
30509	2
30510	2
30511	2
30512	3
30513	2
30514	2
30515	0
30516	3
30517	2
30518	1
30519	0
30520	0
30521	0
30522	2
30523	2
30524	2
30525	2
30526	3
30527	0
30528	1
30529	2
30530	3
30531	0
30532	1
30533	3
30534	0
30535	2
30536	2
30537	0
30538	0
30539	0
30540	0
30541	3
30542	2
30543	1
30544	0
30545	2
30546	2
30547	0
30548	2
30549	1
30550	2
30551	2
30552	0
30553	0
30554	2
30555	1
30556	0
30557	0
30558	0
30559	3
30560	0
30561	0
30562	1
30563	0
30564	1
30565	2
30566	3
30567	2
30568	0
30569	0
30570	0
30571	3
30572	2
30573	0
30574	2
30575	2
30576	0
30577	2
30578	0
30579	0
30580	0
30581	0
30582	2
30583	2
30584	1
30585	1
30586	3
30587	0
30588	0
30589	0
30590	2
30591	1
30592	2
30593	0
30594	0
30595	3
30596	1
30597	2
30598	0
30599	3
30600	1
30601	2
30602	2
30603	0
30604	2
30605	3
30606	1
30607	1
30608	2
30609	0
30610	3
30611	2
30612	0
30613	0
30614	1
30615	2
30616	2
30617	3
30618	0
30619	0
30620	0
30621	1
30622	0
30623	3
30624	2
30625	1
30626	2
30627	3
30628	2
30629	0
30630	0
30631	0
30632	2
30633	2
30634	0
30635	0
30636	0
30637	0
30638	3
30639	2
30640	0
30641	3
30642	0
30643	1
30644	0
30645	0
30646	0
30647	0
30648	1
30649	0
30650	2
30651	2
30652	2
30653	1
30654	2
30655	0
30656	3
30657	3
30658	0
30659	2
30660	0
30661	0
30662	0
30663	1
30664	0
30665	0
30666	0
30667	1
30668	0
30669	2
30670	2
30671	0
30672	1
30673	0
30674	0
30675	3
30676	3
30677	0
30678	0
30679	0
30680	0
30681	3
30682	2
30683	0
30684	2
30685	1
30686	3
30687	0
30688	1
30689	1
30690	0
30691	0
30692	2
30693	1
30694	1
30695	3
30696	0
30697	2
30698	2
30699	0
30700	3
30701	0
30702	0
30703	2
30704	2
30705	0
30706	2
30707	0
30708	2
30709	3
30710	0
30711	3
30712	3
30713	1
30714	0
30715	3
30716	0
30717	2
30718	2
30719	0
30720	2
30721	3
30722	0
30723	2
30724	1
30725	3
30726	2
30727	0
30728	0
30729	0
30730	1
30731	0
30732	1
30733	2
30734	0
30735	2
30736	0
30737	3
30738	0
30739	0
30740	0
30741	0
30742	1
30743	0
30744	0
30745	2
30746	0
30747	1
30748	1
30749	2
30750	2
30751	0
30752	0
30753	2
30754	0
30755	2
30756	2
30757	2
30758	2
30759	2
30760	3
30761	2
30762	2
30763	3
30764	1
30765	0
30766	0
30767	1
30768	1
30769	2
30770	3
30771	2
30772	0
30773	0
30774	1
30775	1
30776	2
30777	0
30778	0
30779	0
30780	0
30781	0
30782	1
30783	3
30784	0
30785	0
30786	3
30787	2
30788	1
30789	0
30790	0
30791	3
30792	1
30793	3
30794	0
30795	0
30796	0
30797	1
30798	1
30799	1
30800	1
30801	1
30802	0
30803	0
30804	2
30805	0
30806	2
30807	2
30808	2
30809	0
30810	2
30811	2
30812	1
30813	0
30814	0
30815	0
30816	0
30817	2
30818	0
30819	2
30820	0
30821	1
30822	0
30823	0
30824	0
30825	0
30826	0
30827	1
30828	0
30829	2
30830	0
30831	2
30832	2
30833	3
30834	0
30835	1
30836	0
30837	3
30838	0
30839	0
30840	0
30841	0
30842	1
30843	1
30844	0
30845	3
30846	1
30847	2
30848	0
30849	0
30850	0
30851	1
30852	1
30853	0
30854	1
30855	0
30856	2
30857	0
30858	0
30859	0
30860	1
30861	2
30862	2
30863	2
30864	0
30865	0
30866	2
30867	1
30868	2
30869	3
30870	0
30871	0
30872	2
30873	0
30874	3
30875	0
30876	2
30877	0
30878	0
30879	0
30880	0
30881	3
30882	0
30883	0
30884	2
30885	2
30886	1
30887	2
30888	2
30889	3
30890	2
30891	1
30892	3
30893	0
30894	2
30895	2
30896	0
30897	3
30898	1
30899	0
30900	0
30901	0
30902	1
30903	2
30904	3
30905	3
30906	1
30907	0
30908	0
30909	0
30910	0
30911	0
30912	0
30913	1
30914	1
30915	0
30916	1
30917	0
30918	0
30919	0
30920	0
30921	0
30922	3
30923	0
30924	2
30925	1
30926	3
30927	0
30928	0
30929	0
30930	0
30931	2
30932	0
30933	0
30934	0
30935	2
30936	2
30937	0
30938	3
30939	0
30940	0
30941	3
30942	0
30943	0
30944	0
30945	0
30946	0
30947	3
30948	0
30949	3
30950	0
30951	0
30952	2
30953	3
30954	2
30955	1
30956	0
30957	3
30958	2
30959	0
30960	0
30961	3
30962	2
30963	3
30964	3
30965	1
30966	0
30967	2
30968	1
30969	0
30970	3
30971	0
30972	1
30973	0
30974	0
30975	3
30976	2
30977	2
30978	1
30979	1
30980	2
30981	2
30982	0
30983	0
30984	3
30985	0
30986	0
30987	3
30988	0
30989	0
30990	0
30991	0
30992	0
30993	0
30994	2
30995	0
30996	0
30997	0
30998	1
30999	2
31000	0
31001	1
31002	2
31003	0
31004	0
31005	0
31006	2
31007	1
31008	0
31009	0
31010	0
31011	0
31012	2
31013	3
31014	0
31015	1
31016	1
31017	2
31018	2
31019	0
31020	3
31021	3
31022	3
31023	2
31024	0
31025	1
31026	0
31027	1
31028	2
31029	2
31030	1
31031	2
31032	1
31033	3
31034	0
31035	0
31036	2
31037	1
31038	1
31039	3
31040	2
31041	1
31042	0
31043	0
31044	1
31045	1
31046	2
31047	2
31048	2
31049	3
31050	2
31051	2
31052	2
31053	2
31054	3
31055	1
31056	2
31057	3
31058	1
31059	0
31060	1
31061	2
31062	0
31063	2
31064	2
31065	2
31066	3
31067	0
31068	2
31069	0
31070	0
31071	2
31072	1
31073	0
31074	0
31075	2
31076	0
31077	1
31078	3
31079	0
31080	0
31081	3
31082	3
31083	0
31084	1
31085	1
31086	2
31087	1
31088	0
31089	0
31090	3
31091	1
31092	3
31093	3
31094	0
31095	0
31096	0
31097	1
31098	3
31099	0
31100	0
31101	2
31102	2
31103	1
31104	0
31105	0
31106	2
31107	2
31108	0
31109	3
31110	0
31111	0
31112	2
31113	0
31114	2
31115	1
31116	2
31117	0
31118	0
31119	0
31120	1
31121	3
31122	0
31123	2
31124	2
31125	1
31126	1
31127	3
31128	1
31129	3
31130	2
31131	2
31132	0
31133	3
31134	0
31135	3
31136	2
31137	3
31138	1
31139	3
31140	3
31141	2
31142	0
31143	3
31144	3
31145	0
31146	0
31147	3
31148	0
31149	1
31150	2
31151	2
31152	0
31153	0
31154	2
31155	1
31156	2
31157	2
31158	0
31159	2
31160	0
31161	2
31162	0
31163	0
31164	2
31165	2
31166	0
31167	0
31168	2
31169	1
31170	0
31171	0
31172	1
31173	3
31174	0
31175	0
31176	2
31177	0
31178	0
31179	0
31180	3
31181	1
31182	2
31183	3
31184	0
31185	0
31186	1
31187	3
31188	0
31189	0
31190	0
31191	0
31192	0
31193	2
31194	0
31195	2
31196	2
31197	2
31198	0
31199	0
31200	3
31201	0
31202	0
31203	0
31204	2
31205	0
31206	0
31207	0
31208	2
31209	0
31210	2
31211	2
31212	0
31213	0
31214	1
31215	0
31216	3
31217	0
31218	1
31219	0
31220	3
31221	2
31222	3
31223	0
31224	0
31225	0
31226	0
31227	2
31228	3
31229	0
31230	0
31231	3
31232	1
31233	0
31234	1
31235	0
31236	0
31237	0
31238	0
31239	1
31240	3
31241	0
31242	1
31243	1
31244	2
31245	2
31246	0
31247	2
31248	0
31249	3
31250	3
31251	0
31252	0
31253	2
31254	1
31255	3
31256	2
31257	2
31258	1
31259	3
31260	1
31261	2
31262	0
31263	0
31264	3
31265	1
31266	0
31267	2
31268	0
31269	2
31270	0
31271	0
31272	0
31273	0
31274	1
31275	0
31276	0
31277	2
31278	1
31279	2
31280	0
31281	2
31282	0
31283	1
31284	0
31285	2
31286	0
31287	2
31288	2
31289	0
31290	0
31291	2
31292	2
31293	0
31294	0
31295	1
31296	0
31297	2
31298	0
31299	0
31300	2
31301	2
31302	2
31303	0
31304	1
31305	2
31306	2
31307	0
31308	0
31309	1
31310	2
31311	3
31312	0
31313	1
31314	0
31315	1
31316	0
31317	3
31318	2
31319	2
31320	1
31321	0
31322	1
31323	0
31324	0
31325	2
31326	0
31327	3
31328	0
31329	0
31330	2
31331	2
31332	0
31333	1
31334	0
31335	2
31336	2
31337	1
31338	2
31339	1
31340	0
31341	2
31342	3
31343	0
31344	0
31345	2
31346	0
31347	1
31348	1
31349	0
31350	1
31351	0
31352	0
31353	0
31354	0
31355	0
31356	2
31357	2
31358	0
31359	0
31360	0
31361	0
31362	2
31363	0
31364	0
31365	2
31366	3
31367	2
31368	3
31369	0
31370	1
31371	0
31372	1
31373	0
31374	1
31375	3
31376	0
31377	0
31378	3
31379	1
31380	3
31381	2
31382	2
31383	0
31384	1
31385	1
31386	3
31387	1
31388	0
31389	0
31390	3
31391	0
31392	2
31393	2
31394	0
31395	0
31396	2
31397	2
31398	1
31399	3
31400	2
31401	1
31402	0
31403	1
31404	3
31405	1
31406	0
31407	0
31408	2
31409	2
31410	2
31411	0
31412	0
31413	0
31414	0
31415	2
31416	1
31417	0
31418	0
31419	0
31420	2
31421	2
31422	0
31423	0
31424	0
31425	2
31426	2
31427	2
31428	0
31429	0
31430	0
31431	0
31432	1
31433	2
31434	0
31435	0
31436	0
31437	2
31438	0
31439	0
31440	0
31441	0
31442	0
31443	0
31444	1
31445	0
31446	0
31447	0
31448	2
31449	3
31450	2
31451	0
31452	0
31453	3
31454	2
31455	0
31456	0
31457	0
31458	2
31459	0
31460	0
31461	0
31462	0
31463	3
31464	3
31465	0
31466	0
31467	0
31468	1
31469	0
31470	3
31471	0
31472	0
31473	3
31474	1
31475	0
31476	0
31477	0
31478	0
31479	0
31480	0
31481	0
31482	1
31483	2
31484	0
31485	1
31486	0
31487	0
31488	0
31489	0
31490	0
31491	0
31492	1
31493	0
31494	1
31495	0
31496	0
31497	1
31498	0
31499	0
31500	0
31501	0
31502	0
31503	0
31504	1
31505	1
31506	1
31507	0
31508	0
31509	2
31510	2
31511	2
31512	2
31513	2
31514	0
31515	2
31516	0
31517	0
31518	0
31519	3
31520	1
31521	2
31522	0
31523	1
31524	2
31525	1
31526	2
31527	2
31528	2
31529	0
31530	3
31531	0
31532	0
31533	0
31534	0
31535	2
31536	2
31537	2
31538	2
31539	2
31540	0
31541	2
31542	3
31543	0
31544	0
31545	1
31546	2
31547	1
31548	0
31549	2
31550	3
31551	0
31552	3
31553	2
31554	2
31555	0
31556	0
31557	0
31558	0
31559	0
31560	2
31561	1
31562	0
31563	0
31564	2
31565	0
31566	0
31567	1
31568	3
31569	0
31570	0
31571	0
31572	1
31573	0
31574	2
31575	0
31576	0
31577	0
31578	0
31579	0
31580	1
31581	0
31582	1
31583	2
31584	0
31585	2
31586	2
31587	0
31588	2
31589	0
31590	0
31591	0
31592	0
31593	0
31594	2
31595	1
31596	0
31597	2
31598	2
31599	0
31600	2
31601	3
31602	3
31603	2
31604	3
31605	0
31606	0
31607	0
31608	0
31609	3
31610	0
31611	0
31612	3
31613	2
31614	0
31615	0
31616	1
31617	0
31618	0
31619	2
31620	2
31621	3
31622	0
31623	2
31624	1
31625	0
31626	2
31627	0
31628	0
31629	1
31630	0
31631	2
31632	2
31633	0
31634	3
31635	0
31636	1
31637	2
31638	0
31639	1
31640	0
31641	0
31642	0
31643	0
31644	2
31645	0
31646	2
31647	0
31648	0
31649	0
31650	0
31651	0
31652	0
31653	0
31654	2
31655	2
31656	3
31657	0
31658	0
31659	0
31660	2
31661	0
31662	0
31663	0
31664	0
31665	2
31666	3
31667	1
31668	0
31669	0
31670	3
31671	2
31672	0
31673	1
31674	0
31675	0
31676	0
31677	3
31678	2
31679	1
31680	2
31681	0
31682	0
31683	0
31684	1
31685	0
31686	2
31687	2
31688	0
31689	0
31690	1
31691	1
31692	2
31693	2
31694	2
31695	0
31696	2
31697	2
31698	2
31699	0
31700	0
31701	2
31702	0
31703	1
31704	0
31705	2
31706	2
31707	0
31708	0
31709	0
31710	2
31711	3
31712	1
31713	2
31714	2
31715	1
31716	2
31717	2
31718	3
31719	2
31720	3
31721	2
31722	2
31723	2
31724	0
31725	0
31726	3
31727	2
31728	0
31729	0
31730	3
31731	2
31732	0
31733	0
31734	0
31735	3
31736	2
31737	0
31738	0
31739	1
31740	2
31741	0
31742	1
31743	1
31744	0
31745	0
31746	0
31747	0
31748	0
31749	0
31750	0
31751	1
31752	0
31753	1
31754	2
31755	2
31756	0
31757	2
31758	0
31759	2
31760	2
31761	0
31762	0
31763	0
31764	0
31765	2
31766	0
31767	0
31768	0
31769	0
31770	3
31771	0
31772	0
31773	0
31774	2
31775	0
31776	3
31777	2
31778	2
31779	1
31780	1
31781	0
31782	0
31783	0
31784	1
31785	0
31786	0
31787	0
31788	3
31789	0
31790	3
31791	0
31792	1
31793	0
31794	0
31795	0
31796	2
31797	2
31798	0
31799	2
31800	2
31801	0
31802	0
31803	1
31804	0
31805	0
31806	3
31807	0
31808	0
31809	0
31810	0
31811	2
31812	0
31813	2
31814	0
31815	0
31816	2
31817	0
31818	0
31819	2
31820	1
31821	0
31822	0
31823	3
31824	1
31825	2
31826	1
31827	0
31828	1
31829	3
31830	0
31831	0
31832	2
31833	0
31834	3
31835	0
31836	0
31837	0
31838	0
31839	1
31840	2
31841	1
31842	0
31843	0
31844	0
31845	2
31846	0
31847	2
31848	0
31849	0
31850	0
31851	0
31852	0
31853	0
31854	0
31855	0
31856	1
31857	2
31858	0
31859	2
31860	0
31861	1
31862	0
31863	2
31864	2
31865	1
31866	0
31867	2
31868	1
31869	0
31870	0
31871	0
31872	0
31873	0
31874	0
31875	2
31876	0
31877	2
31878	0
31879	0
31880	2
31881	0
31882	0
31883	1
31884	1
31885	2
31886	2
31887	0
31888	3
31889	0
31890	0
31891	0
31892	2
31893	0
31894	0
31895	2
31896	0
31897	0
31898	1
31899	1
31900	1
31901	0
31902	0
31903	0
31904	0
31905	0
31906	2
31907	0
31908	0
31909	0
31910	2
31911	1
31912	0
31913	1
31914	0
31915	2
31916	0
31917	0
31918	0
31919	2
31920	1
31921	2
31922	0
31923	0
31924	0
31925	0
31926	2
31927	1
31928	1
31929	2
31930	0
31931	1
31932	0
31933	0
31934	1
31935	2
31936	0
31937	1
31938	0
31939	3
31940	2
31941	3
31942	0
31943	0
31944	0
31945	0
31946	0
31947	0
31948	0
31949	0
31950	0
31951	0
31952	1
31953	0
31954	0
31955	0
31956	0
31957	0
31958	0
31959	2
31960	0
31961	0
31962	2
31963	0
31964	0
31965	0
31966	0
31967	0
31968	0
31969	0
31970	0
31971	0
31972	0
31973	0
31974	0
31975	0
31976	2
31977	0
31978	1
31979	0
31980	0
31981	0
31982	1
31983	0
31984	3
31985	0
31986	0
31987	0
31988	0
31989	0
31990	0
31991	0
31992	0
31993	2
31994	2
31995	0
31996	0
31997	0
31998	0
31999	0
32000	0
32001	0
32002	0
32003	0
32004	0
32005	3
32006	0
32007	0
32008	3
32009	0
32010	0
32011	1
32012	0
32013	0
32014	0
32015	0
32016	0
32017	0
32018	0
32019	0
32020	0
32021	0
32022	0
32023	1
32024	0
32025	0
32026	2
32027	2
32028	2
32029	0
32030	0
32031	0
32032	1
32033	0
32034	1
32035	0
32036	0
32037	2
32038	0
32039	0
32040	0
32041	1
32042	0
32043	0
32044	0
32045	0
32046	0
32047	3
32048	0
32049	0
32050	0
32051	0
32052	2
32053	0
32054	0
32055	2
32056	2
32057	0
32058	0
32059	0
32060	0
32061	0
32062	0
32063	0
32064	0
32065	2
32066	0
32067	0
32068	0
32069	0
32070	1
32071	2
32072	0
32073	0
32074	0
32075	0
32076	2
32077	2
32078	0
32079	3
32080	0
32081	2
32082	0
32083	2
32084	1
32085	2
32086	0
32087	2
32088	2
32089	2
32090	2
32091	0
32092	2
32093	0
32094	0
32095	0
32096	0
32097	1
32098	0
32099	0
32100	1
32101	2
32102	0
32103	2
32104	2
32105	0
32106	0
32107	0
32108	0
32109	0
32110	1
32111	0
32112	2
32113	0
32114	2
32115	0
32116	0
