0	3
1	3
2	3
3	1
4	3
5	3
6	3
7	0
8	3
9	3
10	3
11	3
12	3
13	3
14	2
15	3
16	3
17	3
18	0
19	3
20	3
21	3
22	3
23	3
24	3
25	0
26	3
27	3
28	2
29	3
30	3
31	3
32	2
33	0
34	3
35	3
36	0
37	3
38	3
39	3
40	3
41	3
42	3
43	3
44	3
45	3
46	3
47	3
48	2
49	3
50	3
51	3
52	3
53	3
54	3
55	3
56	3
57	3
58	2
59	3
60	3
61	3
62	3
63	3
64	2
65	3
66	2
67	2
68	3
69	3
70	3
71	3
72	3
73	3
74	3
75	3
76	3
77	2
78	1
79	3
80	3
81	3
82	3
83	3
84	3
85	3
86	3
87	3
88	3
89	3
90	3
91	3
92	3
93	3
94	3
95	3
96	3
97	1
98	0
99	3
100	2
101	3
102	3
103	0
104	3
105	0
106	3
107	2
108	1
109	3
110	3
111	3
112	2
113	2
114	3
115	2
116	3
117	2
118	3
119	3
120	2
121	3
122	0
123	3
124	3
125	2
126	2
127	3
128	3
129	3
130	1
131	3
132	3
133	2
134	3
135	2
136	3
137	3
138	3
139	3
140	2
141	2
142	2
143	2
144	2
145	2
146	3
147	3
148	3
149	3
150	3
151	3
152	3
153	2
154	3
155	2
156	3
157	0
158	3
159	3
160	3
161	3
162	2
163	3
164	3
165	0
166	0
167	3
168	1
169	2
170	3
171	2
172	1
173	1
174	1
175	2
176	2
177	3
178	3
179	2
180	3
181	3
182	2
183	3
184	2
185	2
186	2
187	3
188	2
189	2
190	3
191	3
192	2
193	2
194	1
195	3
196	2
197	3
198	3
199	0
200	3
201	2
202	2
203	3
204	2
205	3
206	3
207	2
208	2
209	2
210	2
211	3
212	3
213	3
214	3
215	2
216	3
217	3
218	3
219	2
220	3
221	3
222	3
223	3
224	3
225	3
226	3
227	3
228	2
229	3
230	2
231	3
232	0
233	2
234	1
235	3
236	3
237	3
238	2
239	2
240	3
241	3
242	2
243	2
244	2
245	3
246	0
247	3
248	3
249	2
250	1
251	0
252	2
253	3
254	3
255	2
256	2
257	3
258	3
259	2
260	3
261	0
262	0
263	2
264	2
265	3
266	2
267	3
268	3
269	3
270	2
271	2
272	2
273	1
274	3
275	2
276	3
277	3
278	3
279	2
280	2
281	2
282	2
283	2
284	0
285	3
286	3
287	2
288	1
289	2
290	3
291	0
292	3
293	3
294	2
295	0
296	3
297	3
298	3
299	3
300	3
301	2
302	2
303	2
304	2
305	3
306	3
307	2
308	2
309	0
310	3
311	2
312	3
313	2
314	2
315	2
316	2
317	3
318	3
319	3
320	3
321	2
322	2
323	3
324	3
325	3
326	3
327	3
328	2
329	3
330	2
331	3
332	2
333	3
334	3
335	3
336	3
337	3
338	3
339	3
340	0
341	0
342	3
343	3
344	2
345	3
346	2
347	2
348	2
349	0
350	3
351	3
352	3
353	3
354	0
355	2
356	2
357	2
358	2
359	2
360	2
361	2
362	2
363	3
364	2
365	3
366	2
367	3
368	3
369	3
370	3
371	2
372	3
373	2
374	1
375	3
376	0
377	2
378	0
379	2
380	0
381	3
382	0
383	2
384	1
385	1
386	0
387	2
388	3
389	3
390	2
391	3
392	3
393	2
394	0
395	3
396	3
397	2
398	0
399	3
400	3
401	3
402	2
403	0
404	0
405	2
406	0
407	0
408	2
409	3
410	0
411	3
412	2
413	2
414	2
415	2
416	3
417	3
418	0
419	1
420	3
421	0
422	1
423	2
424	2
425	3
426	1
427	2
428	0
429	2
430	2
431	2
432	0
433	2
434	2
435	2
436	0
437	1
438	0
439	0
440	2
441	0
442	3
443	3
444	0
445	2
446	3
447	3
448	3
449	3
450	3
451	3
452	1
453	3
454	3
455	1
456	2
457	3
458	0
459	3
460	3
461	3
462	3
463	3
464	2
465	3
466	2
467	2
468	2
469	2
470	1
471	2
472	0
473	2
474	2
475	1
476	1
477	2
478	0
479	3
480	1
481	2
482	0
483	3
484	3
485	2
486	2
487	3
488	3
489	3
490	1
491	3
492	0
493	3
494	1
495	3
496	3
497	2
498	3
499	1
500	2
501	0
502	2
503	3
504	1
505	3
506	0
507	0
508	2
509	1
510	3
511	0
512	0
513	3
514	3
515	3
516	3
517	0
518	3
519	3
520	2
521	2
522	2
523	2
524	2
525	2
526	3
527	2
528	2
529	1
530	3
531	2
532	1
533	2
534	0
535	2
536	0
537	2
538	2
539	2
540	2
541	3
542	2
543	2
544	2
545	0
546	2
547	1
548	2
549	3
550	2
551	3
552	3
553	3
554	1
555	2
556	3
557	3
558	0
559	2
560	2
561	2
562	2
563	3
564	2
565	3
566	2
567	1
568	3
569	3
570	3
571	2
572	3
573	3
574	3
575	0
576	1
577	3
578	0
579	2
580	3
581	3
582	1
583	2
584	1
585	3
586	3
587	3
588	3
589	2
590	3
591	3
592	3
593	0
594	1
595	0
596	0
597	0
598	0
599	0
600	3
601	2
602	0
603	1
604	3
605	3
606	3
607	2
608	2
609	2
610	1
611	2
612	0
613	0
614	2
615	3
616	3
617	3
618	0
619	2
620	3
621	2
622	3
623	3
624	3
625	1
626	2
627	2
628	3
629	2
630	2
631	2
632	0
633	2
634	2
635	2
636	0
637	0
638	1
639	0
640	0
641	0
642	3
643	0
644	0
645	2
646	3
647	3
648	2
649	0
650	3
651	1
652	2
653	3
654	2
655	0
656	2
657	2
658	3
659	1
660	2
661	3
662	1
663	3
664	1
665	0
666	0
667	2
668	3
669	3
670	2
671	0
672	0
673	3
674	2
675	0
676	3
677	0
678	1
679	0
680	3
681	3
682	2
683	3
684	3
685	1
686	3
687	0
688	3
689	3
690	0
691	3
692	3
693	2
694	3
695	0
696	3
697	2
698	2
699	3
700	0
701	3
702	2
703	1
704	0
705	0
706	0
707	2
708	3
709	2
710	3
711	3
712	2
713	1
714	1
715	0
716	2
717	2
718	2
719	2
720	0
721	0
722	2
723	3
724	0
725	3
726	3
727	2
728	3
729	2
730	1
731	3
732	2
733	3
734	3
735	2
736	1
737	0
738	2
739	1
740	3
741	2
742	3
743	2
744	2
745	3
746	3
747	2
748	1
749	1
750	3
751	2
752	1
753	2
754	2
755	3
756	2
757	2
758	2
759	2
760	3
761	0
762	3
763	2
764	0
765	2
766	0
767	2
768	0
769	2
770	3
771	3
772	3
773	3
774	2
775	0
776	1
777	2
778	0
779	0
780	3
781	0
782	2
783	2
784	2
785	2
786	2
787	3
788	3
789	2
790	1
791	2
792	0
793	2
794	1
795	0
796	1
797	2
798	3
799	0
800	2
801	2
802	2
803	0
804	1
805	3
806	0
807	1
808	3
809	3
810	2
811	0
812	0
813	0
814	1
815	1
816	0
817	0
818	0
819	3
820	3
821	3
822	2
823	2
824	2
825	3
826	2
827	3
828	3
829	3
830	3
831	3
832	3
833	2
834	1
835	0
836	2
837	3
838	3
839	3
840	2
841	2
842	0
843	2
844	2
845	3
846	3
847	2
848	2
849	0
850	0
851	1
852	2
853	3
854	3
855	0
856	2
857	1
858	2
859	2
860	1
861	2
862	0
863	1
864	2
865	3
866	0
867	3
868	0
869	2
870	2
871	0
872	0
873	2
874	2
875	2
876	2
877	3
878	0
879	3
880	2
881	1
882	3
883	3
884	3
885	3
886	0
887	1
888	1
889	0
890	2
891	0
892	1
893	2
894	0
895	1
896	2
897	3
898	3
899	2
900	3
901	1
902	3
903	1
904	2
905	0
906	2
907	0
908	1
909	3
910	0
911	2
912	3
913	2
914	0
915	3
916	2
917	3
918	2
919	3
920	1
921	1
922	0
923	2
924	2
925	2
926	3
927	2
928	2
929	2
930	2
931	0
932	3
933	1
934	3
935	3
936	0
937	3
938	3
939	3
940	2
941	0
942	3
943	2
944	2
945	3
946	1
947	0
948	2
949	0
950	3
951	2
952	3
953	2
954	0
955	2
956	2
957	2
958	1
959	3
960	3
961	2
962	2
963	0
964	3
965	1
966	2
967	3
968	3
969	2
970	0
971	3
972	2
973	0
974	3
975	3
976	2
977	3
978	1
979	3
980	2
981	3
982	0
983	1
984	2
985	3
986	0
987	3
988	3
989	1
990	2
991	0
992	2
993	3
994	0
995	3
996	3
997	0
998	0
999	3
1000	2
1001	2
1002	1
1003	2
1004	1
1005	0
1006	2
1007	3
1008	3
1009	3
1010	2
1011	2
1012	1
1013	2
1014	3
1015	2
1016	3
1017	3
1018	0
1019	2
1020	2
1021	3
1022	0
1023	1
1024	3
1025	2
1026	3
1027	3
1028	1
1029	3
1030	2
1031	1
1032	1
1033	3
1034	3
1035	2
1036	0
1037	0
1038	3
1039	0
1040	1
1041	3
1042	3
1043	3
1044	2
1045	0
1046	2
1047	0
1048	2
1049	2
1050	0
1051	3
1052	3
1053	2
1054	1
1055	3
1056	3
1057	1
1058	3
1059	1
1060	0
1061	2
1062	3
1063	2
1064	1
1065	2
1066	2
1067	3
1068	3
1069	2
1070	3
1071	3
1072	3
1073	2
1074	2
1075	1
1076	0
1077	2
1078	2
1079	3
1080	3
1081	2
1082	0
1083	3
1084	3
1085	2
1086	2
1087	1
1088	2
1089	2
1090	1
1091	2
1092	3
1093	2
1094	3
1095	3
1096	3
1097	2
1098	3
1099	3
1100	2
1101	2
1102	2
1103	3
1104	2
1105	2
1106	2
1107	2
1108	2
1109	1
1110	2
1111	2
1112	0
1113	1
1114	2
1115	2
1116	3
1117	2
1118	2
1119	1
1120	3
1121	3
1122	0
1123	3
1124	3
1125	2
1126	3
1127	3
1128	3
1129	3
1130	0
1131	3
1132	0
1133	0
1134	0
1135	0
1136	1
1137	1
1138	0
1139	2
1140	2
1141	3
1142	2
1143	2
1144	3
1145	2
1146	3
1147	2
1148	2
1149	2
1150	2
1151	0
1152	2
1153	2
1154	3
1155	0
1156	3
1157	3
1158	2
1159	3
1160	2
1161	0
1162	1
1163	2
1164	0
1165	2
1166	2
1167	1
1168	2
1169	2
1170	2
1171	2
1172	0
1173	1
1174	1
1175	2
1176	2
1177	2
1178	2
1179	2
1180	3
1181	3
1182	3
1183	2
1184	2
1185	0
1186	3
1187	3
1188	3
1189	2
1190	0
1191	3
1192	2
1193	2
1194	0
1195	3
1196	1
1197	3
1198	3
1199	3
1200	1
1201	3
1202	2
1203	2
1204	1
1205	0
1206	3
1207	1
1208	3
1209	2
1210	0
1211	3
1212	3
1213	1
1214	3
1215	3
1216	2
1217	3
1218	3
1219	2
1220	2
1221	0
1222	0
1223	3
1224	2
1225	3
1226	2
1227	2
1228	1
1229	3
1230	2
1231	0
1232	2
1233	0
1234	2
1235	3
1236	1
1237	2
1238	0
1239	2
1240	3
1241	0
1242	3
1243	3
1244	2
1245	3
1246	2
1247	3
1248	0
1249	2
1250	0
1251	3
1252	3
1253	1
1254	2
1255	3
1256	0
1257	3
1258	2
1259	2
1260	2
1261	2
1262	1
1263	3
1264	3
1265	1
1266	0
1267	2
1268	2
1269	2
1270	3
1271	2
1272	2
1273	0
1274	0
1275	0
1276	3
1277	0
1278	1
1279	0
1280	2
1281	0
1282	3
1283	0
1284	3
1285	3
1286	3
1287	1
1288	0
1289	2
1290	2
1291	2
1292	0
1293	3
1294	3
1295	3
1296	1
1297	2
1298	3
1299	0
1300	2
1301	0
1302	0
1303	0
1304	3
1305	2
1306	3
1307	1
1308	3
1309	3
1310	2
1311	0
1312	1
1313	0
1314	3
1315	1
1316	0
1317	1
1318	0
1319	0
1320	2
1321	2
1322	2
1323	3
1324	0
1325	2
1326	3
1327	3
1328	2
1329	3
1330	0
1331	3
1332	3
1333	3
1334	2
1335	3
1336	3
1337	2
1338	3
1339	0
1340	0
1341	3
1342	2
1343	3
1344	3
1345	0
1346	3
1347	2
1348	2
1349	2
1350	0
1351	3
1352	3
1353	2
1354	1
1355	1
1356	0
1357	1
1358	3
1359	0
1360	0
1361	3
1362	3
1363	1
1364	1
1365	3
1366	2
1367	0
1368	3
1369	1
1370	2
1371	1
1372	2
1373	1
1374	3
1375	3
1376	2
1377	0
1378	2
1379	3
1380	2
1381	1
1382	1
1383	0
1384	2
1385	1
1386	3
1387	0
1388	1
1389	2
1390	1
1391	2
1392	3
1393	3
1394	3
1395	2
1396	2
1397	2
1398	3
1399	3
1400	1
1401	3
1402	1
1403	2
1404	0
1405	2
1406	3
1407	0
1408	3
1409	2
1410	3
1411	1
1412	3
1413	1
1414	1
1415	1
1416	0
1417	2
1418	0
1419	3
1420	2
1421	2
1422	3
1423	3
1424	0
1425	0
1426	3
1427	0
1428	1
1429	0
1430	2
1431	2
1432	1
1433	2
1434	3
1435	2
1436	3
1437	1
1438	3
1439	1
1440	3
1441	3
1442	2
1443	0
1444	2
1445	0
1446	2
1447	3
1448	2
1449	1
1450	0
1451	2
1452	1
1453	2
1454	1
1455	1
1456	1
1457	3
1458	2
1459	3
1460	3
1461	3
1462	2
1463	3
1464	3
1465	3
1466	1
1467	3
1468	0
1469	0
1470	3
1471	0
1472	2
1473	0
1474	3
1475	2
1476	2
1477	3
1478	2
1479	3
1480	3
1481	1
1482	2
1483	1
1484	2
1485	2
1486	0
1487	2
1488	3
1489	2
1490	3
1491	3
1492	2
1493	1
1494	2
1495	1
1496	1
1497	2
1498	3
1499	1
1500	0
1501	1
1502	2
1503	1
1504	3
1505	3
1506	0
1507	1
1508	2
1509	2
1510	1
1511	3
1512	0
1513	3
1514	3
1515	3
1516	2
1517	2
1518	3
1519	2
1520	3
1521	2
1522	2
1523	3
1524	3
1525	2
1526	2
1527	1
1528	2
1529	3
1530	3
1531	1
1532	2
1533	2
1534	2
1535	1
1536	1
1537	3
1538	2
1539	3
1540	2
1541	2
1542	0
1543	2
1544	3
1545	3
1546	2
1547	3
1548	3
1549	3
1550	2
1551	3
1552	2
1553	2
1554	0
1555	0
1556	1
1557	0
1558	3
1559	0
1560	2
1561	3
1562	3
1563	3
1564	1
1565	2
1566	2
1567	3
1568	0
1569	0
1570	0
1571	2
1572	0
1573	1
1574	3
1575	3
1576	3
1577	2
1578	1
1579	1
1580	0
1581	3
1582	0
1583	3
1584	0
1585	0
1586	2
1587	3
1588	2
1589	0
1590	2
1591	2
1592	3
1593	0
1594	2
1595	1
1596	2
1597	3
1598	0
1599	2
1600	2
1601	0
1602	2
1603	1
1604	3
1605	1
1606	2
1607	2
1608	3
1609	2
1610	3
1611	2
1612	3
1613	1
1614	1
1615	0
1616	0
1617	2
1618	2
1619	2
1620	3
1621	2
1622	3
1623	3
1624	2
1625	3
1626	1
1627	3
1628	3
1629	3
1630	3
1631	2
1632	2
1633	0
1634	3
1635	3
1636	3
1637	2
1638	2
1639	2
1640	2
1641	1
1642	3
1643	2
1644	3
1645	2
1646	3
1647	2
1648	3
1649	2
1650	2
1651	2
1652	2
1653	0
1654	2
1655	2
1656	1
1657	1
1658	3
1659	3
1660	0
1661	1
1662	0
1663	2
1664	2
1665	1
1666	2
1667	1
1668	0
1669	0
1670	0
1671	0
1672	3
1673	2
1674	0
1675	2
1676	0
1677	3
1678	2
1679	3
1680	3
1681	3
1682	3
1683	3
1684	1
1685	2
1686	0
1687	2
1688	0
1689	3
1690	2
1691	0
1692	3
1693	2
1694	3
1695	0
1696	3
1697	3
1698	1
1699	0
1700	3
1701	1
1702	0
1703	1
1704	0
1705	2
1706	1
1707	1
1708	3
1709	3
1710	2
1711	0
1712	0
1713	0
1714	3
1715	3
1716	3
1717	0
1718	0
1719	1
1720	2
1721	1
1722	0
1723	2
1724	1
1725	0
1726	3
1727	3
1728	2
1729	2
1730	3
1731	2
1732	0
1733	1
1734	2
1735	3
1736	3
1737	0
1738	2
1739	3
1740	0
1741	2
1742	1
1743	2
1744	0
1745	3
1746	3
1747	3
1748	0
1749	2
1750	1
1751	0
1752	0
1753	0
1754	1
1755	2
1756	3
1757	3
1758	1
1759	2
1760	1
1761	3
1762	0
1763	3
1764	3
1765	2
1766	2
1767	1
1768	1
1769	2
1770	2
1771	0
1772	0
1773	2
1774	3
1775	0
1776	1
1777	1
1778	0
1779	3
1780	2
1781	2
1782	3
1783	0
1784	2
1785	3
1786	0
1787	2
1788	0
1789	2
1790	3
1791	2
1792	2
1793	2
1794	3
1795	1
1796	3
1797	2
1798	3
1799	3
1800	3
1801	1
1802	2
1803	1
1804	1
1805	3
1806	2
1807	2
1808	0
1809	3
1810	3
1811	2
1812	0
1813	2
1814	1
1815	3
1816	3
1817	3
1818	2
1819	2
1820	0
1821	2
1822	1
1823	2
1824	3
1825	2
1826	1
1827	2
1828	0
1829	0
1830	1
1831	3
1832	3
1833	3
1834	1
1835	2
1836	0
1837	2
1838	3
1839	0
1840	2
1841	1
1842	0
1843	2
1844	3
1845	3
1846	2
1847	2
1848	2
1849	3
1850	3
1851	3
1852	1
1853	0
1854	3
1855	0
1856	0
1857	0
1858	2
1859	0
1860	2
1861	3
1862	0
1863	2
1864	0
1865	0
1866	0
1867	3
1868	3
1869	3
1870	2
1871	2
1872	2
1873	3
1874	2
1875	0
1876	0
1877	2
1878	0
1879	0
1880	2
1881	2
1882	0
1883	3
1884	1
1885	1
1886	2
1887	2
1888	3
1889	3
1890	2
1891	2
1892	0
1893	0
1894	0
1895	0
1896	3
1897	3
1898	3
1899	3
1900	3
1901	2
1902	2
1903	0
1904	1
1905	3
1906	3
1907	3
1908	2
1909	2
1910	2
1911	0
1912	1
1913	3
1914	2
1915	3
1916	2
1917	3
1918	2
1919	3
1920	3
1921	3
1922	3
1923	2
1924	3
1925	2
1926	2
1927	3
1928	0
1929	3
1930	1
1931	0
1932	0
1933	3
1934	3
1935	3
1936	3
1937	3
1938	3
1939	1
1940	3
1941	3
1942	0
1943	0
1944	3
1945	2
1946	1
1947	0
1948	0
1949	0
1950	1
1951	0
1952	2
1953	1
1954	0
1955	3
1956	1
1957	1
1958	2
1959	2
1960	2
1961	1
1962	3
1963	1
1964	2
1965	2
1966	3
1967	0
1968	3
1969	3
1970	2
1971	3
1972	3
1973	3
1974	2
1975	3
1976	3
1977	1
1978	0
1979	0
1980	2
1981	3
1982	3
1983	0
1984	1
1985	1
1986	1
1987	2
1988	0
1989	2
1990	2
1991	2
1992	0
1993	2
1994	0
1995	1
1996	0
1997	3
1998	3
1999	2
2000	2
2001	2
2002	2
2003	0
2004	2
2005	2
2006	0
2007	3
2008	2
2009	2
2010	0
2011	2
2012	2
2013	0
2014	2
2015	0
2016	2
2017	0
2018	3
2019	0
2020	1
2021	0
2022	0
2023	0
2024	3
2025	1
2026	1
2027	3
2028	2
2029	0
2030	3
2031	3
2032	1
2033	2
2034	1
2035	0
2036	2
2037	2
2038	0
2039	2
2040	1
2041	3
2042	2
2043	1
2044	0
2045	2
2046	2
2047	0
2048	2
2049	2
2050	0
2051	2
2052	2
2053	3
2054	2
2055	1
2056	0
2057	3
2058	0
2059	0
2060	0
2061	1
2062	1
2063	0
2064	0
2065	0
2066	3
2067	3
2068	3
2069	0
2070	0
2071	3
2072	2
2073	2
2074	2
2075	3
2076	0
2077	3
2078	0
2079	3
2080	2
2081	2
2082	2
2083	0
2084	2
2085	2
2086	2
2087	2
2088	0
2089	3
2090	3
2091	1
2092	1
2093	0
2094	1
2095	0
2096	3
2097	0
2098	3
2099	0
2100	1
2101	0
2102	2
2103	2
2104	0
2105	3
2106	0
2107	0
2108	0
2109	1
2110	2
2111	1
2112	0
2113	2
2114	2
2115	0
2116	1
2117	3
2118	2
2119	2
2120	2
2121	3
2122	3
2123	0
2124	0
2125	0
2126	0
2127	2
2128	0
2129	3
2130	2
2131	3
2132	0
2133	1
2134	3
2135	0
2136	2
2137	0
2138	2
2139	0
2140	1
2141	2
2142	2
2143	0
2144	2
2145	0
2146	0
2147	1
2148	0
2149	2
2150	3
2151	1
2152	0
2153	0
2154	1
2155	3
2156	3
2157	3
2158	2
2159	0
2160	2
2161	1
2162	2
2163	0
2164	2
2165	2
2166	0
2167	0
2168	0
2169	2
2170	0
2171	2
2172	3
2173	0
2174	0
2175	2
2176	2
2177	0
2178	2
2179	2
2180	2
2181	2
2182	2
2183	2
2184	2
2185	3
2186	2
2187	3
2188	2
2189	2
2190	1
2191	3
2192	2
2193	3
2194	2
2195	1
2196	1
2197	2
2198	0
2199	2
2200	2
2201	2
2202	3
2203	1
2204	1
2205	2
2206	2
2207	2
2208	1
2209	1
2210	3
2211	0
2212	3
2213	2
2214	0
2215	1
2216	3
2217	2
2218	1
2219	0
2220	2
2221	0
2222	2
2223	2
2224	1
2225	1
2226	3
2227	2
2228	0
2229	0
2230	1
2231	0
2232	0
2233	0
2234	2
2235	0
2236	1
2237	1
2238	1
2239	2
2240	1
2241	2
2242	0
2243	0
2244	2
2245	3
2246	0
2247	1
2248	0
2249	0
2250	0
2251	1
2252	0
2253	2
2254	0
2255	2
2256	0
2257	2
2258	3
2259	2
2260	2
2261	2
2262	0
2263	0
2264	2
2265	2
2266	2
2267	2
2268	2
2269	3
2270	0
2271	0
2272	0
2273	3
2274	2
2275	0
2276	2
2277	2
2278	1
2279	3
2280	0
2281	1
2282	0
2283	2
2284	3
2285	3
2286	3
2287	1
2288	1
2289	2
2290	2
2291	1
2292	2
2293	1
2294	0
2295	2
2296	1
2297	1
2298	3
2299	0
2300	2
2301	2
2302	1
2303	2
2304	0
2305	2
2306	2
2307	2
2308	2
2309	2
2310	2
2311	0
2312	2
2313	0
2314	1
2315	1
2316	0
2317	2
2318	1
2319	0
2320	0
2321	1
2322	1
2323	0
2324	0
2325	2
2326	2
2327	1
2328	0
2329	0
2330	2
2331	0
2332	2
2333	2
2334	1
2335	0
2336	3
2337	1
2338	0
2339	0
2340	3
2341	0
2342	2
2343	1
2344	3
2345	2
2346	2
2347	2
2348	0
2349	1
2350	2
2351	1
2352	0
2353	3
2354	0
2355	2
2356	2
2357	0
2358	1
2359	0
2360	1
2361	2
2362	0
2363	0
2364	2
2365	2
2366	1
2367	0
2368	0
2369	0
2370	3
2371	2
2372	2
2373	0
2374	0
2375	3
2376	2
2377	2
2378	2
2379	1
2380	0
2381	1
2382	0
2383	0
2384	2
2385	0
2386	1
2387	2
2388	3
2389	1
2390	0
2391	1
2392	1
2393	3
2394	3
2395	2
2396	0
2397	2
2398	2
2399	2
2400	0
2401	0
2402	1
2403	0
2404	0
2405	0
2406	2
2407	1
2408	0
2409	0
2410	0
2411	0
2412	1
2413	2
2414	1
2415	2
2416	1
2417	2
2418	1
2419	0
2420	1
2421	2
2422	1
2423	3
2424	2
2425	2
2426	0
2427	1
2428	0
2429	0
2430	0
2431	1
2432	0
2433	2
2434	1
2435	1
2436	1
2437	1
2438	0
2439	0
2440	1
2441	0
2442	0
2443	0
2444	0
2445	1
2446	2
2447	3
2448	0
2449	0
2450	2
2451	0
2452	0
2453	2
2454	1
2455	0
2456	2
2457	0
2458	1
2459	2
2460	2
2461	0
2462	2
2463	0
2464	0
2465	2
2466	1
2467	3
2468	3
2469	2
2470	0
2471	2
2472	3
2473	1
2474	2
2475	0
2476	1
2477	3
2478	2
2479	0
2480	0
2481	3
2482	0
2483	3
2484	2
2485	0
2486	0
2487	0
2488	0
2489	0
2490	0
2491	0
2492	2
2493	0
2494	3
2495	2
2496	0
2497	1
2498	2
2499	2
2500	1
2501	2
2502	2
2503	1
2504	2
2505	0
2506	2
2507	1
2508	0
2509	1
2510	0
2511	2
2512	2
2513	1
2514	0
2515	3
2516	2
2517	3
2518	3
2519	0
2520	2
2521	0
2522	2
2523	0
2524	0
2525	2
2526	2
2527	2
2528	2
2529	2
2530	2
2531	1
2532	0
2533	0
2534	0
2535	0
2536	0
2537	1
2538	0
2539	2
2540	0
2541	3
2542	2
2543	0
2544	0
2545	0
2546	2
2547	0
2548	0
2549	0
2550	2
2551	3
2552	0
2553	0
2554	1
2555	2
2556	2
2557	2
2558	3
2559	3
2560	3
2561	2
2562	2
2563	0
2564	0
2565	2
2566	3
2567	0
2568	1
2569	0
2570	2
2571	0
2572	3
2573	3
2574	0
2575	0
2576	2
2577	0
2578	3
2579	3
2580	1
2581	1
2582	2
2583	0
2584	0
2585	1
2586	2
2587	0
2588	0
2589	0
2590	2
2591	0
2592	1
2593	2
2594	0
2595	0
2596	0
2597	0
2598	1
2599	0
2600	0
2601	1
2602	1
2603	2
2604	0
2605	0
2606	2
2607	1
2608	0
2609	0
2610	0
2611	0
2612	3
2613	0
2614	1
2615	0
2616	0
2617	0
2618	0
2619	2
2620	1
2621	1
2622	2
2623	1
2624	0
2625	2
2626	0
2627	0
2628	1
2629	0
2630	1
2631	0
2632	2
2633	2
2634	3
2635	0
2636	1
2637	1
2638	0
2639	0
2640	0
2641	0
2642	0
2643	0
2644	0
2645	2
2646	0
2647	0
2648	2
2649	1
2650	1
2651	0
2652	1
2653	1
2654	2
2655	2
2656	0
2657	2
2658	0
2659	0
2660	1
2661	2
2662	2
2663	2
2664	0
2665	0
2666	1
2667	2
2668	0
2669	2
2670	0
2671	0
2672	2
2673	2
2674	1
2675	0
2676	2
2677	3
2678	0
2679	2
2680	3
2681	2
2682	2
2683	2
2684	3
2685	2
2686	2
2687	2
2688	3
2689	2
2690	0
2691	2
2692	2
2693	0
2694	2
2695	0
2696	0
2697	2
2698	0
2699	0
2700	1
2701	1
2702	3
2703	0
2704	3
2705	0
2706	3
2707	2
2708	3
2709	0
2710	0
2711	0
2712	0
2713	2
2714	1
2715	1
2716	2
2717	0
2718	2
2719	0
2720	2
2721	1
2722	1
2723	0
2724	0
2725	2
2726	2
2727	0
2728	3
2729	0
2730	0
2731	0
2732	2
2733	2
2734	1
2735	0
2736	2
2737	2
2738	0
2739	1
2740	0
2741	1
2742	0
2743	3
2744	2
2745	0
2746	1
2747	0
2748	3
2749	2
2750	0
2751	0
2752	0
2753	2
2754	1
2755	3
2756	2
2757	0
2758	3
2759	3
2760	2
2761	0
2762	0
2763	3
2764	1
2765	0
2766	2
2767	2
2768	0
2769	2
2770	2
2771	3
2772	3
2773	2
2774	1
2775	2
2776	2
2777	2
2778	1
2779	1
2780	3
2781	2
2782	0
2783	1
2784	1
2785	3
2786	2
2787	0
2788	0
2789	0
2790	2
2791	0
2792	0
2793	1
2794	0
2795	0
2796	1
2797	2
2798	0
2799	0
2800	1
2801	0
2802	1
2803	0
2804	2
2805	2
2806	2
2807	1
2808	2
2809	2
2810	1
2811	0
2812	3
2813	2
2814	0
2815	1
2816	0
2817	0
2818	0
2819	1
2820	3
2821	2
2822	3
2823	0
2824	0
2825	0
2826	2
2827	3
2828	0
2829	0
2830	0
2831	2
2832	2
2833	1
2834	1
2835	0
2836	2
2837	2
2838	3
2839	0
2840	3
2841	3
2842	0
2843	2
2844	3
2845	2
2846	0
2847	0
2848	0
2849	0
2850	1
2851	1
2852	1
2853	0
2854	2
2855	3
2856	3
2857	0
2858	0
2859	0
2860	1
2861	0
2862	2
2863	3
2864	0
2865	0
2866	0
2867	2
2868	0
2869	0
2870	0
2871	0
2872	2
2873	0
2874	0
2875	2
2876	2
2877	3
2878	1
2879	0
2880	0
2881	1
2882	2
2883	0
2884	2
2885	2
2886	2
2887	0
2888	2
2889	3
2890	0
2891	2
2892	2
2893	0
2894	0
2895	2
2896	1
2897	1
2898	2
2899	3
2900	0
2901	2
2902	1
2903	0
2904	1
2905	1
2906	0
2907	2
2908	1
2909	0
2910	0
2911	3
2912	2
2913	0
2914	2
2915	3
2916	0
2917	1
2918	2
2919	0
2920	0
2921	2
2922	0
2923	2
2924	1
2925	3
2926	1
2927	0
2928	0
2929	2
2930	2
2931	0
2932	0
2933	2
2934	0
2935	0
2936	0
2937	3
2938	3
2939	0
2940	1
2941	2
2942	0
2943	2
2944	0
2945	0
2946	2
2947	2
2948	0
2949	1
2950	0
2951	0
2952	0
2953	0
2954	2
2955	0
2956	2
2957	3
2958	3
2959	1
2960	1
2961	2
2962	2
2963	0
2964	1
2965	0
2966	0
2967	1
2968	3
2969	2
2970	2
2971	2
2972	3
2973	3
2974	3
2975	1
2976	2
2977	3
2978	1
2979	0
2980	2
2981	2
2982	2
2983	3
2984	2
2985	0
2986	2
2987	0
2988	0
2989	0
2990	0
2991	0
2992	1
2993	1
2994	1
2995	2
2996	1
2997	0
2998	0
2999	0
3000	0
3001	0
3002	2
3003	1
3004	3
3005	0
3006	0
3007	2
3008	1
3009	2
3010	0
3011	0
3012	2
3013	3
3014	0
3015	0
3016	1
3017	0
3018	0
3019	2
3020	1
3021	0
3022	2
3023	0
3024	3
3025	0
3026	0
3027	0
3028	0
3029	3
3030	1
3031	2
3032	2
3033	0
3034	0
3035	2
3036	2
3037	1
3038	1
3039	3
3040	1
3041	2
3042	0
3043	2
3044	0
3045	1
3046	0
3047	2
3048	2
3049	0
3050	2
3051	0
3052	0
3053	0
3054	0
3055	1
3056	3
3057	2
3058	1
3059	1
3060	0
3061	3
3062	3
3063	1
3064	0
3065	3
3066	1
3067	3
3068	1
3069	0
3070	1
3071	2
3072	1
3073	2
3074	2
3075	1
3076	1
3077	0
3078	0
3079	0
3080	0
3081	0
3082	0
3083	0
3084	1
3085	0
3086	1
3087	2
3088	2
3089	1
3090	1
3091	0
3092	0
3093	2
3094	2
3095	1
3096	0
3097	0
3098	2
3099	0
3100	0
3101	0
3102	1
3103	3
3104	1
3105	2
3106	0
3107	2
3108	0
3109	2
3110	3
3111	0
3112	1
3113	3
3114	0
3115	3
3116	0
3117	0
3118	0
3119	2
3120	0
3121	3
3122	1
3123	3
3124	2
3125	0
3126	2
3127	2
3128	0
3129	2
3130	0
3131	1
3132	0
3133	0
3134	2
3135	2
3136	1
3137	3
3138	1
3139	1
3140	2
3141	0
3142	0
3143	2
3144	0
3145	0
3146	1
3147	0
3148	3
3149	2
3150	3
3151	2
3152	2
3153	2
3154	2
3155	2
3156	0
3157	3
3158	0
3159	2
3160	0
3161	0
3162	0
3163	0
3164	2
3165	2
3166	2
3167	0
3168	3
3169	3
3170	0
3171	3
3172	3
3173	0
3174	2
3175	3
3176	0
3177	2
3178	1
3179	2
3180	0
3181	0
3182	0
3183	0
3184	1
3185	2
3186	0
3187	3
3188	2
3189	0
3190	1
3191	0
3192	2
3193	2
3194	0
3195	0
3196	1
3197	0
3198	0
3199	0
3200	0
3201	0
3202	3
3203	0
3204	0
3205	2
3206	1
3207	2
3208	0
3209	0
3210	2
3211	1
3212	3
3213	2
3214	2
3215	0
3216	2
3217	0
3218	0
3219	2
3220	1
3221	1
3222	1
3223	2
3224	2
3225	2
3226	0
3227	0
3228	3
3229	0
3230	0
3231	0
3232	1
3233	0
3234	0
3235	0
3236	3
3237	0
3238	0
3239	2
3240	1
3241	1
3242	1
3243	0
3244	0
3245	2
3246	3
3247	2
3248	2
3249	3
3250	1
3251	0
3252	0
3253	0
3254	0
3255	0
3256	0
3257	2
3258	0
3259	2
3260	0
3261	2
3262	0
3263	0
3264	0
3265	0
3266	3
3267	2
3268	0
3269	3
3270	3
3271	0
3272	3
3273	0
3274	2
3275	2
3276	3
3277	3
3278	3
3279	2
3280	0
3281	0
3282	0
3283	0
3284	0
3285	1
3286	0
3287	2
3288	2
3289	0
3290	2
3291	0
3292	1
3293	0
3294	0
3295	0
3296	2
3297	0
3298	3
3299	2
3300	3
3301	1
3302	0
3303	2
3304	3
3305	0
3306	1
3307	2
3308	0
3309	0
3310	2
3311	2
3312	0
3313	2
3314	3
3315	3
3316	0
3317	0
3318	0
3319	3
3320	2
3321	2
3322	2
3323	2
3324	0
3325	0
3326	3
3327	1
3328	3
3329	3
3330	2
3331	0
3332	2
3333	0
3334	0
3335	0
3336	2
3337	0
3338	0
3339	2
3340	0
3341	0
3342	1
3343	0
3344	0
3345	0
3346	2
3347	0
3348	0
3349	0
3350	3
3351	2
3352	1
3353	0
3354	2
3355	0
3356	0
3357	0
3358	0
3359	2
3360	0
3361	2
3362	0
3363	1
3364	0
3365	0
3366	2
3367	0
3368	1
3369	2
3370	2
3371	1
3372	3
3373	2
3374	3
3375	3
3376	2
3377	1
3378	2
3379	0
3380	0
3381	2
3382	0
3383	2
3384	2
3385	2
3386	0
3387	1
3388	0
3389	0
3390	0
3391	3
3392	0
3393	0
3394	0
3395	3
3396	2
3397	2
3398	2
3399	2
3400	2
3401	2
3402	1
3403	1
3404	0
3405	3
3406	2
3407	2
3408	2
3409	0
3410	2
3411	1
3412	0
3413	0
3414	0
3415	3
3416	1
3417	2
3418	3
3419	2
3420	1
3421	1
3422	0
3423	0
3424	0
3425	0
3426	1
3427	0
3428	0
3429	3
3430	0
3431	0
3432	0
3433	0
3434	0
3435	3
3436	3
3437	0
3438	0
3439	0
3440	2
3441	0
3442	2
3443	2
3444	1
3445	2
3446	2
3447	0
3448	0
3449	0
3450	0
3451	0
3452	0
3453	0
3454	0
3455	0
3456	0
3457	3
3458	0
3459	1
3460	1
3461	2
3462	2
3463	2
3464	0
3465	1
3466	2
3467	0
3468	2
3469	2
3470	2
3471	2
3472	0
3473	2
3474	2
3475	2
3476	2
3477	0
3478	1
3479	0
3480	1
3481	3
3482	3
3483	1
3484	2
3485	1
3486	2
3487	3
3488	2
3489	3
3490	2
3491	1
3492	0
3493	0
3494	1
3495	0
3496	0
3497	1
3498	2
3499	2
3500	0
3501	2
3502	3
3503	3
3504	0
3505	2
3506	2
3507	1
3508	0
3509	3
3510	1
3511	0
3512	0
3513	0
3514	0
3515	0
3516	0
3517	2
3518	2
3519	2
3520	3
3521	1
3522	2
3523	2
3524	2
3525	2
3526	2
3527	2
3528	3
3529	0
3530	0
3531	3
3532	2
3533	3
3534	0
3535	0
3536	1
3537	0
3538	2
3539	2
3540	2
3541	1
3542	2
3543	2
3544	0
3545	0
3546	1
3547	3
3548	1
3549	1
3550	2
3551	2
3552	2
3553	3
3554	0
3555	1
3556	2
3557	2
3558	1
3559	0
3560	2
3561	0
3562	2
3563	0
3564	0
3565	2
3566	2
3567	2
3568	1
3569	0
3570	2
3571	0
3572	0
3573	0
3574	0
3575	0
3576	0
3577	0
3578	0
3579	2
3580	0
3581	1
3582	0
3583	0
3584	0
3585	1
3586	2
3587	0
3588	2
3589	2
3590	1
3591	0
3592	3
3593	1
3594	3
3595	3
3596	3
3597	0
3598	0
3599	1
3600	2
3601	3
3602	3
3603	0
3604	0
3605	0
3606	3
3607	2
3608	2
3609	1
3610	2
3611	2
3612	2
3613	3
3614	3
3615	0
3616	2
3617	3
3618	0
3619	2
3620	0
3621	2
3622	0
3623	0
3624	0
3625	0
3626	1
3627	0
3628	0
3629	0
3630	1
3631	2
3632	0
3633	1
3634	0
3635	0
3636	0
3637	2
3638	0
3639	0
3640	2
3641	1
3642	0
3643	3
3644	0
3645	2
3646	2
3647	1
3648	3
3649	2
3650	2
3651	1
3652	0
3653	0
3654	0
3655	1
3656	2
3657	2
3658	0
3659	0
3660	2
3661	0
3662	1
3663	2
3664	0
3665	2
3666	0
3667	0
3668	1
3669	0
3670	0
3671	2
3672	0
3673	0
3674	0
3675	1
3676	1
3677	0
3678	2
3679	0
3680	0
3681	3
3682	3
3683	0
3684	2
3685	2
3686	0
3687	0
3688	0
3689	2
3690	2
3691	0
3692	0
3693	0
3694	0
3695	1
3696	0
3697	1
3698	0
3699	2
3700	2
3701	0
3702	0
3703	0
3704	0
3705	1
3706	3
3707	0
3708	0
3709	0
3710	1
3711	1
3712	2
3713	0
3714	1
3715	2
3716	0
3717	2
3718	0
3719	1
3720	2
3721	0
3722	3
3723	1
3724	0
3725	3
3726	2
3727	0
3728	3
3729	1
3730	2
3731	2
3732	2
3733	0
3734	2
3735	0
3736	0
3737	3
3738	1
3739	2
3740	3
3741	2
3742	3
3743	1
3744	2
3745	1
3746	2
3747	1
3748	0
3749	0
3750	1
3751	3
3752	3
3753	0
3754	0
3755	0
3756	0
3757	3
3758	3
3759	0
3760	2
3761	0
3762	2
3763	0
3764	0
3765	0
3766	0
3767	0
3768	0
3769	1
3770	0
3771	3
3772	0
3773	3
3774	0
3775	0
3776	0
3777	0
3778	0
3779	1
3780	0
3781	3
3782	3
3783	1
3784	2
3785	2
3786	1
3787	0
3788	0
3789	1
3790	0
3791	0
3792	1
3793	0
3794	2
3795	0
3796	1
3797	2
3798	0
3799	0
3800	0
3801	0
3802	2
3803	1
3804	1
3805	0
3806	0
3807	0
3808	0
3809	3
3810	0
3811	0
3812	0
3813	0
3814	0
3815	0
3816	0
3817	0
3818	1
3819	0
3820	2
3821	0
3822	0
3823	0
3824	2
3825	2
3826	0
3827	2
3828	3
3829	0
3830	2
3831	0
3832	2
3833	0
3834	0
3835	1
3836	2
3837	0
3838	1
3839	0
3840	0
3841	3
3842	0
3843	0
3844	3
3845	3
3846	2
3847	2
3848	0
3849	0
3850	0
3851	1
3852	0
3853	0
3854	0
3855	1
3856	0
3857	1
3858	0
3859	0
3860	2
3861	0
3862	2
3863	2
3864	2
3865	0
3866	0
3867	0
3868	0
3869	2
3870	1
3871	3
3872	3
3873	2
3874	0
3875	1
3876	2
3877	1
3878	0
3879	0
3880	1
3881	0
3882	1
3883	2
3884	0
3885	3
3886	3
3887	3
3888	1
3889	2
3890	1
3891	0
3892	0
3893	1
3894	0
3895	1
3896	0
3897	0
3898	0
3899	0
3900	0
3901	1
3902	0
3903	0
3904	0
3905	2
3906	2
3907	2
3908	0
3909	1
3910	0
3911	3
3912	3
3913	2
3914	0
3915	0
3916	0
3917	3
3918	3
3919	0
3920	2
3921	3
3922	2
3923	2
3924	1
3925	2
3926	0
3927	3
3928	3
3929	0
3930	0
3931	0
3932	2
3933	1
3934	0
3935	0
3936	1
3937	3
3938	0
3939	1
3940	0
3941	2
3942	1
3943	3
3944	3
3945	0
3946	2
3947	3
3948	2
3949	3
3950	0
3951	0
3952	0
3953	2
3954	2
3955	3
3956	3
3957	0
3958	0
3959	2
3960	2
3961	2
3962	0
3963	2
3964	3
3965	2
3966	2
3967	3
3968	2
3969	0
3970	2
3971	2
3972	1
3973	0
3974	0
3975	0
3976	1
3977	0
3978	0
3979	0
3980	0
3981	0
3982	0
3983	0
3984	0
3985	0
3986	0
3987	0
3988	2
3989	0
3990	3
3991	3
3992	0
3993	2
3994	3
3995	1
3996	2
3997	3
3998	0
3999	0
4000	0
4001	0
4002	3
4003	0
4004	1
4005	2
4006	0
4007	2
4008	0
4009	0
4010	2
4011	0
4012	0
4013	0
4014	0
4015	2
4016	2
4017	3
4018	0
4019	0
4020	0
4021	0
4022	0
4023	1
4024	2
4025	1
4026	2
4027	0
4028	2
4029	1
4030	0
4031	0
4032	0
4033	0
4034	0
4035	0
4036	0
4037	2
4038	0
4039	0
4040	2
4041	0
4042	0
4043	0
4044	0
4045	0
4046	1
4047	0
4048	3
4049	0
4050	0
4051	0
4052	0
4053	2
4054	2
4055	0
4056	2
4057	0
4058	0
4059	0
4060	2
4061	3
4062	2
4063	2
4064	0
4065	0
4066	0
4067	2
4068	0
4069	2
4070	0
4071	0
4072	0
4073	0
4074	0
4075	0
4076	0
4077	0
4078	1
4079	0
4080	2
4081	2
4082	0
4083	1
4084	0
4085	0
4086	2
4087	0
4088	0
4089	0
4090	2
4091	0
4092	3
4093	0
4094	0
4095	0
4096	0
4097	0
4098	0
4099	2
4100	1
4101	3
4102	2
4103	0
4104	0
4105	2
4106	0
4107	0
4108	2
4109	0
4110	2
4111	0
4112	0
4113	0
4114	0
4115	0
4116	0
4117	0
4118	0
4119	1
4120	3
4121	0
4122	0
4123	3
4124	3
4125	0
4126	0
4127	0
4128	0
4129	0
4130	2
4131	0
4132	0
4133	0
4134	0
4135	0
4136	1
4137	2
4138	3
4139	3
4140	0
4141	2
4142	0
4143	0
4144	0
4145	2
4146	1
4147	0
4148	0
4149	0
4150	1
4151	0
4152	0
4153	0
4154	0
4155	1
4156	2
4157	0
4158	2
4159	0
4160	3
4161	3
4162	0
4163	0
4164	3
4165	2
4166	0
4167	3
4168	0
4169	0
4170	1
4171	0
4172	2
4173	0
4174	0
4175	0
4176	2
4177	2
4178	0
4179	0
4180	0
4181	0
4182	3
4183	3
4184	0
4185	1
4186	0
4187	0
4188	1
4189	2
4190	0
4191	3
4192	0
4193	1
4194	2
4195	2
4196	0
4197	0
4198	0
4199	0
4200	0
4201	0
4202	2
4203	0
4204	0
4205	0
4206	1
4207	0
4208	0
4209	0
4210	0
4211	0
4212	3
4213	0
4214	2
4215	0
4216	1
4217	0
4218	0
4219	0
4220	0
4221	0
4222	0
4223	1
4224	1
4225	0
4226	3
4227	0
4228	0
4229	0
4230	2
4231	0
4232	0
4233	0
4234	0
4235	0
4236	1
4237	1
4238	2
4239	1
4240	1
4241	0
4242	0
4243	0
4244	1
4245	0
4246	0
4247	0
4248	0
4249	0
4250	2
4251	0
4252	1
4253	0
4254	1
4255	0
4256	0
4257	2
4258	1
4259	0
4260	1
4261	0
4262	2
4263	0
4264	0
4265	2
4266	0
4267	1
4268	0
4269	2
4270	0
4271	1
4272	0
4273	0
4274	0
4275	1
4276	0
4277	1
4278	0
4279	0
4280	1
4281	0
4282	0
4283	0
4284	2
4285	0
4286	2
4287	1
4288	0
4289	0
4290	1
4291	1
4292	3
4293	0
4294	3
4295	1
4296	1
4297	0
4298	0
4299	0
4300	1
4301	0
4302	0
4303	2
4304	0
4305	0
4306	3
4307	3
4308	0
4309	0
4310	0
4311	2
4312	2
4313	0
4314	0
4315	0
4316	0
4317	0
4318	0
4319	0
4320	0
4321	2
4322	0
4323	0
4324	0
4325	0
4326	2
4327	2
4328	2
4329	0
4330	1
4331	0
4332	0
4333	0
4334	2
4335	0
4336	2
4337	2
4338	0
4339	0
4340	1
4341	0
4342	0
4343	0
4344	0
4345	0
4346	1
4347	0
4348	0
4349	0
4350	0
4351	0
4352	0
4353	0
4354	0
4355	0
4356	0
4357	0
4358	0
4359	0
4360	0
4361	0
4362	2
4363	3
4364	0
4365	0
4366	1
4367	1
4368	1
4369	0
4370	0
4371	0
4372	2
4373	3
4374	2
4375	0
4376	0
4377	0
4378	0
4379	0
4380	1
4381	0
4382	3
4383	0
4384	0
4385	0
4386	2
4387	3
4388	0
4389	0
4390	0
4391	0
4392	0
4393	0
4394	0
4395	1
4396	0
4397	0
4398	3
4399	3
4400	0
4401	2
4402	0
4403	1
4404	2
4405	2
4406	3
4407	0
4408	1
4409	0
4410	0
4411	3
4412	0
4413	0
4414	0
4415	3
4416	3
4417	0
4418	0
4419	0
4420	2
4421	0
4422	0
4423	3
4424	2
4425	2
4426	3
4427	2
4428	1
4429	2
4430	0
4431	0
4432	1
4433	2
4434	1
4435	2
4436	2
4437	0
4438	0
4439	1
4440	2
4441	2
4442	2
4443	1
4444	2
4445	0
4446	3
4447	3
4448	2
4449	3
4450	3
4451	0
4452	2
4453	3
4454	0
4455	3
4456	2
4457	2
4458	2
4459	3
4460	0
4461	0
4462	0
4463	3
4464	0
4465	0
4466	0
4467	0
4468	2
4469	0
4470	2
4471	2
4472	0
4473	0
4474	0
4475	0
4476	0
4477	0
4478	3
4479	3
4480	2
4481	0
4482	2
4483	0
4484	2
4485	0
4486	3
4487	3
4488	0
4489	3
4490	0
4491	0
4492	2
4493	0
4494	0
4495	0
4496	0
4497	2
4498	0
4499	2
4500	0
4501	3
4502	0
4503	3
4504	0
4505	1
4506	2
4507	0
4508	0
4509	0
4510	0
4511	1
4512	0
4513	0
4514	2
4515	0
4516	0
4517	0
4518	1
4519	2
4520	0
4521	0
4522	0
4523	0
4524	2
4525	1
4526	2
4527	2
4528	1
4529	0
4530	1
4531	1
4532	2
4533	3
4534	0
4535	0
4536	0
4537	2
4538	0
4539	1
4540	0
4541	0
4542	0
4543	3
4544	0
4545	0
4546	0
4547	0
4548	2
4549	2
4550	1
4551	0
4552	0
4553	0
4554	2
4555	0
4556	0
4557	2
4558	2
4559	0
4560	0
4561	0
4562	2
4563	0
4564	0
4565	0
4566	2
4567	0
4568	0
4569	2
4570	3
4571	2
4572	2
4573	0
4574	0
4575	0
4576	2
4577	1
4578	2
4579	0
4580	0
4581	0
4582	3
4583	3
4584	0
4585	0
4586	0
4587	1
4588	0
4589	0
4590	0
4591	1
4592	2
4593	2
4594	0
4595	0
4596	1
4597	2
4598	3
4599	1
4600	3
4601	2
4602	1
4603	2
4604	0
4605	0
4606	1
4607	1
4608	0
4609	0
4610	3
4611	0
4612	0
4613	1
4614	2
4615	0
4616	1
4617	2
4618	2
4619	0
4620	2
4621	0
4622	2
4623	0
4624	0
4625	0
4626	2
4627	1
4628	1
4629	2
4630	0
4631	2
4632	2
4633	0
4634	2
4635	2
4636	2
4637	0
4638	0
4639	2
4640	3
4641	0
4642	3
4643	0
4644	0
4645	0
4646	2
4647	0
4648	0
4649	1
4650	0
4651	1
4652	0
4653	3
4654	0
4655	0
4656	2
4657	2
4658	3
4659	0
4660	0
4661	3
4662	0
4663	0
4664	1
4665	3
4666	0
4667	1
4668	0
4669	3
4670	0
4671	0
4672	0
4673	0
4674	3
4675	2
4676	0
4677	0
4678	1
4679	2
4680	0
4681	2
4682	2
4683	0
4684	1
4685	2
4686	0
4687	3
4688	1
4689	1
4690	3
4691	2
4692	0
4693	1
4694	1
4695	2
4696	0
4697	3
4698	3
4699	1
4700	0
4701	0
4702	0
4703	0
4704	3
4705	2
4706	0
4707	0
4708	0
4709	0
4710	3
4711	2
4712	3
4713	0
4714	0
4715	0
4716	0
4717	3
4718	0
4719	2
4720	3
4721	2
4722	0
4723	0
4724	3
4725	1
4726	2
4727	0
4728	0
4729	0
4730	0
4731	0
4732	0
4733	2
4734	0
4735	1
4736	1
4737	0
4738	1
4739	0
4740	3
4741	0
4742	0
4743	1
4744	0
4745	2
4746	3
4747	1
4748	1
4749	3
4750	1
4751	2
4752	0
4753	3
4754	2
4755	2
4756	2
4757	0
4758	3
4759	0
4760	1
4761	0
4762	2
4763	1
4764	2
4765	0
4766	0
4767	2
4768	0
4769	0
4770	0
4771	2
4772	0
4773	0
4774	0
4775	0
4776	0
4777	0
4778	0
4779	0
4780	1
4781	0
4782	0
4783	0
4784	3
4785	2
4786	2
4787	1
4788	2
4789	0
4790	0
4791	0
4792	0
4793	0
4794	1
4795	0
4796	0
4797	1
4798	0
4799	1
4800	0
4801	1
4802	1
4803	2
4804	0
4805	0
4806	0
4807	2
4808	2
4809	3
4810	2
4811	3
4812	0
4813	3
4814	0
4815	0
4816	1
4817	0
4818	0
4819	2
4820	3
4821	0
4822	2
4823	0
4824	2
4825	0
4826	3
4827	0
4828	0
4829	0
4830	2
4831	0
4832	3
4833	1
4834	3
4835	2
4836	0
4837	2
4838	0
4839	0
4840	0
4841	3
4842	3
4843	1
4844	2
4845	1
4846	3
4847	0
4848	0
4849	2
4850	2
4851	2
4852	0
4853	0
4854	2
4855	0
4856	0
4857	0
4858	0
4859	0
4860	1
4861	2
4862	2
4863	2
4864	0
4865	1
4866	0
4867	3
4868	3
4869	0
4870	0
4871	2
4872	0
4873	0
4874	0
4875	0
4876	0
4877	0
4878	0
4879	0
4880	0
4881	2
4882	3
4883	0
4884	3
4885	0
4886	0
4887	2
4888	1
4889	0
4890	2
4891	2
4892	2
4893	0
4894	0
4895	1
4896	0
4897	0
4898	0
4899	0
4900	0
4901	0
4902	3
4903	2
4904	1
4905	3
4906	2
4907	2
4908	0
4909	1
4910	3
4911	1
4912	0
4913	0
4914	0
4915	0
4916	0
4917	2
4918	0
4919	2
4920	0
4921	0
4922	2
4923	0
4924	0
4925	1
4926	0
4927	2
4928	0
4929	0
4930	2
4931	0
4932	0
4933	3
4934	0
4935	2
4936	0
4937	1
4938	1
4939	0
4940	0
4941	2
4942	0
4943	0
4944	0
4945	2
4946	0
4947	0
4948	3
4949	0
4950	3
4951	0
4952	0
4953	2
4954	2
4955	0
4956	0
4957	0
4958	2
4959	1
4960	1
4961	0
4962	0
4963	0
4964	0
4965	0
4966	0
4967	0
4968	2
4969	0
4970	2
4971	0
4972	0
4973	0
4974	0
4975	0
4976	0
4977	2
4978	2
4979	0
4980	0
4981	0
4982	0
4983	2
4984	0
4985	0
4986	0
4987	0
4988	0
4989	0
4990	0
4991	0
4992	0
4993	1
4994	2
4995	1
4996	3
4997	0
4998	1
4999	0
5000	0
5001	2
5002	0
5003	0
5004	0
5005	1
5006	2
5007	3
5008	3
5009	0
5010	0
5011	2
5012	0
5013	0
5014	0
5015	0
5016	3
5017	3
5018	2
5019	0
5020	0
5021	2
5022	0
5023	2
5024	0
5025	2
5026	0
5027	3
5028	3
5029	2
5030	2
5031	1
5032	0
5033	0
5034	0
5035	0
5036	0
5037	0
5038	3
5039	1
5040	2
5041	2
5042	1
5043	2
5044	3
5045	3
5046	3
5047	0
5048	1
5049	1
5050	1
5051	2
5052	0
5053	0
5054	0
5055	0
5056	2
5057	3
5058	0
5059	3
5060	0
5061	1
5062	0
5063	2
5064	1
5065	2
5066	0
5067	3
5068	0
5069	1
5070	0
5071	0
5072	0
5073	2
5074	1
5075	0
5076	0
5077	0
5078	0
5079	0
5080	0
5081	1
5082	0
5083	0
5084	2
5085	1
5086	2
5087	2
5088	0
5089	0
5090	0
5091	3
5092	0
5093	2
5094	2
5095	0
5096	2
5097	0
5098	1
5099	0
5100	0
5101	0
5102	0
5103	0
5104	0
5105	0
5106	2
5107	0
5108	0
5109	2
5110	0
5111	0
5112	0
5113	0
5114	0
5115	0
5116	3
5117	1
5118	1
5119	0
5120	3
5121	3
5122	0
5123	0
5124	0
5125	0
5126	0
5127	0
5128	2
5129	3
5130	3
5131	3
5132	0
5133	1
5134	2
5135	0
5136	2
5137	0
5138	0
5139	0
5140	2
5141	2
5142	3
5143	2
5144	0
5145	1
5146	0
5147	0
5148	0
5149	0
5150	0
5151	3
5152	1
5153	0
5154	0
5155	0
5156	0
5157	0
5158	2
5159	1
5160	3
5161	0
5162	0
5163	2
5164	0
5165	0
5166	3
5167	0
5168	0
5169	2
5170	3
5171	0
5172	0
5173	0
5174	3
5175	0
5176	0
5177	0
5178	2
5179	0
5180	0
5181	2
5182	0
5183	0
5184	1
5185	1
5186	3
5187	3
5188	3
5189	0
5190	0
5191	0
5192	2
5193	0
5194	3
5195	3
5196	0
5197	2
5198	0
5199	1
5200	0
5201	0
5202	1
5203	0
5204	2
5205	1
5206	2
5207	0
5208	2
5209	3
5210	0
5211	0
5212	0
5213	0
5214	3
5215	0
5216	0
5217	0
5218	2
5219	0
5220	0
5221	3
5222	3
5223	1
5224	0
5225	0
5226	0
5227	0
5228	3
5229	2
5230	1
5231	2
5232	3
5233	3
5234	2
5235	2
5236	2
5237	0
5238	2
5239	1
5240	0
5241	3
5242	0
5243	0
5244	3
5245	2
5246	0
5247	1
5248	1
5249	0
5250	2
5251	2
5252	2
5253	3
5254	2
5255	3
5256	2
5257	0
5258	0
5259	1
5260	1
5261	3
5262	2
5263	2
5264	3
5265	1
5266	0
5267	2
5268	3
5269	3
5270	2
5271	3
5272	1
5273	3
5274	3
5275	3
5276	2
5277	0
5278	0
5279	0
5280	0
5281	1
5282	1
5283	0
5284	1
5285	0
5286	1
5287	0
5288	2
5289	2
5290	1
5291	2
5292	0
5293	2
5294	0
5295	2
5296	2
5297	0
5298	0
5299	0
5300	3
5301	0
5302	3
5303	3
5304	0
5305	0
5306	1
5307	2
5308	0
5309	3
5310	0
5311	0
5312	0
5313	0
5314	2
5315	2
5316	0
5317	1
5318	3
5319	0
5320	0
5321	2
5322	0
5323	0
5324	3
5325	2
5326	0
5327	2
5328	0
5329	0
5330	0
5331	3
5332	1
5333	0
5334	2
5335	0
5336	3
5337	0
5338	2
5339	0
5340	1
5341	1
5342	2
5343	2
5344	0
5345	2
5346	0
5347	3
5348	0
5349	0
5350	3
5351	3
5352	2
5353	2
5354	0
5355	3
5356	2
5357	3
5358	2
5359	0
5360	3
5361	1
5362	2
5363	2
5364	3
5365	3
5366	1
5367	2
5368	3
5369	1
5370	0
5371	3
5372	3
5373	2
5374	2
5375	1
5376	0
5377	0
5378	2
5379	1
5380	1
5381	2
5382	0
5383	0
5384	2
5385	0
5386	2
5387	3
5388	0
5389	0
5390	3
5391	0
5392	1
5393	1
5394	2
5395	2
5396	3
5397	3
5398	1
5399	3
5400	0
5401	3
5402	0
5403	2
5404	0
5405	2
5406	0
5407	3
5408	2
5409	2
5410	2
5411	3
5412	0
5413	0
5414	0
5415	0
5416	2
5417	0
5418	0
5419	0
5420	2
5421	3
5422	3
5423	1
5424	2
5425	0
5426	0
5427	0
5428	2
5429	1
5430	1
5431	1
5432	0
5433	0
5434	3
5435	1
5436	2
5437	0
5438	2
5439	2
5440	2
5441	1
5442	0
5443	0
5444	2
5445	0
5446	2
5447	3
5448	2
5449	2
5450	1
5451	0
5452	0
5453	0
5454	1
5455	1
5456	0
5457	1
5458	2
5459	0
5460	0
5461	0
5462	2
5463	2
5464	0
5465	3
5466	2
5467	2
5468	0
5469	0
5470	1
5471	1
5472	1
5473	2
5474	1
5475	0
5476	0
5477	2
5478	3
5479	3
5480	0
5481	0
5482	1
5483	0
5484	0
5485	1
5486	1
5487	0
5488	0
5489	1
5490	3
5491	0
5492	0
5493	0
5494	0
5495	0
5496	2
5497	0
5498	0
5499	0
5500	0
5501	0
5502	0
5503	0
5504	0
5505	0
5506	3
5507	0
5508	0
5509	0
5510	3
5511	3
5512	1
5513	0
5514	2
5515	2
5516	0
5517	0
5518	2
5519	2
5520	1
5521	1
5522	0
5523	0
5524	0
5525	2
5526	3
5527	1
5528	0
5529	2
5530	0
5531	3
5532	0
5533	0
5534	2
5535	0
5536	0
5537	0
5538	1
5539	1
5540	3
5541	0
5542	2
5543	0
5544	2
5545	3
5546	0
5547	3
5548	3
5549	0
5550	1
5551	1
5552	0
5553	0
5554	0
5555	2
5556	2
5557	0
5558	2
5559	0
5560	0
5561	2
5562	0
5563	0
5564	1
5565	1
5566	0
5567	0
5568	1
5569	1
5570	2
5571	0
5572	0
5573	0
5574	2
5575	0
5576	0
5577	0
5578	3
5579	0
5580	0
5581	3
5582	0
5583	0
5584	0
5585	2
5586	0
5587	2
5588	0
5589	3
5590	3
5591	0
5592	0
5593	0
5594	1
5595	1
5596	2
5597	0
5598	2
5599	0
5600	2
5601	2
5602	3
5603	1
5604	0
5605	2
5606	3
5607	1
5608	2
5609	2
5610	3
5611	2
5612	0
5613	0
5614	0
5615	1
5616	3
5617	0
5618	0
5619	0
5620	3
5621	0
5622	0
5623	3
5624	0
5625	0
5626	0
5627	2
5628	1
5629	1
5630	0
5631	0
5632	0
5633	1
5634	3
5635	3
5636	0
5637	0
5638	2
5639	0
5640	3
5641	3
5642	0
5643	2
5644	2
5645	1
5646	0
5647	0
5648	0
5649	0
5650	0
5651	0
5652	3
5653	2
5654	0
5655	1
5656	0
5657	0
5658	1
5659	0
5660	3
5661	3
5662	3
5663	3
5664	0
5665	0
5666	1
5667	0
5668	1
5669	0
5670	0
5671	0
5672	3
5673	1
5674	3
5675	0
5676	0
5677	0
5678	0
5679	0
5680	2
5681	2
5682	2
5683	0
5684	2
5685	0
5686	0
5687	0
5688	0
5689	1
5690	3
5691	2
5692	0
5693	0
5694	2
5695	2
5696	2
5697	3
5698	1
5699	0
5700	0
5701	2
5702	2
5703	0
5704	1
5705	2
5706	2
5707	3
5708	3
5709	2
5710	0
5711	2
5712	1
5713	2
5714	0
5715	0
5716	0
5717	0
5718	0
5719	2
5720	0
5721	2
5722	1
5723	0
5724	0
5725	1
5726	0
5727	0
5728	2
5729	2
5730	2
5731	0
5732	0
5733	2
5734	3
5735	0
5736	1
5737	2
5738	1
5739	0
5740	0
5741	2
5742	2
5743	3
5744	0
5745	0
5746	0
5747	3
5748	2
5749	2
5750	2
5751	3
5752	1
5753	3
5754	3
5755	3
5756	0
5757	0
5758	0
5759	3
5760	0
5761	2
5762	3
5763	2
5764	0
5765	0
5766	2
5767	0
5768	2
5769	0
5770	2
5771	2
5772	2
5773	1
5774	0
5775	0
5776	0
5777	0
5778	0
5779	1
5780	0
5781	0
5782	3
5783	3
5784	0
5785	2
5786	3
5787	0
5788	2
5789	2
5790	1
5791	2
5792	2
5793	2
5794	2
5795	2
5796	2
5797	0
5798	0
5799	2
5800	0
5801	0
5802	2
5803	2
5804	0
5805	0
5806	0
5807	2
5808	2
5809	2
5810	0
5811	2
5812	0
5813	2
5814	3
5815	0
5816	0
5817	1
5818	0
5819	3
5820	0
5821	1
5822	1
5823	2
5824	2
5825	2
5826	2
5827	3
5828	2
5829	2
5830	2
5831	0
5832	0
5833	3
5834	3
5835	1
5836	0
5837	0
5838	2
5839	2
5840	1
5841	2
5842	3
5843	0
5844	0
5845	2
5846	0
5847	0
5848	0
5849	0
5850	0
5851	2
5852	0
5853	0
5854	0
5855	0
5856	0
5857	0
5858	2
5859	1
5860	0
5861	0
5862	3
5863	0
5864	0
5865	0
5866	3
5867	0
5868	1
5869	2
5870	0
5871	3
5872	1
5873	1
5874	3
5875	0
5876	0
5877	0
5878	0
5879	3
5880	0
5881	2
5882	2
5883	0
5884	2
5885	2
5886	3
5887	2
5888	0
5889	0
5890	2
5891	3
5892	0
5893	1
5894	0
5895	0
5896	0
5897	0
5898	0
5899	0
5900	0
5901	3
5902	0
5903	0
5904	2
5905	0
5906	1
5907	0
5908	2
5909	0
5910	1
5911	2
5912	0
5913	0
5914	2
5915	3
5916	0
5917	0
5918	0
5919	0
5920	3
5921	0
5922	0
5923	1
5924	0
5925	0
5926	2
5927	0
5928	2
5929	0
5930	2
5931	0
5932	0
5933	1
5934	3
5935	2
5936	2
5937	2
5938	0
5939	2
5940	0
5941	3
5942	3
5943	0
5944	1
5945	3
5946	0
5947	3
5948	0
5949	0
5950	3
5951	3
5952	2
5953	2
5954	2
5955	2
5956	0
5957	1
5958	3
5959	3
5960	2
5961	0
5962	0
5963	2
5964	3
5965	2
5966	3
5967	0
5968	0
5969	2
5970	3
5971	2
5972	2
5973	0
5974	0
5975	2
5976	0
5977	3
5978	0
5979	3
5980	2
5981	2
5982	1
5983	3
5984	0
5985	0
5986	3
5987	2
5988	0
5989	0
5990	0
5991	3
5992	3
5993	0
5994	3
5995	0
5996	0
5997	0
5998	2
5999	3
6000	0
6001	0
6002	0
6003	2
6004	0
6005	0
6006	0
6007	2
6008	0
6009	0
6010	2
6011	0
6012	2
6013	0
6014	0
6015	0
6016	2
6017	1
6018	1
6019	3
6020	0
6021	1
6022	3
6023	1
6024	0
6025	3
6026	0
6027	0
6028	0
6029	0
6030	2
6031	3
6032	3
6033	3
6034	0
6035	1
6036	0
6037	3
6038	0
6039	0
6040	0
6041	0
6042	0
6043	0
6044	1
6045	1
6046	0
6047	1
6048	0
6049	0
6050	0
6051	0
6052	0
6053	0
6054	2
6055	0
6056	1
6057	2
6058	1
6059	3
6060	0
6061	3
6062	1
6063	2
6064	2
6065	2
6066	2
6067	3
6068	1
6069	0
6070	0
6071	1
6072	1
6073	2
6074	1
6075	2
6076	2
6077	3
6078	0
6079	3
6080	2
6081	3
6082	2
6083	3
6084	2
6085	3
6086	1
6087	3
6088	1
6089	2
6090	1
6091	0
6092	0
6093	3
6094	2
6095	0
6096	0
6097	3
6098	0
6099	2
6100	0
6101	2
6102	2
6103	0
6104	2
6105	3
6106	2
6107	1
6108	0
6109	0
6110	0
6111	0
6112	0
6113	0
6114	0
6115	1
6116	1
6117	0
6118	0
6119	0
6120	1
6121	2
6122	3
6123	2
6124	1
6125	0
6126	0
6127	0
6128	0
6129	0
6130	0
6131	0
6132	2
6133	0
6134	0
6135	2
6136	0
6137	2
6138	2
6139	0
6140	2
6141	1
6142	2
6143	2
6144	0
6145	3
6146	2
6147	0
6148	1
6149	2
6150	0
6151	0
6152	2
6153	2
6154	0
6155	3
6156	2
6157	0
6158	0
6159	2
6160	2
6161	1
6162	0
6163	0
6164	2
6165	0
6166	2
6167	0
6168	3
6169	2
6170	3
6171	0
6172	3
6173	0
6174	0
6175	2
6176	2
6177	0
6178	0
6179	0
6180	2
6181	1
6182	2
6183	2
6184	0
6185	3
6186	2
6187	0
6188	3
6189	3
6190	0
6191	1
6192	0
6193	1
6194	0
6195	0
6196	0
6197	1
6198	0
6199	1
6200	0
6201	1
6202	2
6203	2
6204	0
6205	1
6206	1
6207	2
6208	3
6209	3
6210	0
6211	0
6212	0
6213	0
6214	0
6215	2
6216	0
6217	0
6218	0
6219	0
6220	0
6221	0
6222	0
6223	0
6224	0
6225	0
6226	0
6227	2
6228	2
6229	0
6230	3
6231	2
6232	2
6233	2
6234	2
6235	3
6236	3
6237	2
6238	2
6239	0
6240	1
6241	3
6242	1
6243	0
6244	0
6245	2
6246	0
6247	1
6248	3
6249	0
6250	0
6251	0
6252	3
6253	2
6254	3
6255	3
6256	0
6257	0
6258	0
6259	0
6260	0
6261	2
6262	0
6263	3
6264	2
6265	0
6266	2
6267	0
6268	0
6269	2
6270	0
6271	0
6272	2
6273	0
6274	0
6275	2
6276	0
6277	0
6278	3
6279	3
6280	0
6281	3
6282	0
6283	3
6284	3
6285	3
6286	2
6287	1
6288	3
6289	1
6290	0
6291	2
6292	3
6293	2
6294	0
6295	1
6296	0
6297	3
6298	2
6299	2
6300	2
6301	0
6302	0
6303	1
6304	0
6305	1
6306	1
6307	0
6308	0
6309	3
6310	0
6311	0
6312	0
6313	2
6314	0
6315	2
6316	0
6317	0
6318	2
6319	0
6320	2
6321	0
6322	0
6323	0
6324	0
6325	2
6326	3
6327	3
6328	2
6329	3
6330	3
6331	1
6332	3
6333	3
6334	0
6335	2
6336	3
6337	0
6338	2
6339	2
6340	3
6341	1
6342	1
6343	3
6344	3
6345	3
6346	0
6347	1
6348	2
6349	0
6350	3
6351	0
6352	1
6353	2
6354	2
6355	0
6356	3
6357	3
6358	0
6359	0
6360	0
6361	2
6362	3
6363	0
6364	3
6365	1
6366	3
6367	0
6368	3
6369	3
6370	0
6371	0
6372	3
6373	2
6374	1
6375	0
6376	0
6377	0
6378	0
6379	3
6380	2
6381	3
6382	0
6383	2
6384	3
6385	2
6386	2
6387	1
6388	2
6389	3
6390	3
6391	0
6392	3
6393	3
6394	2
6395	3
6396	0
6397	3
6398	3
6399	0
6400	0
6401	3
6402	1
6403	3
6404	2
6405	2
6406	1
6407	1
6408	3
6409	2
6410	2
6411	0
6412	0
6413	3
6414	2
6415	0
6416	0
6417	0
6418	1
6419	2
6420	2
6421	0
6422	2
6423	0
6424	0
6425	0
6426	0
6427	0
6428	0
6429	3
6430	3
6431	2
6432	0
6433	0
6434	2
6435	0
6436	2
6437	0
6438	2
6439	3
6440	3
6441	3
6442	3
6443	3
6444	3
6445	0
6446	2
6447	2
6448	0
6449	2
6450	0
6451	2
6452	1
6453	0
6454	0
6455	0
6456	3
6457	0
6458	3
6459	0
6460	1
6461	2
6462	1
6463	3
6464	3
6465	0
6466	3
6467	2
6468	2
6469	2
6470	2
6471	0
6472	2
6473	0
6474	1
6475	2
6476	0
6477	0
6478	0
6479	2
6480	2
6481	3
6482	0
6483	0
6484	0
6485	3
6486	3
6487	0
6488	1
6489	0
6490	3
6491	3
6492	0
6493	1
6494	3
6495	2
6496	3
6497	1
6498	2
6499	2
6500	0
6501	0
6502	2
6503	1
6504	0
6505	2
6506	0
6507	1
6508	1
6509	2
6510	1
6511	3
6512	0
6513	3
6514	3
6515	3
6516	0
6517	3
6518	3
6519	2
6520	0
6521	3
6522	1
6523	0
6524	0
6525	2
6526	0
6527	3
6528	2
6529	2
6530	2
6531	2
6532	3
6533	3
6534	2
6535	2
6536	2
6537	0
6538	1
6539	1
6540	1
6541	2
6542	1
6543	2
6544	0
6545	3
6546	1
6547	3
6548	3
6549	2
6550	3
6551	3
6552	2
6553	0
6554	3
6555	0
6556	3
6557	3
6558	2
6559	2
6560	0
6561	2
6562	2
6563	2
6564	3
6565	1
6566	3
6567	0
6568	3
6569	0
6570	3
6571	2
6572	0
6573	3
6574	3
6575	3
6576	3
6577	1
6578	3
6579	0
6580	1
6581	3
6582	1
6583	3
6584	3
6585	2
6586	2
6587	2
6588	3
6589	2
6590	0
6591	3
6592	0
6593	2
6594	2
6595	3
6596	0
6597	3
6598	1
6599	3
6600	2
6601	3
6602	3
6603	0
6604	0
6605	3
6606	1
6607	3
6608	2
6609	2
6610	0
6611	2
6612	2
6613	3
6614	3
6615	0
6616	0
6617	1
6618	2
6619	3
6620	3
6621	3
6622	0
6623	3
6624	0
6625	3
6626	3
6627	3
6628	2
6629	0
6630	2
6631	2
6632	2
6633	0
6634	0
6635	3
6636	1
6637	0
6638	0
6639	0
6640	0
6641	2
6642	3
6643	1
6644	3
6645	0
6646	3
6647	1
6648	2
6649	0
6650	2
6651	0
6652	0
