0	2343
0	3348
3348	3341
1	2344
1	3349
2344	34
2344	714
3349	3341
2	2345
2	3350
2345	3
2345	7
2345	215
2345	219
2345	561
3350	10
3350	109
3350	142
3350	299
3350	3341
3	3351
3351	9
3351	69
3351	71
3351	95
3351	102
3351	144
3351	664
3351	674
3351	688
3351	689
3351	1188
3351	1189
3351	1190
3351	1197
3351	1272
3351	1300
3351	1313
3351	1323
3351	1325
3351	1327
3351	1349
3351	1352
3351	1382
3351	1385
3351	1386
3351	1390
3351	1395
3351	1463
3351	1530
3351	1531
3351	1542
3351	1554
3351	1555
3351	1563
3351	1566
3351	1744
3351	1861
3351	1866
3351	3341
4	2346
4	3352
2346	367
2346	396
2346	1616
3352	6
3352	14
3352	23
5	2347
5	3353
3353	17
3353	21
3353	25
3353	27
3353	31
3353	35
3353	38
3353	42
3353	44
3353	50
3353	51
3353	54
3353	141
3353	148
3353	164
3353	165
3353	181
3353	198
3353	250
3353	293
3353	347
3353	351
3353	362
3353	415
3353	3341
6	2348
2348	49
2348	730
2348	758
2348	759
7	3354
3354	8
3354	11
3354	15
3354	19
3354	52
3354	57
3354	58
3354	62
3354	103
3354	105
3354	106
3354	110
3354	114
3354	125
3354	146
3354	207
3354	227
3354	236
3354	261
3354	282
3354	291
3354	363
3354	1019
3354	1072
3354	1081
3354	3341
8	2349
2349	196
2349	1003
2349	1069
2349	1844
9	2350
2350	1492
10	2351
2351	1595
11	2352
2352	12
12	3355
3355	3341
13	2353
13	3356
3356	36
3356	59
3356	101
3356	107
3356	3341
14	2354
2354	839
2354	841
2354	959
15	2355
2355	16
2355	21
2355	79
16	3357
3357	174
3357	333
3357	379
3357	441
3357	3341
17	2356
2356	22
2356	2300
18	2357
18	3358
2357	45
2357	85
2357	87
3358	3341
19	2358
20	2359
20	3359
2359	28
2359	1123
2359	1124
2359	1749
3359	805
3359	3341
22	3360
3360	24
3360	26
3360	30
23	2360
2360	25
2360	651
24	2361
26	2362
2362	29
2362	32
2362	366
2362	373
27	2363
2363	47
2363	2070
28	3361
3361	115
3361	118
3361	119
3361	159
3361	238
3361	3341
29	3362
3362	140
30	2364
2364	105
2364	705
31	2365
32	3363
33	2366
33	3364
2366	35
34	3365
3365	3341
36	2367
37	2368
37	3366
2368	38
2368	552
2368	628
3366	41
3366	43
3366	47
3366	60
3366	70
3366	72
3366	73
3366	138
3366	158
3366	338
3366	3341
39	2369
39	3367
2369	66
2369	1076
3367	143
3367	195
3367	364
3367	372
3367	483
3367	650
3367	1184
3367	1356
3367	1537
3367	1562
3367	1943
3367	3341
40	2370
40	3368
2370	467
3368	46
3368	53
3368	63
3368	66
3368	196
3368	3341
41	2371
2371	254
2371	840
42	2372
2372	48
2372	1727
2372	1728
43	2373
2373	44
45	3369
3369	48
46	2374
2374	52
2374	54
2374	77
2374	300
2374	754
2374	756
2374	1182
49	3370
3370	111
50	2375
51	2376
53	2377
2377	57
2377	69
2377	78
2377	951
2377	1667
2377	1970
55	2378
55	3371
2378	61
2378	2144
3371	56
3371	152
3371	153
3371	179
3371	180
3371	182
3371	184
3371	193
3371	194
3371	209
3371	228
3371	231
3371	233
3371	239
3371	240
3371	251
3371	264
3371	267
3371	283
3371	285
3371	294
3371	296
3371	297
3371	305
3371	313
3371	315
3371	353
3371	3341
56	2379
58	2380
2380	59
2380	63
60	2381
2381	796
2381	983
61	3372
3372	361
3372	395
3372	413
3372	3341
62	2382
64	2383
64	3373
2383	521
2383	522
3373	124
3373	150
3373	171
3373	300
3373	3341
65	2384
65	3374
3374	67
3374	81
3374	104
3374	126
3374	147
3374	162
3374	163
3374	173
3374	210
3374	235
3374	245
3374	256
3374	258
3374	260
3374	269
3374	311
3374	330
3374	390
3374	530
3374	594
3374	864
3374	881
3374	884
3374	1007
3374	3341
67	2385
2385	1186
2385	1769
2385	1869
2385	1901
68	2386
68	3375
2386	1815
3375	74
3375	112
3375	113
3375	116
3375	128
3375	129
3375	131
3375	132
3375	133
3375	137
3375	160
3375	161
3375	168
3375	170
3375	175
3375	176
3375	177
3375	183
3375	189
3375	190
3375	204
3375	211
3375	241
3375	242
3375	243
3375	252
3375	259
3375	279
3375	284
3375	286
3375	288
3375	290
3375	304
3375	312
3375	325
3375	326
3375	337
3375	354
3375	369
3375	381
3375	414
3375	457
3375	490
3375	3341
70	2387
71	2388
2388	72
73	2389
74	2390
2390	80
75	2391
75	3376
2391	777
3376	76
3376	77
3376	78
3376	79
3376	82
3376	84
3376	86
3376	87
3376	88
3376	89
3376	127
3376	134
3376	136
3376	139
3376	151
3376	166
3376	167
3376	202
3376	203
3376	280
3376	3341
76	2392
2392	1879
80	3377
81	2393
2393	124
2393	1097
82	2394
83	2395
83	3378
2395	116
84	2396
85	3379
3379	154
3379	186
3379	218
3379	2295
3379	3341
86	2397
88	2398
89	2399
2399	1095
90	2400
90	3380
2400	409
2400	516
3380	91
3380	92
3380	93
3380	94
3380	96
3380	97
3380	98
3380	99
3380	120
3380	155
3380	309
3380	343
3380	3341
91	2401
92	2402
2402	100
93	2403
2403	113
94	2404
95	2405
2405	103
96	2406
2406	112
2406	115
2406	121
2406	745
97	2407
2407	1001
2407	1373
98	2408
99	2409
100	3381
3381	123
3381	246
3381	255
3381	277
3381	308
3381	314
3381	322
3381	340
3381	345
3381	374
3381	376
3381	398
3381	412
3381	427
3381	428
3381	443
3381	447
3381	455
3381	498
3381	575
3381	711
3381	748
3381	797
3381	924
3381	986
3381	995
3381	1036
3381	1087
3381	1094
3381	1135
3381	1176
3381	1357
3381	1433
3381	1582
3381	1698
3381	1762
3381	1811
3381	1817
3381	1980
3381	2057
3381	2113
3381	2199
3381	2332
3381	3341
101	2410
2410	119
2410	757
102	2411
104	2412
106	2413
107	2414
2414	1247
2414	2200
108	2415
108	3382
2415	109
2415	111
2415	417
2415	435
3382	332
3382	3341
110	2416
114	2417
2417	165
2417	657
117	2418
117	3383
2418	118
3383	224
3383	424
3383	426
3383	811
3383	812
120	2419
2419	125
2419	2069
121	3384
3384	3341
122	2420
122	3385
2420	123
2420	127
2420	416
126	2421
128	2422
129	2423
130	2424
130	3386
3386	157
3386	216
3386	270
3386	302
3386	320
3386	321
3386	327
3386	335
3386	358
3386	405
3386	419
3386	429
3386	499
3386	502
3386	512
3386	563
3386	614
3386	3341
131	2425
132	2426
133	2427
134	2428
135	2429
135	3387
2429	136
137	2430
2430	172
138	2431
139	2432
2432	140
2432	142
2432	145
2432	393
2432	1645
2432	1648
141	2433
143	2434
2434	150
2434	167
2434	662
2434	666
144	2435
2435	168
145	3388
3388	3341
146	2436
147	2437
2437	148
2437	151
2437	957
2437	994
149	2438
149	3389
3389	156
3389	445
3389	1099
3389	1104
3389	1130
3389	1151
3389	1162
3389	1163
3389	1164
3389	1183
3389	1242
3389	1481
3389	1509
3389	1520
3389	1639
3389	1745
3389	1746
3389	1765
3389	1766
3389	1826
3389	2003
3389	2035
3389	2176
3389	2177
3389	2291
3389	3341
152	2439
153	2440
154	2441
2441	155
2441	156
2441	158
2441	159
2441	169
157	2442
2442	846
160	2443
161	2444
162	2445
2445	164
2445	798
163	2446
2446	166
169	3390
170	2447
2447	171
2447	186
2447	2097
172	3391
3391	244
173	2448
2448	176
2448	179
174	2449
2449	177
2449	276
175	2450
178	2451
178	3392
2451	180
181	2452
2452	182
2452	352
183	2453
2453	184
2453	799
185	2454
185	3393
2454	187
2454	199
3393	3341
187	3394
3394	3341
188	2455
188	3395
2455	190
2455	194
2455	195
2455	197
2455	198
2455	1279
2455	1643
3395	191
3395	192
3395	200
3395	201
3395	253
3395	411
3395	3341
189	2456
2456	191
2456	585
192	2457
2457	834
193	2458
2458	601
2458	617
2458	1129
2458	1666
2458	1992
197	3396
3396	208
3396	223
3396	230
3396	287
3396	339
3396	344
3396	740
199	3397
3397	212
3397	213
3397	226
3397	3341
200	2459
2459	205
201	2460
2460	206
202	2461
2461	211
203	2462
2462	213
2462	897
2462	2331
204	2463
205	3398
3398	217
206	3399
3399	3341
207	2464
2464	208
2464	214
2464	247
2464	654
2464	967
2464	1985
2464	2095
2464	2194
209	2465
210	2466
2466	212
2466	222
214	3400
3400	289
3400	3341
215	3401
3401	404
3401	636
3401	3341
216	2467
2467	223
2467	998
217	2468
2468	218
2468	221
2468	226
2468	242
2468	541
2468	2072
219	3402
3402	3341
220	2469
220	3403
2469	224
2469	225
3403	221
3403	222
3403	323
225	3404
3404	237
3404	248
3404	262
3404	263
3404	265
3404	292
3404	349
3404	355
3404	370
3404	371
3404	392
3404	406
3404	407
3404	432
3404	433
3404	440
3404	508
3404	513
3404	598
3404	605
3404	607
3404	610
3404	649
3404	658
3404	661
3404	685
3404	686
3404	694
3404	704
3404	729
3404	743
3404	744
3404	750
3404	762
3404	764
3404	773
3404	775
3404	778
3404	783
3404	784
3404	785
3404	787
3404	791
3404	792
3404	800
3404	819
3404	823
3404	824
3404	842
3404	843
3404	848
3404	900
3404	911
3404	912
3404	1402
3404	1403
3404	1862
3404	1990
3404	2198
227	2470
2470	228
2470	241
2470	244
2470	771
2470	794
229	2471
229	3405
2471	232
2471	238
2471	528
2471	606
2471	622
2471	2180
3405	615
3405	3341
230	2472
2472	231
2472	235
232	3406
233	2473
2473	234
234	3407
236	2474
2474	237
239	2475
2475	240
2475	1506
2475	1730
243	2476
2476	245
2476	253
2476	274
2476	1341
246	2477
2477	249
247	3408
3408	278
3408	301
3408	307
3408	3341
248	2478
2478	295
2478	751
2478	2247
249	3409
3409	257
3409	3341
250	2479
251	2480
252	2481
2481	861
254	3410
255	2482
2482	256
2482	257
258	2483
2483	259
260	2484
2484	261
262	2485
263	2486
2486	264
2486	266
2486	268
2486	280
265	2487
2487	272
266	3411
267	2488
2488	278
268	3412
269	2489
270	2490
2490	271
2490	1391
2490	1940
2490	2013
271	3413
3413	272
3413	273
3413	274
3413	275
273	2491
275	2492
276	3414
277	2493
279	2494
2494	833
281	2495
281	3415
2495	282
2495	283
2495	284
3415	420
285	2496
286	2497
287	2498
2498	288
289	2499
2499	290
2499	298
2499	301
2499	317
2499	321
2499	2298
2499	2299
2499	2301
291	2500
2500	294
292	2501
2501	293
2501	297
2501	303
2501	319
295	3416
3416	350
3416	454
3416	505
3416	520
3416	533
3416	534
3416	564
3416	1217
3416	1406
3416	1592
3416	2110
296	2502
298	3417
299	2503
302	2504
2504	304
303	3418
305	2505
306	2506
306	3419
2506	309
2506	312
3419	310
3419	331
307	2507
2507	308
310	2508
2508	311
313	2509
2509	323
314	2510
315	2511
316	2512
316	3420
2512	318
3420	3341
317	3421
318	3422
319	3423
320	2513
322	2514
324	2515
324	3424
2515	325
326	2516
2516	327
2516	328
2516	329
328	3425
329	3426
330	2517
331	2518
2518	338
332	2519
2519	333
2519	334
2519	335
334	3427
336	2520
336	3428
2520	337
2520	2254
2520	2257
2520	2258
3428	346
339	2521
2521	341
2521	357
2521	368
2521	378
340	2522
2522	397
341	3429
3429	3341
342	2523
342	3430
2523	343
344	2524
2524	345
2524	346
2524	1753
347	2525
348	2526
348	3431
2526	359
3431	430
3431	468
3431	532
349	2527
350	2528
2528	356
2528	888
2528	907
2528	1213
351	2529
352	3432
353	2530
2530	354
355	2531
356	3433
3433	357
358	2532
2532	613
2532	640
2532	808
2532	887
2532	1205
359	3434
3434	360
3434	3341
360	2533
361	2534
2534	365
362	2535
2535	382
363	2536
364	2537
365	3435
366	3436
3436	367
368	3437
369	2538
2538	370
371	2539
372	2540
373	3438
374	2541
2541	391
2541	549
375	2542
375	3439
2542	376
3439	431
3439	450
3439	451
3439	522
3439	524
3439	554
3439	567
3439	572
3439	593
3439	596
3439	618
3439	738
3439	745
3439	754
3439	826
3439	856
3439	921
3439	929
3439	980
3439	998
3439	1010
3439	3341
377	2543
377	3440
2543	838
378	3441
3441	384
3441	386
3441	402
3441	422
3441	446
3441	460
3441	559
3441	3341
379	2544
380	2545
380	3442
2545	381
2545	383
2545	385
2545	387
2545	388
2545	389
382	3443
383	3444
384	2546
2546	390
2546	403
385	3445
386	2547
2547	394
2547	401
2547	461
2547	482
2547	518
2547	525
387	3446
3446	804
3446	3341
388	3447
389	3448
391	3449
392	2548
2548	1510
393	3450
3450	394
395	2549
396	3451
3451	397
398	2550
399	2551
399	3452
2551	404
400	2552
400	3453
2552	402
2552	410
2552	473
3453	719
401	3454
403	3455
405	2553
406	2554
407	2555
408	2556
408	3456
2556	426
2556	515
2556	755
3456	409
410	3457
411	2557
2557	603
2557	737
2557	1232
2557	1462
2557	2129
412	2558
2558	418
2558	437
413	2559
2559	414
415	2560
2560	434
416	3458
3458	417
418	3459
3459	423
3459	425
3459	529
3459	590
3459	718
3459	3341
419	2561
2561	421
2561	438
420	2562
2562	422
421	3460
423	2563
2563	452
2563	479
2563	484
2563	488
424	2564
2564	477
2564	1114
425	2565
2565	432
2565	896
2565	922
2565	950
427	2566
2566	429
428	2567
2567	430
2567	431
2567	433
2567	445
2567	449
2567	476
2567	480
2567	493
434	3461
3461	437
3461	3341
435	3462
436	2568
436	3463
2568	474
3463	444
3463	465
3463	538
3463	544
3463	566
438	3464
3464	517
3464	519
3464	521
3464	1014
3464	1294
439	2569
439	3465
2569	440
441	2570
442	2571
442	3466
2571	443
2571	444
2571	458
2571	470
3466	875
446	2572
2572	447
2572	448
2572	459
448	3467
3467	449
3467	484
3467	3341
450	2573
2573	453
2573	486
2573	497
2573	500
2573	501
2573	509
2573	511
2573	551
2573	627
2573	632
2573	641
2573	725
2573	726
2573	2098
2573	2211
451	2574
2574	455
2574	611
452	3468
3468	453
454	2575
2575	456
2575	457
2575	492
456	3469
458	3470
3470	507
459	3471
3471	461
3471	492
3471	493
3471	494
3471	503
3471	510
460	2576
462	2577
462	3472
2577	465
463	2578
463	3473
2578	481
3473	464
3473	466
3473	467
3473	487
3473	531
3473	571
3473	583
3473	626
3473	952
3473	1181
3473	1559
3473	1567
3473	1638
3473	1922
3473	2218
464	2579
2579	472
2579	573
466	2580
2580	468
2580	471
2580	478
2580	483
469	2581
469	3474
2581	496
2581	499
3474	470
3474	471
3474	472
3474	473
3474	474
3474	475
3474	476
3474	477
3474	481
3474	482
3474	489
3474	511
475	2582
478	3475
3475	479
3475	480
3475	496
3475	497
485	2583
485	3476
2583	491
2583	543
2583	582
2583	599
2583	604
486	3477
487	2584
2584	568
488	3478
489	2585
2585	490
2585	1204
491	3479
494	2586
2586	495
2586	506
2586	507
495	3480
498	2587
500	3481
501	3482
502	2588
2588	503
2588	527
2588	1152
2588	1153
2588	1925
504	2589
504	3483
2589	505
2589	553
3483	891
3483	892
3483	894
3483	895
3483	896
3483	905
3483	906
3483	907
3483	913
3483	915
3483	916
3483	917
3483	922
3483	923
3483	927
3483	928
3483	944
3483	945
3483	946
3483	947
3483	958
3483	963
3483	964
3483	965
3483	972
3483	989
3483	997
3483	1009
3483	1032
3483	1033
3483	1105
3483	1111
3483	1112
3483	1154
3483	1590
3483	1616
3483	1627
506	3484
508	2590
2590	510
2590	540
509	3485
512	2591
2591	780
2591	782
513	2592
2592	638
2592	644
514	2593
514	3486
2593	517
2593	523
515	3487
516	3488
3488	3341
518	3489
3489	3341
519	2594
2594	520
2594	895
523	3490
524	2595
525	3491
3491	631
526	2596
526	3492
3492	3341
527	3493
528	3494
529	2597
2597	534
530	2598
531	2599
2599	532
2599	535
2599	1829
2599	2048
2599	2050
533	2600
535	3495
536	2601
536	3496
2601	537
2601	941
3496	1040
3496	3341
537	3497
538	2602
2602	539
2602	555
539	3498
3498	547
3498	550
3498	3341
540	3499
541	3500
3500	543
3500	557
3500	560
3500	570
3500	602
3500	660
3500	666
542	2603
542	3501
2603	545
2603	546
2603	548
544	2604
2604	547
2604	701
2604	970
2604	972
2604	2053
545	3502
3502	558
3502	3341
546	3503
548	3504
549	3505
3505	3341
550	2605
551	3506
3506	552
3506	553
554	2606
555	3507
556	2607
556	3508
2607	558
2607	559
2607	576
2607	578
2607	656
2607	660
2607	683
2607	687
2607	733
2607	1316
557	2608
560	2609
2609	563
2609	564
2609	565
2609	586
2609	623
2609	645
2609	648
2609	672
2609	676
2609	849
2609	910
2609	914
561	3509
562	2610
562	3510
2610	570
565	3511
566	2611
2611	569
2611	587
2611	598
2611	1748
567	2612
2612	612
2612	629
2612	988
568	3512
569	3513
3513	581
3513	3341
571	2613
2613	608
2613	610
572	2614
2614	574
2614	577
2614	1243
2614	1246
573	3514
3514	3341
574	3515
575	2615
576	3516
577	3517
578	3518
579	2616
579	3519
2616	581
2616	584
2616	591
2616	592
2616	594
2616	595
2616	1283
3519	580
580	2617
2617	625
2617	695
2617	1427
582	3520
583	2618
2618	589
2618	597
2618	2055
584	3521
585	3522
586	3523
3523	587
3523	3341
588	2619
588	3524
2619	607
589	3525
590	2620
2620	898
591	3526
3526	1157
592	3527
593	2621
2621	760
595	3528
3528	759
3528	760
3528	1122
596	2622
2622	619
2622	717
2622	1883
597	3529
3529	728
599	3530
3530	1024
3530	1123
3530	1257
3530	3341
600	2623
600	3531
2623	636
2623	814
2623	2052
601	3532
602	2624
603	3533
3533	606
604	3534
605	2625
2625	609
608	3535
3535	609
3535	642
3535	643
611	3536
612	3537
613	3538
614	2626
2626	761
2626	1383
615	2627
2627	620
2627	621
2627	665
2627	668
2627	671
616	2628
616	3539
2628	618
2628	624
2628	630
2628	631
2628	637
2628	663
2628	667
2628	690
2628	699
2628	707
2628	1343
2628	1344
617	3540
619	3541
3541	621
3541	622
3541	623
620	3542
624	3543
625	3544
626	2629
2629	643
627	3545
3545	628
629	3546
630	3547
632	3548
3548	724
633	2630
633	3549
2630	634
2630	635
2630	639
634	3550
3550	647
635	3551
637	3552
3552	653
3552	677
3552	684
3552	700
3552	702
3552	703
3552	710
3552	727
3552	749
3552	763
3552	767
3552	768
3552	782
3552	859
3552	860
3552	886
638	3553
639	3554
640	3555
641	3556
3556	746
3556	1207
3556	3341
642	2631
2631	649
2631	650
644	3557
645	3558
646	2632
646	3559
2632	647
2632	659
2632	670
2632	692
648	3560
651	3561
3561	652
3561	772
3561	781
3561	1004
652	2633
2633	653
654	3562
655	2634
655	3563
2634	971
2634	1641
3563	865
656	3564
3564	657
3564	659
3564	3341
658	2635
2635	789
661	2636
2636	680
2636	837
662	3565
663	3566
3566	3341
664	2637
2637	669
2637	698
665	3567
667	3568
668	3569
3569	669
3569	670
3569	672
3569	675
3569	678
3569	687
671	3570
3570	673
3570	695
3570	716
673	2638
2638	1157
674	2639
2639	675
2639	677
2639	697
676	3571
678	2640
2640	679
679	3572
680	3573
3573	3341
681	2641
681	3574
3574	682
3574	709
3574	3341
682	2642
2642	685
2642	708
683	3575
684	2643
2643	689
2643	693
686	2644
2644	738
688	2645
2645	691
690	3576
691	3577
3577	705
3577	1121
692	3578
3578	693
3578	696
3578	697
3578	698
3578	706
694	2646
2646	696
699	3579
700	2647
2647	996
701	3580
702	2648
2648	704
2648	706
2648	719
703	2649
2649	2056
707	3581
3581	708
709	2650
710	2651
2651	713
2651	858
711	2652
2652	721
712	2653
712	3582
2653	720
2653	734
3582	713
3582	714
3582	726
3582	769
3582	770
3582	847
3582	1588
3582	1591
3582	1625
3582	3341
715	2654
715	3583
2654	716
2654	718
717	3584
720	3585
721	3586
3586	722
3586	723
722	2655
2655	724
2655	732
2655	1170
2655	1171
723	2656
2656	735
725	3587
727	2657
2657	728
2657	731
2657	746
2657	747
2657	779
729	2658
730	3588
731	3589
732	3590
733	3591
734	3592
3592	735
736	2659
736	3593
2659	1417
737	3594
739	2660
739	3595
2660	744
2660	752
740	2661
2661	741
2661	742
741	3596
3596	757
3596	758
3596	1001
742	3597
743	2662
2662	991
747	3598
3598	3341
748	2663
749	2664
2664	753
750	2665
751	3599
752	3600
3600	803
3600	1045
3600	1098
3600	1107
3600	1144
3600	1191
3600	1322
3600	1461
3600	1557
3600	1585
3600	1605
3600	1635
3600	1713
3600	1724
3600	1841
3600	1909
3600	1914
3600	1918
3600	2027
3600	2029
3600	3341
753	3601
3601	776
755	3602
756	3603
3603	796
761	3604
762	2666
763	2667
764	2668
2668	765
765	3605
766	2669
766	3606
2669	772
767	2670
768	2671
769	2672
2672	788
2672	854
2672	1026
2672	1552
770	2673
771	3607
773	2674
2674	774
774	3608
775	2675
776	2676
2676	778
777	3609
779	3610
3610	1251
3610	1252
3610	3341
780	3611
781	2677
2677	786
783	2678
2678	831
2678	880
2678	1002
784	2679
2679	793
2679	827
785	2680
786	3612
3612	789
787	2681
788	3613
790	2682
790	3614
2682	791
792	2683
2683	797
793	3615
3615	794
795	2684
795	3616
2684	1138
2684	1178
798	3617
799	3618
800	2685
2685	802
2685	2099
801	2686
801	3619
2686	804
2686	816
2686	1128
3619	802
3619	3341
803	2687
2687	817
2687	820
2687	828
2687	852
2687	857
2687	872
2687	882
2687	904
2687	2009
2687	2326
2687	2330
2687	2335
805	2688
2688	1696
806	2689
806	3620
3620	807
807	2690
2690	818
2690	1726
808	3621
809	2691
809	3622
2691	812
2691	855
2691	856
2691	863
2691	866
2691	871
2691	1212
3622	3341
810	2692
810	3623
2692	811
2692	815
2692	836
813	2693
813	3624
2693	845
814	3625
815	3626
3626	816
3626	817
3626	818
3626	3341
819	2694
2694	821
2694	822
2694	830
2694	2183
820	3627
821	3628
822	3629
823	2695
824	2696
825	2697
825	3630
2697	829
826	2698
827	3631
3631	863
3631	1245
3631	1277
3631	3341
828	3632
3632	3341
829	3633
3633	830
3633	831
3633	832
3633	833
3633	834
3633	835
3633	836
3633	837
3633	838
3633	839
3633	844
3633	846
3633	908
3633	956
3633	1034
3633	1035
3633	1038
3633	1066
3633	1155
3633	3341
832	2699
835	2700
2700	850
840	3634
841	3635
842	2701
2701	844
843	2702
845	3636
3636	870
3636	874
3636	879
3636	889
3636	948
847	2703
848	2704
2704	869
849	3637
850	3638
851	2705
851	3639
3639	852
3639	3341
853	2706
853	3640
2706	876
854	3641
855	3642
3642	1047
857	3643
3643	873
3643	883
3643	899
3643	925
3643	937
3643	942
3643	978
3643	1028
3643	1056
3643	1139
3643	1167
858	3644
859	2707
2707	2051
860	2708
2708	1189
861	3645
862	2709
862	3646
2709	864
2709	865
866	3647
3647	867
3647	868
3647	3341
867	2710
868	2711
869	3648
3648	1075
870	2712
871	3649
3649	872
873	2713
2713	874
2713	2282
2713	2283
875	2714
2714	877
876	3650
3650	3341
877	3651
878	2715
878	3652
2715	879
880	3653
881	2716
882	3654
883	2717
2717	884
2717	885
2717	886
2717	903
2717	1623
2717	1729
885	3655
887	3656
888	3657
889	2718
890	2719
890	3658
2719	894
891	2720
2720	908
892	2721
2721	893
2721	901
2721	918
2721	938
893	3659
897	3660
3660	898
899	2722
2722	900
2722	906
2722	920
2722	2104
901	3661
3661	902
902	2723
2723	1214
903	3662
3662	904
3662	939
3662	1125
3662	1126
3662	1206
3662	2076
905	2724
2724	974
909	2725
909	3663
2725	913
910	3664
911	2726
2726	919
2726	928
912	2727
2727	926
2727	2000
914	3665
915	2728
2728	1155
2728	2187
916	2729
2729	923
917	2730
918	3666
3666	919
3666	920
3666	977
921	2731
924	2732
2732	932
2732	936
2732	1006
2732	1384
2732	1387
925	2733
926	3667
927	2734
2734	931
2734	933
929	2735
2735	939
930	2736
930	3668
3668	3341
931	3669
3669	932
3669	2308
3669	3341
933	3670
3670	934
3670	940
3670	949
3670	955
3670	973
3670	976
3670	984
3670	999
3670	1042
3670	1048
3670	1278
3670	3341
934	2737
935	2738
935	3671
2738	947
936	3672
937	2739
2739	946
938	3673
940	2740
941	3674
942	2741
2741	943
2741	945
2741	948
943	3675
944	2742
2742	968
2742	993
2742	1045
949	2743
2743	975
2743	1218
2743	1292
2743	1656
2743	2137
950	3676
951	3677
3677	3341
952	2744
2744	953
2744	958
2744	966
2744	969
2744	977
2744	1584
2744	2091
953	3678
3678	954
954	2745
2745	961
955	2746
2746	965
956	2747
2747	962
2747	964
957	3679
959	3680
3680	960
3680	961
3680	962
3680	967
3680	1276
3680	1279
3680	1944
3680	1986
960	2748
2748	1416
963	2749
966	3681
3681	1031
3681	1054
3681	1237
3681	1551
3681	1697
3681	1791
3681	1793
3681	1813
3681	2018
3681	2133
3681	2273
3681	2280
3681	3341
968	3682
3682	969
970	3683
971	3684
973	2750
974	3685
975	3686
976	2751
978	2752
2752	979
2752	980
2752	981
2752	982
2752	1035
2752	1043
2752	1126
979	3687
3687	983
981	3688
3688	1030
982	3689
984	2753
2753	2234
985	2754
985	3690
2754	986
2754	987
2754	990
3690	992
987	3691
988	3692
989	2755
2755	992
990	3693
991	3694
993	3695
994	3696
995	2756
2756	1086
996	3697
997	2757
2757	1004
2757	1014
2757	1027
999	2758
2758	1000
1000	3698
1002	3699
3699	1003
3699	1005
3699	1006
3699	1012
3699	1021
3699	1022
3699	1037
3699	1051
3699	1078
3699	3341
1005	2759
1007	2760
2760	1015
2760	1016
2760	1020
2760	1047
2760	1049
2760	1059
1008	2761
1008	3700
2761	1009
2761	1018
1010	2762
2762	1011
2762	1013
1011	3701
1012	2763
1013	3702
1015	3703
1016	3704
1017	2764
1017	3705
2764	1029
3705	1100
3705	1101
3705	1102
3705	1103
3705	1119
3705	1124
3705	1153
3705	1161
3705	1175
3705	1177
3705	1180
3705	1187
3705	1211
3705	1274
3705	1312
3705	1423
3705	1432
3705	1471
3705	1553
3705	1607
3705	1609
3705	1689
3705	1728
3705	1822
3705	1851
3705	1903
3705	3341
1018	3706
1019	2765
1020	3707
1021	2766
1022	2767
1023	2768
1023	3708
2768	1024
1025	2769
1025	3709
3709	1026
3709	1050
3709	1067
3709	1106
3709	1115
3709	1117
3709	1120
3709	1127
3709	1129
3709	1131
3709	1140
3709	1146
3709	1156
3709	1160
3709	1169
3709	1172
3709	1222
3709	1267
3709	1280
3709	1286
3709	1295
3709	1335
3709	1336
3709	1368
3709	1379
3709	1384
3709	1396
3709	1397
3709	1414
3709	1420
3709	1426
3709	1436
3709	1439
3709	1440
3709	1442
3709	1446
3709	1468
3709	1478
3709	1485
3709	1496
3709	1502
3709	1508
3709	1512
3709	1516
3709	1528
3709	1532
3709	1536
3709	1540
3709	1547
3709	1578
3709	1581
3709	1583
3709	1584
3709	1586
3709	1589
3709	1593
3709	1608
3709	1620
3709	1621
3709	1622
3709	1628
3709	1650
3709	1657
3709	1658
3709	1659
3709	1662
3709	1665
3709	1681
3709	1740
3709	1782
3709	1785
3709	1786
3709	1802
3709	1810
3709	1830
3709	1831
3709	1865
3709	1868
3709	1872
3709	1873
3709	1874
3709	1875
3709	1878
3709	1881
3709	1884
3709	1896
3709	1898
3709	1908
3709	1911
3709	1912
3709	1917
3709	1921
3709	1926
3709	1927
3709	1928
3709	1935
3709	1946
3709	1950
3709	1951
3709	1955
3709	1956
3709	1958
3709	1974
3709	1981
3709	1991
3709	2004
3709	2016
3709	2026
3709	2034
3709	2038
3709	2046
3709	2058
3709	2067
3709	2069
3709	2077
3709	2087
3709	2089
3709	2093
3709	2103
3709	2106
3709	2115
3709	2127
3709	2135
3709	2136
3709	2138
3709	2147
3709	2160
3709	2162
3709	2164
3709	2165
3709	2167
3709	2172
3709	2174
3709	2186
3709	2193
3709	2202
3709	2211
3709	2214
3709	2221
3709	2223
3709	2232
3709	2237
3709	2242
3709	2243
3709	2245
3709	2251
3709	2262
3709	2267
3709	2279
3709	2281
3709	2286
3709	2294
3709	2296
3709	2297
3709	2303
3709	2307
3709	2309
3709	2311
3709	2312
3709	2313
3709	2316
3709	2321
3709	2325
3709	2327
3709	2329
3709	2339
3709	3341
1027	3710
1028	2770
2770	1067
2770	1070
1029	3711
1030	2771
2771	1033
1031	2772
2772	1032
2772	1034
2772	1041
2772	1072
2772	1073
2772	1077
1036	2773
2773	1037
1038	2774
1039	2775
1039	3712
2775	1040
2775	1044
2775	1052
2775	1407
2775	1408
3712	1041
3712	1079
3712	1080
3712	1084
3712	1085
3712	1092
3712	1093
3712	1110
3712	1113
3712	1116
3712	1134
3712	1142
3712	1143
3712	1147
3712	1166
3712	1173
3712	1196
3712	1398
3712	1419
3712	1486
3712	1613
3712	1687
3712	1893
3712	2005
3712	3341
1042	2776
1043	3713
3713	1044
3713	1046
3713	1049
3713	1053
3713	1055
3713	1057
3713	1060
3713	1061
3713	1065
3713	1074
3713	3341
1046	2777
2777	1048
1050	2778
2778	1051
2778	1302
1052	3714
1053	2779
2779	1080
1054	2780
2780	1055
2780	1063
2780	1071
1056	2781
2781	1057
2781	1058
2781	1924
1058	3715
1059	3716
1060	2782
1061	2783
2783	1075
2783	1082
2783	1083
2783	2261
1062	2784
1062	3717
3717	1064
3717	1291
3717	1296
3717	1298
3717	1307
3717	1309
3717	1326
1063	3718
1064	2785
2785	1066
1065	2786
1068	2787
1068	3719
3719	1069
3719	1086
3719	1088
3719	1089
3719	1090
3719	1236
3719	1860
3719	1882
3719	1883
3719	1930
3719	1931
3719	2002
3719	2088
1070	3720
3720	1071
3720	1185
1073	3721
1074	2788
2788	1089
2788	2111
1076	3722
1077	3723
1078	2789
2789	1079
2789	1995
1081	2790
2790	1090
1082	3724
1083	3725
3725	1095
3725	1096
3725	1097
1084	2791
1085	2792
2792	1263
2792	1680
1087	2793
2793	1108
1088	2794
2794	1091
1091	3726
1092	2795
2795	1100
1093	2796
2796	1094
2796	1099
1096	2797
2797	1098
2797	1101
2797	1136
1102	2798
2798	1319
2798	1320
1103	2799
2799	1104
2799	1106
1105	2800
1107	2801
2801	1964
1108	3727
3727	3341
1109	2802
1109	3728
2802	1111
2802	1118
1110	2803
2803	1112
1113	2804
1114	3729
3729	1150
3729	1268
3729	1360
3729	1482
3729	1549
3729	3341
1115	2805
1116	2806
2806	1117
1118	3730
1119	2807
2807	1120
2807	1457
1121	2808
2808	1122
2808	1125
2808	1137
2808	1308
2808	1835
1127	2809
2809	1206
1128	3731
1130	2810
1131	2811
2811	1132
2811	1133
2811	1195
2811	1345
2811	1653
1132	3732
3732	3341
1133	3733
1134	2812
2812	1164
1135	2813
2813	1174
1136	3734
3734	1137
3734	1149
3734	1227
3734	1692
3734	2299
1138	3735
1139	2814
2814	1140
2814	2212
1141	2815
1141	3736
3736	1145
3736	1695
3736	1704
3736	1709
3736	3341
1142	2816
2816	1350
1143	2817
1144	2818
2818	1145
1146	2819
1147	2820
2820	1148
2820	1149
2820	1150
2820	1543
2820	1544
2820	1575
2820	1577
2820	1597
1148	3737
1151	2821
2821	2089
1152	3738
1154	2822
2822	1158
1156	2823
1158	3739
3739	1159
3739	1199
1159	2824
1160	2825
1161	2826
2826	1162
1163	2827
1165	2828
1165	3740
2828	1168
2828	1169
1166	2829
2829	1167
1168	3741
1170	3742
1171	3743
1172	2830
2830	2071
1173	2831
2831	1175
1174	3744
1176	2832
1177	2833
1178	3745
3745	1179
1179	2834
2834	1180
2834	1193
2834	1353
2834	1359
2834	1858
1181	2835
2835	1192
2835	1198
2835	2341
1182	3746
1183	2836
1184	2837
2837	1190
2837	1191
2837	1194
2837	1231
2837	1233
1185	2838
1186	3747
1187	2839
2839	1228
1188	2840
1192	3748
1193	3749
3749	1205
3749	1232
3749	1857
3749	1858
1194	3750
1195	3751
1196	2841
2841	1197
2841	1201
2841	1857
2841	1888
1198	3752
3752	1202
3752	1214
1199	2842
2842	1200
1200	3753
1201	3754
3754	1215
3754	1216
1202	2843
2843	1217
1203	2844
1203	3755
2844	1207
2844	1209
1204	3756
1208	2845
1208	3757
3757	1209
3757	1644
1210	2846
1210	3758
2846	1229
1211	2847
1212	3759
3759	1219
3759	1260
3759	1269
3759	1743
3759	1855
3759	3341
1213	3760
1215	2848
1216	2849
1218	3761
1219	2850
2850	1220
2850	1222
1220	3762
3762	1224
3762	1226
1221	2851
1221	3763
2851	1223
2851	1224
2851	1225
2851	1227
2851	1760
1223	3764
1225	3765
1226	2852
1228	3766
3766	1234
3766	1235
3766	1253
3766	1275
3766	1290
3766	1354
3766	3341
1229	3767
3767	1230
3767	1240
1230	2853
1231	3768
1233	3769
1234	2854
1235	2855
2855	1238
2855	1251
2855	1258
2855	1261
2855	1347
2855	1770
2855	1771
2855	1774
2855	1929
1236	2856
1237	2857
2857	1252
1238	3770
3770	1246
3770	1285
1239	2858
1239	3771
2858	1244
2858	1271
2858	1388
2858	2090
3771	1306
3771	1572
1240	2859
2859	1241
2859	1242
2859	1249
2859	1772
1241	3772
1243	3773
1244	3774
1245	2860
2860	1248
2860	1265
1247	3775
1248	3776
3776	1503
1249	3777
3777	3341
1250	2861
1250	3778
2861	1480
2861	1977
2861	2263
3778	1259
3778	1380
3778	1401
3778	1405
3778	1418
3778	1533
3778	1570
1253	2862
2862	1254
2862	1255
2862	1256
2862	1257
1254	3779
3779	1292
3779	1348
3779	3341
1255	3780
1256	3781
1258	3782
1259	2863
2863	1260
2863	1262
2863	1649
2863	1655
2863	1678
2863	1679
1261	3783
1262	3784
1263	3785
1264	2864
1264	3786
2864	1266
3786	1287
3786	1363
3786	1364
3786	1365
3786	1366
3786	1367
3786	1462
3786	1524
3786	1525
3786	1527
3786	1538
3786	1539
3786	2070
3786	2125
3786	2128
3786	2129
3786	2131
3786	2132
3786	2134
3786	2137
3786	2304
3786	2305
3786	2318
3786	2323
3786	2326
3786	2336
3786	2337
3786	3341
1265	3787
3787	1266
1267	2865
2865	1268
2865	1269
2865	1270
2865	1285
2865	1288
2865	1293
2865	1833
2865	1834
2865	2224
2865	2228
2865	2229
1270	3788
3788	1271
3788	1303
3788	1304
3788	1330
3788	1393
3788	1612
3788	1614
3788	1615
3788	1642
1272	2866
2866	1273
2866	1274
1273	3789
3789	1281
3789	1284
3789	1311
3789	1332
3789	1339
3789	1347
3789	1350
3789	1409
3789	1431
3789	1441
3789	1501
3789	1523
3789	1544
3789	2071
3789	2073
3789	2075
3789	2173
3789	2210
3789	2216
3789	2217
1275	2867
2867	1277
2867	1306
2867	1321
1276	2868
1278	2869
2869	1289
2869	1318
1280	2870
2870	1281
1282	2871
1282	3790
3790	1299
3790	1541
3790	1568
3790	1619
3790	1634
3790	3341
1283	3791
1284	2872
1286	2873
2873	1287
2873	1304
2873	1370
1288	3792
3792	1289
3792	1297
1290	2874
2874	1864
1291	2875
1293	3793
1294	2876
2876	1295
2876	1298
2876	2024
1296	2877
1297	2878
2878	1301
2878	1303
2878	1310
2878	2109
1299	2879
2879	1300
2879	1314
1301	3794
3794	1302
3794	1305
3794	1314
3794	1626
1305	2880
2880	1342
2880	1662
2880	2001
1307	2881
1308	3795
1309	2882
1310	3796
1311	2883
1312	2884
2884	1313
2884	1317
1315	2885
1315	3797
2885	1322
2885	1325
2885	1330
3797	1316
1317	3798
3798	1318
3798	1320
3798	1324
3798	1329
3798	1331
3798	1333
3798	1334
3798	1337
3798	1342
3798	1351
3798	1355
3798	1361
3798	1362
3798	1371
3798	1372
3798	1374
3798	1375
3798	1376
3798	1387
3798	1400
3798	1404
3798	1408
3798	1412
3798	1415
3798	1421
3798	1427
3798	1443
3798	1447
3798	1452
3798	1459
3798	1464
3798	1467
3798	1469
3798	1474
3798	1477
3798	1483
3798	1487
3798	1489
3798	1495
3798	1498
3798	1499
3798	1500
3798	1505
3798	1506
3798	1507
3798	1511
3798	1514
3798	1518
3798	1522
3798	1526
3798	1534
3798	1545
3798	1548
3798	1556
3798	1558
3798	1561
3798	1564
3798	1569
3798	1576
3798	1587
3798	1594
3798	1606
3798	1611
3798	1618
3798	1629
3798	1630
3798	1631
3798	1632
3798	1633
3798	1637
3798	1640
3798	1652
3798	1661
3798	1663
3798	1672
3798	1675
3798	1686
3798	1688
3798	1690
3798	1693
3798	1694
3798	1701
3798	1705
3798	1706
3798	1710
3798	1711
3798	1712
3798	1714
3798	1731
3798	1732
3798	1735
3798	1736
3798	1738
3798	1742
3798	1747
3798	1751
3798	1756
3798	1758
3798	1763
3798	1764
3798	1776
3798	1778
3798	1783
3798	1792
3798	1799
3798	1800
3798	1805
3798	1807
3798	1823
3798	1827
3798	1838
3798	1839
3798	1859
3798	1867
3798	1876
3798	1877
3798	1885
3798	1887
3798	1894
3798	1897
3798	1902
3798	1910
3798	1919
3798	1932
3798	1938
3798	1939
3798	1942
3798	1961
3798	1965
3798	1967
3798	1968
3798	1972
3798	1976
3798	1983
3798	1987
3798	1988
3798	1989
3798	1996
3798	1998
3798	2011
3798	2015
3798	2020
3798	2021
3798	2022
3798	2032
3798	2033
3798	2036
3798	2039
3798	2042
3798	2059
3798	2062
3798	2074
3798	2118
3798	2120
3798	2151
3798	2157
3798	2159
3798	2166
3798	2171
1319	3799
1321	3800
1323	2886
2886	1324
2886	1338
1326	2887
2887	1328
2887	1329
1327	2888
2888	1346
1328	3801
1331	2889
2889	1332
2889	1532
2889	2149
1333	2890
1334	2891
1335	2892
2892	1336
2892	1340
2892	1348
2892	1377
2892	1380
1337	2893
2893	1339
2893	1603
2893	1836
1338	3802
1340	3803
3803	1341
3803	1358
3803	1359
1343	3804
1344	3805
1345	3806
1346	3807
3807	1381
1349	2894
1351	2895
1352	2896
2896	1354
2896	1365
1353	3808
3808	3341
1355	2897
2897	1357
1356	2898
2898	1358
1360	2899
2899	1361
1362	2900
1363	2901
2901	1369
1364	2902
1366	2903
2903	1368
2903	1379
2903	1381
2903	1659
1367	2904
2904	2296
1369	3809
1370	3810
3810	1388
1371	2905
1372	2906
1373	3811
3811	3341
1374	2907
1375	2908
2908	1529
1376	2909
2909	1378
2909	1389
2909	1390
2909	1394
2909	1906
1377	3812
3812	3341
1378	3813
1382	2910
1383	3814
1385	2911
2911	1403
1386	2912
2912	1660
2912	1801
2912	1803
1389	3815
3815	1952
3815	1953
3815	2040
1391	3816
1392	2913
1392	3817
2913	1393
3817	3341
1394	3818
3818	1413
3818	1493
3818	1565
3818	1579
3818	1580
3818	1624
3818	1664
3818	1668
3818	1832
3818	1842
3818	1936
3818	1945
3818	1971
3818	2141
3818	2163
3818	2215
3818	2219
3818	2233
3818	2255
3818	2259
3818	2278
3818	2284
3818	2287
3818	2290
3818	2302
3818	2317
3818	2322
3818	2324
3818	2328
3818	2338
1395	2914
1396	2915
2915	1399
1397	2916
1398	2917
2917	1615
2917	1941
2917	1948
1399	3819
3819	1428
3819	1451
3819	1479
3819	1490
3819	1513
3819	1519
3819	1535
3819	1673
3819	1722
3819	1723
3819	1890
3819	1959
1400	2918
1401	2919
2919	1404
1402	2920
1405	2921
1406	2922
2922	1429
1407	3820
1409	2923
2923	1455
1410	2924
1410	3821
2924	1411
3821	1472
3821	1473
3821	1504
3821	1546
3821	1550
3821	1741
3821	3341
1411	3822
3822	1424
1412	2925
1413	2926
2926	1418
1414	2927
2927	1415
1416	3823
1417	3824
3824	3341
1419	2928
2928	1420
2928	1421
2928	1422
2928	1423
2928	1424
2928	1425
2928	1426
2928	1430
2928	1434
1422	3825
1425	3826
1428	2929
1429	3827
1430	3828
1431	2930
2930	1436
1432	2931
2931	1433
2931	1438
2931	1472
1434	3829
1435	2932
1435	3830
3830	1437
3830	1438
3830	1448
3830	1449
3830	1450
3830	1454
3830	1458
3830	1460
3830	1465
3830	1466
3830	1870
3830	1871
1437	2933
1439	2934
1440	2935
2935	1441
2935	1739
1442	2936
2936	1443
1444	2937
1444	3831
2937	1445
3831	1453
3831	1456
3831	3341
1445	3832
1446	2938
1447	2939
2939	1451
1448	2940
1449	2941
2941	1470
1450	2942
1452	2943
1453	2944
1454	2945
1455	3833
1456	2946
2946	1461
1457	3834
1458	2947
2947	1806
1459	2948
2948	1460
1463	2949
1464	2950
1465	2951
1466	2952
2952	1468
1467	2953
2953	1471
2953	1475
1469	2954
1470	3835
1473	2955
1474	2956
1475	3836
3836	1476
3836	1484
3836	1488
1476	2957
2957	1477
1478	2958
2958	1479
2958	1481
2958	1482
2958	1840
2958	1841
1480	3837
1483	2959
2959	1485
1484	2960
1486	2961
1487	2962
1488	2963
2963	1689
2963	1692
1489	2964
2964	1490
2964	1491
1491	3838
1492	3839
1493	2965
2965	1494
1494	3840
1495	2966
2966	1496
1497	2967
1497	3841
3841	2257
1498	2968
1499	2969
1500	2970
1501	2971
2971	1515
2971	1617
1502	2972
1503	2973
1504	2974
2974	1505
2974	1508
2974	2043
1507	2975
1509	2976
2976	1521
1510	3842
1511	2977
2977	1513
2977	1514
2977	1516
1512	2978
1515	3843
1517	2979
1517	3844
3844	1560
3844	1789
3844	1895
3844	1994
3844	3341
1518	2980
1519	2981
1520	2982
1521	3845
1522	2983
2983	1523
2983	1646
1524	2984
2984	1535
1525	2985
1526	2986
2986	1528
2986	1915
2986	2153
1527	2987
2987	1534
1529	3846
1530	2988
1531	2989
1533	2990
1536	2991
1537	2992
2992	1598
2992	1599
2992	1602
2992	2184
1538	2993
1539	2994
2994	1540
2994	1551
1541	2995
2995	1542
1543	3847
1545	2996
2996	1549
2996	1563
2996	1570
2996	1571
1546	2997
2997	1583
1547	2998
2998	1548
2998	1557
2998	1715
1550	2999
2999	1555
2999	1556
2999	2047
2999	2049
2999	2060
1552	3848
1553	3000
3000	1554
1558	3001
1559	3002
3002	1560
3002	1562
3002	1592
1561	3003
1564	3004
1565	3005
1566	3006
3006	1647
1567	3007
3007	1568
3007	1569
3007	1572
3007	1574
3007	2064
3007	2065
1571	3849
3849	3341
1573	3008
1573	3850
3008	1576
3850	1574
3850	1575
1577	3851
1578	3009
3009	1579
3009	1608
1580	3010
3010	1581
3010	1596
3010	2094
3010	2191
3010	2220
1582	3011
1585	3012
3012	1586
3012	1587
1588	3013
3013	1589
1590	3014
1591	3015
3015	1593
3015	1682
1594	3016
3016	2203
1595	3852
3852	1596
3852	3341
1597	3853
3853	1598
3853	1600
3853	1604
3853	1610
3853	3341
1599	3854
1600	3017
3017	1601
3017	1605
3017	1703
3017	1880
1601	3855
3855	1602
1603	3856
3856	2081
1604	3018
3018	1607
3018	1612
1606	3019
1609	3020
3020	1610
3020	1613
3020	1614
3020	1622
1611	3021
3021	1621
3021	1636
1617	3857
1618	3022
3022	1619
3022	1644
1620	3023
1623	3858
1624	3024
3024	1626
3024	1627
1625	3025
3025	1629
1628	3026
1630	3027
1631	3028
1632	3029
1633	3030
1634	3031
3031	1635
1636	3859
3859	1671
3859	1779
1637	3032
3032	1638
1639	3033
3033	1642
1640	3034
1641	3860
1643	3861
3861	3341
1645	3862
1646	3863
3863	1647
1648	3864
1649	3865
3865	1934
1650	3035
3035	1651
1651	3866
1652	3036
1653	3867
1654	3037
1654	3868
3037	1674
3037	1685
3037	1686
3037	2294
3868	1655
3868	1660
3868	1700
3868	1748
1656	3869
1657	3038
1658	3039
1661	3040
1663	3041
3041	1664
3041	1673
1665	3042
3042	2173
1666	3870
1667	3871
1668	3043
1669	3044
1669	3872
3044	1677
3044	1681
3044	1734
3044	1843
3044	1889
1670	3045
1670	3873
3045	1671
1672	3046
3046	1676
3046	1721
1674	3874
1675	3047
3047	1775
1676	3875
3875	1677
3875	1678
1679	3876
1680	3877
1682	3878
1683	3048
1683	3879
3048	1684
3879	3341
1684	3880
1685	3881
1687	3049
3049	1688
3049	1691
3049	2025
1690	3050
1691	3882
1693	3051
1694	3052
1695	3053
3053	1790
3053	1845
3053	1916
1696	3883
1697	3054
1698	3055
1699	3056
1699	3884
3056	1752
3056	1754
3056	2030
1700	3057
3057	1723
3057	1768
1701	3058
1702	3059
1702	3885
3885	1703
3885	1716
1704	3060
3060	1705
1706	3061
1707	3062
1707	3886
3062	1709
3886	1777
3886	1787
3886	1797
3886	1904
1708	3063
1708	3887
3887	3341
1710	3064
1711	3065
3065	1719
1712	3066
1713	3067
1714	3068
3068	1718
3068	1963
1715	3888
1716	3069
3069	1717
1717	3889
3889	1718
3889	1719
3889	1720
3889	1721
1720	3070
1722	3071
3071	2107
3071	2136
1724	3072
3072	1725
1725	3890
3890	1737
3890	2229
1726	3891
3891	1727
1729	3892
1730	3893
1731	3073
1732	3074
3074	1733
3074	1761
1733	3894
1734	3895
1735	3075
3075	1777
1736	3076
3076	1773
1737	3077
1738	3078
1739	3896
1740	3079
1741	3080
1742	3081
1743	3082
3082	1744
3082	1746
1745	3083
3083	1747
3083	1759
1749	3897
3897	1754
1750	3084
1750	3898
3084	1751
3898	3341
1752	3899
3899	1755
3899	1837
1753	3900
1755	3085
3085	1767
1756	3086
3086	1819
3086	1820
1757	3087
1757	3901
3087	1758
1759	3902
1760	3903
1761	3904
1762	3088
1763	3089
1764	3090
1765	3091
1766	3092
1767	3905
3905	1768
3905	2124
3905	3341
1769	3906
1770	3907
1771	3908
3908	1772
3908	1773
3908	1775
1774	3909
1776	3093
3093	1781
1778	3094
1779	3095
1780	3096
1780	3910
3096	1782
3910	2161
1781	3911
3911	1784
3911	1788
3911	1814
3911	1815
3911	1834
3911	3341
1783	3097
1784	3098
3098	1785
1786	3099
1787	3100
3100	1791
3100	1794
3100	1798
3100	2063
3100	2190
1788	3101
3101	2054
1789	3102
3102	1792
3102	1795
1790	3912
1793	3103
3103	1796
1794	3913
3913	1795
3913	2083
1796	3914
1797	3104
1798	3915
1799	3105
1800	3106
1801	3916
3916	3341
1802	3107
3107	1809
1803	3917
3917	1804
1804	3108
3108	1818
1805	3109
3109	1808
3109	1816
3109	1824
3109	1830
3109	1837
3109	1849
3109	2061
1806	3918
1807	3110
1808	3919
3919	1809
3919	3341
1810	3111
1811	3112
3112	1813
3112	1814
3112	1846
1812	3113
1812	3920
3113	1847
3920	1818
3920	1819
3920	1825
3920	1829
3920	1833
3920	1840
3920	1863
3920	1954
1816	3921
3921	2231
3921	2270
3921	2285
3921	2293
3921	2342
1817	3114
3114	1821
3114	1822
3114	1823
3114	1825
3114	1831
3114	2126
1820	3922
3922	1821
3922	1828
1824	3923
1826	3115
3115	1827
1828	3116
1832	3117
3117	1856
3117	1969
1835	3924
1836	3925
1838	3118
3118	1855
1839	3119
3119	1842
3119	1850
3119	1851
1843	3926
1844	3927
1845	3928
1846	3929
3929	1847
3929	1848
3929	1850
3929	1852
3929	1853
3929	1854
3929	2116
3929	2117
1848	3120
1849	3930
1852	3121
3121	2165
1853	3122
1854	3123
1856	3931
1859	3124
1860	3125
3125	1861
1862	3126
1863	3127
1864	3932
1865	3128
1866	3129
1867	3130
3130	1868
3130	1870
1869	3933
1871	3131
1872	3132
1873	3133
1874	3134
1875	3135
3135	1886
1876	3136
3136	1878
1877	3137
1879	3934
1880	3935
1881	3138
1882	3139
1884	3140
3140	1885
1886	3936
1887	3141
1888	3937
1889	3938
1890	3142
1891	3143
1891	3939
3143	1892
3143	1898
3939	1948
3939	2045
3939	3341
1892	3940
3940	3341
1893	3144
3144	1894
3144	1900
3144	2014
3144	2123
1895	3145
1896	3146
1897	3147
1899	3148
1899	3941
3941	1900
3941	1901
3941	3341
1902	3149
3149	1904
3149	1905
3149	1907
3149	1962
1903	3150
1905	3942
3942	1906
1907	3943
1908	3151
3151	1909
1910	3152
3152	1911
1912	3153
1913	3154
1913	3944
3944	1933
1914	3155
3155	1920
1915	3945
1916	3946
1917	3156
1918	3157
3157	2297
1919	3158
1920	3947
1921	3159
1922	3160
3160	1927
1923	3161
1923	3948
3161	2007
3161	2019
3161	2085
3948	1924
3948	3341
1925	3949
1926	3162
1928	3163
1929	3950
1930	3164
1931	3165
1932	3166
3166	1933
3166	1934
1935	3167
3167	1937
1936	3168
3168	1938
1937	3951
1939	3169
1940	3952
3952	2017
3952	2068
1941	3953
1942	3170
3170	1943
1944	3171
1945	3172
3172	1953
1946	3173
1947	3174
1947	3954
3174	1950
3174	1952
3954	1949
3954	2066
3954	2152
3954	2222
1949	3175
3175	1951
3175	1954
1955	3176
1956	3177
3177	1959
1957	3178
1957	3955
3955	1960
3955	1973
3955	1975
3955	1978
3955	1979
3955	1982
3955	1997
3955	2001
3955	2037
3955	2105
3955	2119
3955	2121
3955	2175
3955	2253
3955	2276
3955	3341
1958	3179
3179	1965
1960	3180
3180	1990
1961	3181
1962	3956
3956	1963
3956	1964
1966	3182
1966	3957
3182	1991
3182	1993
3957	3341
1967	3183
1968	3184
1969	3958
1970	3959
1971	3185
1972	3186
3186	1973
1974	3187
1975	3188
3188	2084
1976	3189
1977	3960
1978	3190
1979	3191
3191	1980
1981	3192
3192	1984
1982	3193
3193	1983
3193	2245
1984	3961
1985	3962
1986	3194
1987	3195
3195	1999
1988	3196
1989	3197
1992	3963
1993	3964
1994	3198
3198	2003
3198	2008
3198	2010
1995	3965
1996	3199
1997	3200
1998	3201
1999	3966
2000	3967
2002	3202
2004	3203
2005	3204
2006	3205
2006	3968
3205	2012
3205	2040
3968	2007
3968	2008
3968	3341
2009	3969
2010	3970
3970	2019
3970	2065
3970	2155
3970	3341
2011	3206
3206	2028
2012	3971
2013	3972
3972	2014
3972	2114
2015	3207
2016	3208
3208	2018
3208	2082
2017	3209
2020	3210
2021	3211
3211	2026
3211	2027
2022	3212
2023	3213
2023	3973
3213	2031
3213	2032
3973	2024
3973	2025
2028	3974
3974	2030
3974	3341
2029	3214
2031	3975
3975	2130
3975	2145
3975	2146
3975	2150
3975	2207
3975	2209
3975	2225
3975	2235
3975	2239
3975	2240
3975	2241
3975	2244
3975	2249
3975	2272
3975	2333
3975	3341
2033	3215
3215	2034
3215	2092
2035	3216
2036	3217
2037	3218
3218	2041
3218	2042
2038	3219
3219	2096
2039	3220
2041	3976
2043	3977
2044	3221
2044	3978
3221	2045
3221	2046
2047	3979
2048	3980
2049	3981
2050	3982
2051	3983
3983	2052
3983	2053
3983	2054
3983	2055
3983	2056
3983	2061
3983	2064
3983	2090
3983	2091
3983	2098
3983	2109
3983	2181
3983	2182
3983	2183
3983	2184
3983	2188
3983	2197
3983	2248
3983	2277
3983	2282
3983	3341
2057	3222
2058	3223
2059	3224
2060	3984
3984	2122
3984	3341
2062	3225
3225	2068
2063	3985
2066	3226
3226	2067
3226	2075
2072	3986
2073	3227
3227	2074
3227	2076
3227	2077
2078	3228
2078	3987
3987	2080
2079	3229
2079	3988
3229	2080
3229	2081
3229	2083
3229	2252
3988	3341
2082	3989
2084	3990
3990	2085
3990	2096
3990	2108
3990	2112
3990	2154
3990	2156
3990	2168
3990	2169
3990	2170
3990	2189
3990	3341
2086	3230
2086	3991
3230	2087
2088	3231
2092	3992
2093	3232
3232	2101
2094	3993
2095	3994
2097	3995
2099	3996
2100	3233
2100	3997
3997	2101
3997	2102
2102	3234
2103	3235
2104	3998
2105	3236
3236	2106
3236	2108
3236	2340
2107	3999
2110	3237
3237	2114
3237	2308
2111	4000
2112	3238
2113	3239
2115	3240
3240	2119
2116	3241
2117	3242
2118	3243
2120	3244
3244	2121
3244	2122
2123	4001
2124	3245
2125	3246
2126	4002
2127	3247
3247	2260
2128	3248
3248	2130
2131	3249
3249	2133
3249	2213
2132	3250
3250	2140
3250	2143
2134	3251
3251	2135
2138	3252
2139	3253
2139	4003
4003	3341
2140	4004
2141	3254
3254	2145
2142	3255
2142	4005
4005	2196
2143	4006
2144	4007
2146	3256
3256	2159
2147	3257
3257	2148
2148	4008
4008	3341
2149	4009
2150	3258
3258	2152
2151	3259
2153	4010
2154	3260
2155	3261
2156	3262
2157	3263
2158	3264
2158	4011
3264	2160
4011	3341
2161	3265
3265	2163
2162	3266
2164	3267
3267	2192
3267	2205
3267	2208
2166	3268
3268	2167
3268	2176
2168	3269
2169	3270
3270	2179
2170	3271
2171	3272
3272	2172
2174	3273
3273	2175
2177	3274
3274	2178
2178	4012
2179	4013
2180	4014
2181	3275
2182	3276
2185	3277
2185	4015
3277	2186
2187	4016
2188	3278
2189	3279
2190	4017
2191	4018
2192	4019
2193	3280
3280	2195
2194	4020
2195	4021
4021	3341
2196	3281
3281	2197
2198	3282
2199	3283
2200	4022
2201	3284
2201	4023
3284	2204
3284	2206
2202	3285
3285	2216
2203	4024
2204	4025
2205	4026
4026	3341
2206	4027
4027	2230
4027	2250
4027	2258
4027	2288
4027	2310
2207	3286
2208	4028
2209	3287
2210	3288
2212	4029
2213	4030
4030	3341
2214	3289
3289	2215
2217	3290
3290	2246
2218	3291
3291	2325
2219	3292
3292	2221
2220	4031
2222	3293
2223	3294
2224	4032
2225	3295
2226	3296
2226	4033
4033	2227
2227	3297
3297	2230
2228	4034
2231	3298
3298	2232
2233	3299
3299	2236
3299	2266
2234	4035
2235	3300
2236	4036
2237	3301
3301	2238
3301	2239
3301	2289
3301	2292
3301	2295
2238	4037
2240	3302
3302	2242
2241	3303
2243	3304
2244	3305
2246	4038
2247	4039
2248	3306
2249	3307
3307	2250
3307	2251
2252	4040
2253	3308
3308	2280
2254	4041
2255	3309
3309	2256
2256	4042
4042	2275
2259	3310
2260	4043
2261	4044
2262	3311
2263	4045
2264	3312
2264	4046
3312	2267
3312	2268
4046	2265
4046	2266
2265	3313
2268	4047
4047	3341
2269	3314
2269	4048
3314	2270
3314	2271
2271	4049
2272	3315
3315	2273
2274	3316
2274	4050
4050	2283
4050	2289
4050	2301
4050	2306
4050	2314
4050	3341
2275	3317
3317	2276
3317	2279
2277	3318
3318	2278
3318	2281
2284	3319
3319	2285
3319	2286
2287	3320
3320	2291
2288	3321
3321	2290
2292	4051
2293	3322
2298	4052
2300	4053
2302	3323
3323	2303
2304	3324
2305	3325
2306	3326
2307	3327
2309	3328
2310	3329
2311	3330
2312	3331
2313	3332
2314	3333
3333	2319
2315	3334
2315	4054
3334	2318
4054	3341
2316	3335
3335	2317
2319	4055
4055	2320
2320	3336
2321	3337
2322	3338
2323	3339
3339	2324
2327	3340
2328	3341
3341	2329
3341	2342
3341	4061
3341	4062
3341	4063
3341	4064
3341	4065
3341	4066
3341	4067
3341	4068
3341	4069
3341	4070
3341	4071
3341	4072
3341	4073
3341	4074
3341	4075
3341	4076
3341	4077
3341	4078
3341	4079
3341	4080
3341	4081
3341	4082
3341	4083
3341	4084
3341	4085
3341	4086
3341	4087
3341	4088
3341	4089
3341	4090
3341	4091
3341	4092
3341	4093
3341	4094
3341	4095
3341	4096
3341	4097
3341	4098
3341	4099
3341	4100
3341	4101
3341	4102
3341	4103
3341	4104
3341	4105
3341	4106
3341	4107
3341	4108
3341	4109
3341	4110
3341	4111
3341	4112
3341	4113
3341	4114
3341	4115
3341	4116
3341	4117
3341	4118
3341	4119
3341	4120
3341	4121
3341	4122
3341	4123
3341	4124
3341	4125
3341	4126
3341	4127
3341	4128
3341	4129
3341	4130
3341	4131
3341	4132
3341	4133
3341	4134
3341	4135
3341	4136
3341	4137
3341	4138
3341	4139
3341	4140
3341	4141
3341	4142
3341	4143
3341	4144
3341	4145
3341	4146
3341	4147
3341	4148
3341	4149
3341	4150
3341	4151
3341	4152
3341	4153
3341	4154
3341	4155
3341	4156
3341	4157
3341	4158
3341	4159
3341	4160
3341	4161
3341	4162
3341	4163
3341	4164
3341	4165
3341	4166
3341	4167
3341	4168
3341	4169
3341	4170
3341	4171
3341	4172
3341	4173
3341	4174
3341	4175
3341	4176
3341	4177
3341	4178
3341	4179
3341	4180
3341	4181
3341	4182
3341	4183
3341	4184
3341	4185
3341	4186
3341	4187
3341	4188
3341	4189
3341	4190
3341	4191
3341	4192
3341	4193
3341	4194
3341	4195
3341	4196
3341	4197
3341	4198
3341	4199
3341	4200
3341	4201
3341	4202
3341	4203
3341	4204
3341	4205
3341	4206
3341	4207
3341	4208
3341	4209
3341	4210
3341	4211
3341	4212
3341	4213
3341	4214
3341	4215
3341	4216
3341	4217
3341	4218
3341	4219
3341	4220
3341	4221
3341	4222
3341	4223
3341	4224
3341	4225
3341	4226
3341	4227
3341	4228
3341	4229
3341	4230
3341	4231
3341	4232
3341	4233
3341	4234
3341	4235
3341	4236
3341	4237
3341	4238
3341	4239
3341	4240
3341	4241
3341	4242
3341	4243
3341	4244
3341	4245
3341	4246
3341	4247
3341	4248
3341	4249
3341	4250
3341	4251
3341	4252
3341	4253
3341	4254
3341	4255
3341	4256
3341	4257
3341	4258
3341	4259
3341	4260
3341	4261
3341	4262
3341	4263
3341	4264
3341	4265
3341	4266
3341	4267
3341	4268
3341	4269
3341	4270
3341	4271
3341	4272
3341	4273
3341	4274
3341	4275
3341	4276
3341	4277
3341	4278
3341	4279
3341	4280
3341	4281
3341	4282
3341	4283
3341	4284
3341	4285
3341	4286
3341	4287
3341	4288
3341	4289
3341	4290
3341	4291
3341	4292
3341	4293
3341	4294
3341	4295
3341	4296
3341	4297
3341	4298
3341	4299
3341	4300
3341	4301
3341	4302
3341	4303
3341	4304
3341	4305
3341	4306
3341	4307
3341	4308
3341	4309
3341	4310
3341	4311
3341	4312
3341	4313
3341	4314
3341	4315
3341	4316
3341	4317
3341	4318
3341	4319
3341	4320
3341	4321
3341	4322
3341	4323
3341	4324
3341	4325
3341	4326
3341	4327
3341	4328
3341	4329
3341	4330
3341	4331
3341	4332
3341	4333
3341	4334
3341	4335
3341	4336
3341	4337
3341	4338
3341	4339
3341	4340
3341	4341
3341	4342
3341	4343
3341	4344
3341	4345
3341	4346
3341	4347
3341	4348
3341	4349
3341	4350
3341	4351
3341	4352
3341	4353
3341	4354
3341	4355
3341	4356
3341	4357
3341	4358
3341	4359
3341	4360
3341	4361
3341	4362
3341	4363
3341	4364
3341	4365
3341	4366
3341	4367
3341	4368
3341	4369
3341	4370
3341	4371
3341	4372
3341	4373
3341	4374
3341	4375
3341	4376
3341	4377
3341	4378
3341	4379
3341	4380
3341	4381
3341	4382
3341	4383
3341	4384
3341	4385
3341	4386
3341	4387
3341	4388
3341	4389
3341	4390
3341	4391
3341	4392
3341	4393
3341	4394
3341	4395
3341	4396
3341	4397
3341	4398
3341	4399
3341	4400
3341	4401
3341	4402
3341	4403
3341	4404
3341	4405
3341	4406
3341	4407
3341	4408
3341	4409
3341	4410
3341	4411
3341	4412
3341	4413
3341	4414
3341	4415
3341	4416
3341	4417
3341	4418
3341	4419
3341	4420
3341	4421
3341	4422
3341	4423
3341	4424
3341	4425
3341	4426
3341	4427
3341	4428
3341	4429
3341	4430
3341	4431
3341	4432
3341	4433
3341	4434
3341	4435
3341	4436
3341	4437
3341	4438
3341	4439
3341	4440
3341	4441
3341	4442
3341	4443
3341	4444
3341	4445
3341	4446
3341	4447
3341	4448
3341	4449
3341	4450
3341	4451
3341	4452
3341	4453
3341	4454
3341	4455
3341	4456
3341	4457
3341	4458
3341	4459
3341	4460
3341	4461
3341	4462
3341	4463
3341	4464
3341	4465
3341	4466
3341	4467
3341	4468
3341	4469
3341	4470
3341	4471
3341	4472
3341	4473
3341	4474
3341	4475
3341	4476
3341	4477
3341	4478
3341	4479
3341	4480
3341	4481
3341	4482
3341	4483
3341	4484
3341	4485
3341	4486
3341	4487
3341	4488
3341	4489
3341	4490
3341	4491
3341	4492
3341	4493
3341	4494
3341	4495
3341	4496
3341	4497
3341	4498
3341	4499
3341	4500
3341	4501
3341	4502
3341	4503
3341	4504
3341	4505
3341	4506
3341	4507
3341	4508
2330	4056
2331	4057
2332	3342
2333	3343
2334	3344
2334	4058
4058	2335
2336	3345
2337	3346
2338	3347
3347	2339
2340	4059
2341	4060
