3424	2
3425	2
3426	2
3427	2
3428	2
3429	2
3430	2
3431	2
3432	2
3433	2
3434	2
3435	2
3436	2
3437	2
3438	1
3439	2
3440	0
3441	2
3442	2
3443	2
3444	2
3445	2
3446	2
3447	2
3448	2
3449	2
3450	2
3451	2
3452	2
3453	2
3454	2
3455	2
3456	2
3457	2
3458	2
3459	2
3460	2
3461	2
3462	1
3463	2
3464	1
3465	0
3466	2
3467	1
3468	1
3469	1
3470	2
3471	2
3472	2
3473	2
3474	2
3475	1
3476	2
3477	1
3478	2
3479	2
3480	2
3481	1
3482	2
3483	2
3484	1
3485	1
3486	2
3487	2
3488	1
3489	0
3490	1
3491	2
3492	1
3493	1
3494	2
3495	2
3496	2
3497	2
3498	2
3499	2
3500	2
3501	1
3502	2
3503	1
3504	1
3505	0
3506	2
3507	2
3508	0
3509	2
3510	0
3511	1
3512	2
3513	1
3514	1
3515	1
3516	0
3517	1
3518	2
3519	2
3520	2
3521	1
3522	0
3523	1
3524	1
3525	2
3526	1
3527	1
3528	1
3529	1
3530	1
3531	2
3532	2
3533	1
3534	1
3535	0
3536	0
3537	1
3538	2
3539	2
3540	2
3541	1
3542	2
3543	2
3544	1
3545	2
3546	2
3547	1
3548	1
3549	1
3550	2
3551	2
3552	2
3553	2
3554	1
3555	1
3556	1
3557	0
3558	0
3559	0
3560	1
3561	1
3562	2
3563	0
3564	0
3565	0
3566	2
3567	2
3568	1
3569	0
3570	0
3571	1
3572	1
3573	2
3574	1
3575	0
3576	1
3577	2
3578	1
3579	2
3580	0
3581	2
3582	1
3583	2
3584	0
3585	1
3586	2
3587	2
3588	1
3589	0
3590	0
3591	0
3592	0
3593	0
3594	2
3595	2
3596	0
3597	2
3598	0
3599	2
3600	1
3601	0
3602	0
3603	1
3604	0
3605	1
3606	0
3607	1
3608	2
3609	1
3610	1
3611	1
3612	2
3613	1
3614	0
3615	1
3616	1
3617	1
3618	0
3619	0
3620	1
3621	0
3622	0
3623	2
3624	0
3625	1
3626	1
3627	2
3628	1
3629	1
3630	0
3631	1
3632	1
3633	2
3634	1
3635	2
3636	1
3637	0
3638	0
3639	0
3640	2
3641	1
3642	2
3643	0
3644	1
3645	1
3646	2
3647	0
3648	2
3649	2
3650	0
3651	1
3652	0
3653	0
3654	2
3655	1
3656	1
3657	1
3658	0
3659	0
3660	2
3661	0
3662	0
3663	2
3664	2
3665	0
3666	0
3667	0
3668	2
3669	0
3670	0
3671	2
3672	1
3673	1
3674	0
3675	0
3676	0
3677	0
3678	1
3679	1
3680	0
3681	2
3682	0
3683	1
3684	0
3685	2
3686	1
3687	0
3688	1
3689	0
3690	1
3691	1
3692	0
3693	1
3694	0
3695	2
3696	0
3697	1
3698	2
3699	1
3700	0
3701	1
3702	0
3703	0
3704	0
3705	2
3706	1
3707	0
3708	2
3709	1
3710	2
3711	0
3712	0
3713	1
3714	1
3715	1
3716	0
3717	0
3718	2
3719	2
3720	2
3721	0
3722	1
3723	2
3724	0
3725	0
3726	2
3727	1
3728	0
3729	0
3730	2
3731	2
3732	0
3733	0
3734	1
3735	2
3736	1
3737	1
3738	2
3739	0
3740	1
3741	0
3742	0
3743	0
3744	0
3745	2
3746	1
3747	1
3748	0
3749	1
3750	2
3751	1
3752	0
3753	0
3754	1
3755	1
3756	1
3757	2
3758	2
3759	0
3760	0
3761	0
3762	0
3763	0
3764	1
3765	1
3766	2
3767	1
3768	0
3769	2
3770	2
3771	2
3772	0
3773	1
3774	1
3775	2
3776	1
3777	2
3778	0
3779	2
3780	0
3781	0
3782	0
3783	0
3784	0
3785	0
3786	0
3787	0
3788	2
3789	0
3790	0
3791	0
3792	1
3793	0
3794	2
3795	0
3796	0
3797	0
3798	2
3799	1
3800	1
3801	2
3802	2
3803	1
3804	0
3805	1
3806	2
3807	1
3808	2
3809	1
3810	1
3811	0
3812	0
3813	0
3814	1
3815	1
3816	1
3817	1
3818	2
3819	2
3820	1
3821	0
3822	1
3823	1
3824	2
3825	2
3826	2
3827	0
3828	2
3829	0
3830	0
3831	2
3832	1
3833	0
3834	0
3835	0
3836	1
3837	0
3838	0
3839	0
3840	0
3841	0
3842	0
3843	0
3844	2
3845	0
3846	2
3847	1
3848	0
3849	0
3850	1
3851	2
3852	0
3853	0
3854	0
3855	2
3856	1
3857	1
3858	1
3859	2
3860	2
3861	0
3862	1
3863	1
3864	2
3865	1
3866	0
3867	1
3868	1
3869	2
3870	2
3871	2
3872	2
3873	1
3874	0
3875	0
3876	1
3877	0
3878	1
3879	2
3880	1
3881	2
3882	2
3883	2
3884	0
3885	0
3886	1
3887	2
3888	0
3889	0
3890	0
3891	2
3892	1
3893	0
3894	0
3895	1
3896	1
3897	0
3898	0
3899	0
3900	1
3901	2
3902	0
3903	1
3904	2
3905	2
3906	1
3907	1
3908	2
3909	0
3910	1
3911	2
3912	2
3913	1
3914	0
3915	2
3916	2
3917	0
3918	1
3919	1
3920	1
3921	1
3922	0
3923	2
3924	2
3925	2
3926	1
3927	0
3928	1
3929	2
3930	0
3931	2
3932	0
3933	2
3934	1
3935	2
3936	0
3937	0
3938	0
3939	2
3940	0
3941	0
3942	0
3943	1
3944	1
3945	1
3946	0
3947	2
3948	2
3949	0
3950	1
3951	1
3952	0
3953	0
3954	2
3955	0
3956	2
3957	0
3958	2
3959	1
3960	0
3961	1
3962	0
3963	0
3964	0
3965	0
3966	0
3967	0
3968	1
3969	0
3970	0
3971	0
3972	0
3973	0
3974	0
3975	0
3976	0
3977	0
3978	1
3979	2
3980	2
3981	0
3982	1
3983	1
3984	1
3985	2
3986	0
3987	0
3988	0
3989	0
3990	0
3991	0
3992	1
3993	0
3994	2
3995	2
3996	0
3997	0
3998	0
3999	0
4000	0
4001	2
4002	0
4003	0
4004	1
4005	0
4006	1
4007	2
4008	0
4009	0
4010	0
4011	0
4012	1
4013	1
4014	0
4015	2
4016	2
4017	2
4018	2
4019	0
4020	1
4021	0
4022	0
4023	0
4024	0
4025	2
4026	0
4027	0
4028	0
4029	0
4030	0
4031	0
4032	1
4033	0
4034	0
4035	2
4036	2
4037	2
4038	1
4039	0
4040	0
4041	1
4042	0
4043	0
4044	1
4045	0
4046	0
4047	0
4048	0
4049	1
4050	0
4051	2
4052	0
4053	2
4054	1
4055	1
4056	0
4057	0
4058	0
4059	0
4060	0
4061	0
4062	0
4063	0
4064	1
4065	1
4066	1
4067	0
4068	1
4069	1
4070	1
4071	0
4072	2
4073	2
4074	0
4075	0
4076	0
4077	0
4078	0
4079	1
4080	0
4081	2
4082	2
4083	0
4084	0
4085	0
4086	2
4087	0
4088	2
4089	0
4090	1
4091	0
4092	0
4093	0
4094	0
4095	1
4096	0
4097	0
4098	0
4099	2
4100	0
4101	1
4102	0
4103	0
4104	2
4105	0
4106	0
4107	1
4108	0
4109	0
4110	1
4111	1
4112	1
4113	0
4114	0
4115	0
4116	1
4117	0
4118	0
4119	1
4120	0
4121	0
4122	1
4123	0
4124	0
4125	1
4126	0
4127	1
4128	1
4129	2
4130	0
4131	0
4132	2
4133	0
4134	1
4135	0
4136	0
4137	0
4138	0
4139	0
4140	0
4141	1
4142	0
4143	0
4144	0
4145	0
4146	2
4147	0
4148	0
4149	0
4150	0
4151	2
4152	1
4153	0
4154	2
4155	1
4156	0
4157	0
4158	0
4159	1
4160	0
4161	0
4162	0
4163	0
4164	0
4165	0
4166	2
4167	2
4168	2
4169	2
4170	2
4171	2
4172	2
4173	2
4174	2
4175	2
4176	2
4177	2
4178	2
4179	2
4180	2
4181	2
4182	2
4183	2
4184	1
4185	2
4186	1
4187	2
4188	2
4189	2
4190	1
4191	2
4192	2
4193	1
4194	2
4195	1
4196	2
4197	2
4198	2
4199	1
4200	2
4201	1
4202	2
4203	2
4204	2
4205	2
4206	2
4207	2
4208	2
4209	1
4210	2
4211	2
4212	0
4213	2
4214	2
4215	2
4216	1
4217	2
4218	1
4219	0
4220	1
4221	1
4222	2
4223	1
4224	1
4225	2
4226	2
4227	1
4228	1
4229	1
4230	2
4231	1
4232	1
4233	1
4234	2
4235	2
4236	1
4237	0
4238	0
4239	1
4240	1
4241	1
4242	2
4243	1
4244	1
4245	2
4246	1
4247	1
4248	2
4249	1
4250	2
4251	2
4252	0
4253	1
4254	0
4255	2
4256	2
4257	0
4258	1
4259	2
4260	2
4261	1
4262	1
4263	0
4264	1
4265	0
4266	1
4267	1
4268	2
4269	0
4270	2
4271	1
4272	1
4273	2
4274	1
4275	2
4276	2
4277	2
4278	1
4279	2
4280	2
4281	2
4282	1
4283	1
4284	2
4285	1
4286	2
4287	1
4288	2
4289	2
4290	1
4291	1
4292	1
4293	1
4294	2
4295	2
4296	2
4297	2
4298	2
4299	1
4300	1
4301	2
4302	2
4303	0
4304	2
4305	1
4306	2
4307	0
4308	0
4309	0
4310	1
4311	2
4312	1
4313	1
4314	2
4315	1
4316	2
4317	2
4318	0
4319	2
4320	1
4321	2
4322	1
4323	1
4324	1
4325	2
4326	2
4327	1
4328	1
4329	0
4330	2
4331	2
4332	0
4333	2
4334	2
4335	2
4336	1
4337	0
4338	2
4339	1
4340	2
4341	1
4342	1
4343	2
4344	1
4345	1
4346	1
4347	2
4348	2
4349	2
4350	1
4351	1
4352	1
4353	2
4354	2
4355	1
4356	2
4357	2
4358	1
4359	1
4360	2
4361	1
4362	2
4363	2
4364	1
4365	2
4366	2
4367	1
4368	2
4369	2
4370	0
4371	2
4372	0
4373	1
4374	2
4375	1
4376	0
4377	1
4378	1
4379	2
4380	1
4381	1
4382	2
4383	1
4384	1
4385	2
4386	0
4387	2
4388	1
4389	1
4390	2
4391	1
4392	2
4393	1
4394	1
4395	2
4396	0
4397	0
4398	2
4399	0
4400	2
4401	1
4402	1
4403	2
4404	2
4405	0
4406	1
4407	1
4408	0
4409	1
4410	1
4411	2
4412	0
4413	1
4414	2
4415	2
4416	1
4417	1
4418	1
4419	2
4420	0
4421	1
4422	1
4423	0
4424	1
4425	0
4426	1
4427	0
4428	1
4429	0
4430	2
4431	0
4432	0
4433	1
4434	1
4435	1
4436	1
4437	0
4438	0
4439	1
4440	1
4441	0
4442	0
4443	0
4444	1
4445	0
4446	1
4447	2
4448	0
4449	2
4450	2
4451	0
4452	2
4453	0
4454	0
4455	0
4456	2
4457	2
4458	2
4459	1
4460	2
4461	0
4462	1
4463	1
4464	2
4465	0
4466	0
4467	0
4468	1
4469	1
4470	1
4471	2
4472	0
4473	2
4474	1
4475	0
4476	0
4477	0
4478	0
4479	1
4480	1
4481	1
4482	0
4483	0
4484	2
4485	0
4486	1
4487	1
4488	2
4489	0
4490	1
4491	1
4492	0
4493	1
4494	0
4495	2
4496	1
4497	1
4498	1
4499	1
4500	1
4501	1
4502	1
4503	1
4504	1
4505	0
4506	1
4507	1
4508	0
4509	1
4510	0
4511	2
4512	1
4513	1
4514	0
4515	2
4516	1
4517	1
4518	1
4519	1
4520	0
4521	1
4522	0
4523	1
4524	0
4525	0
4526	1
4527	1
4528	1
4529	0
4530	1
4531	0
4532	1
4533	1
4534	1
4535	0
4536	0
4537	0
4538	2
4539	0
4540	1
4541	1
4542	1
4543	1
4544	1
4545	1
4546	1
4547	0
4548	1
4549	0
4550	1
4551	0
4552	0
4553	1
4554	1
4555	1
4556	0
4557	1
4558	1
4559	0
4560	1
4561	0
4562	0
4563	1
4564	2
4565	0
4566	0
4567	1
4568	1
4569	0
4570	1
4571	0
4572	1
4573	0
