0	1651
0	2453
1651	1
1651	76
1651	158
2453	1
2453	24
2453	35
2453	38
2453	40
2453	45
2453	53
2453	57
2453	67
2453	109
2453	142
2453	159
2453	286
2453	287
2453	288
2453	331
2453	340
2453	359
2453	492
2453	898
2453	2452
2	1652
2	2454
1652	9
1652	11
2454	13
2454	60
2454	2452
3	1653
3	2455
1653	6
1653	14
1653	27
1653	32
2455	18
2455	29
2455	41
2455	44
2455	51
2455	55
2455	58
2455	63
2455	68
2455	75
2455	87
2455	92
2455	111
2455	148
2455	167
2455	310
2455	2452
4	1654
4	2456
1654	10
1654	20
2456	8
2456	11
2456	12
2456	14
2456	15
2456	16
2456	17
2456	19
2456	22
2456	23
2456	36
2456	37
2456	42
2456	46
2456	47
2456	49
2456	50
2456	59
2456	61
2456	62
2456	64
2456	69
2456	72
2456	78
2456	80
2456	81
2456	82
2456	85
2456	86
2456	89
2456	91
2456	104
2456	107
2456	112
2456	113
2456	114
2456	117
2456	120
2456	123
2456	124
2456	125
2456	126
2456	127
2456	128
2456	131
2456	132
2456	134
2456	136
2456	137
2456	139
2456	147
2456	149
2456	161
2456	165
2456	175
2456	177
2456	178
2456	179
2456	182
2456	188
2456	189
2456	191
2456	192
2456	194
2456	205
2456	208
2456	211
2456	222
2456	223
2456	226
2456	244
2456	247
2456	264
2456	281
2456	294
2456	297
2456	300
2456	306
2456	316
2456	319
2456	334
2456	341
2456	380
2456	381
2456	416
2456	417
2456	418
2456	419
2456	436
2456	2452
5	1655
5	2457
2457	7
2457	39
2457	48
2457	56
2457	66
2457	71
2457	155
2457	2452
6	2458
7	1656
8	1657
9	2459
2459	10
2459	21
2459	27
2459	30
12	1658
1658	77
13	1659
1659	18
1659	26
15	1660
16	1661
17	1662
1662	34
19	1663
20	2460
21	1664
1664	22
1664	54
23	1665
1665	24
1665	25
25	2461
2461	26
2461	33
2461	2452
28	1666
28	2462
2462	2452
29	1667
30	1668
1668	37
31	1669
31	2463
1669	33
2463	32
34	2464
35	1670
36	1671
1671	38
1671	39
40	1672
1672	41
42	1673
1673	260
43	1674
43	2465
1674	44
2465	2452
45	1675
46	1676
1676	85
47	1677
48	1678
49	1679
1679	1498
1679	1500
1679	1501
1679	1502
1679	1503
1679	1504
1679	1505
1679	1506
1679	1507
50	1680
51	1681
52	1682
52	2466
2466	83
2466	196
2466	1058
2466	2452
53	1683
1683	56
54	2467
55	1684
57	1685
1685	59
58	1686
60	1687
1687	61
1687	65
1687	198
62	1688
1688	73
1688	110
1688	171
1688	174
1688	183
1688	199
1688	207
1688	368
1688	464
1688	483
1688	486
1688	487
1688	497
1688	498
1688	524
1688	526
1688	548
1688	555
63	1689
1689	64
1689	68
1689	69
1689	70
65	2468
2468	77
2468	2452
66	1690
1690	67
70	2469
2469	90
2469	93
2469	115
2469	135
2469	140
2469	143
2469	144
2469	153
2469	156
2469	173
2469	185
2469	201
2469	204
2469	213
2469	218
2469	220
2469	221
2469	225
2469	227
2469	228
2469	229
2469	233
2469	234
2469	235
2469	243
2469	246
2469	248
2469	252
2469	253
2469	254
2469	257
2469	266
2469	274
2469	275
2469	277
2469	291
2469	292
2469	304
2469	307
2469	312
2469	313
2469	317
2469	321
2469	338
2469	354
2469	376
2469	402
2469	433
2469	441
2469	599
2469	613
2469	683
2469	704
2469	709
2469	718
2469	719
2469	962
2469	970
2469	1195
2469	1225
2469	1262
2469	1335
2469	1337
2469	1382
2469	1383
2469	1385
2469	1405
2469	2452
71	1691
1691	72
73	2470
74	1692
74	2471
1692	145
2471	88
2471	146
75	1693
1693	79
1693	759
76	2472
2472	150
2472	157
2472	160
2472	168
2472	184
2472	217
2472	308
2472	353
2472	404
2472	407
2472	411
2472	412
2472	432
2472	447
2472	449
2472	450
2472	456
2472	459
2472	461
2472	471
2472	482
2472	533
2472	550
2472	551
2472	562
2472	563
2472	572
2472	656
2472	657
2472	890
2472	945
2472	946
2472	1575
2472	2452
78	1694
79	2473
80	1695
81	1696
1696	206
82	1697
1697	83
1697	84
1697	107
84	2474
2474	2452
86	1698
87	1699
1699	88
89	1700
90	1701
91	1702
1702	92
1702	1267
93	1703
1703	122
94	1704
94	2475
1704	95
1704	96
1704	97
1704	98
1704	99
1704	100
1704	101
1704	102
1704	103
2475	95
2475	96
2475	97
2475	98
2475	99
2475	100
2475	101
2475	102
2475	103
2475	121
2475	2452
104	1705
1705	105
105	2476
2476	106
2476	2452
106	1706
108	1707
108	2477
1707	109
2477	116
2477	118
2477	164
110	2478
111	1708
112	1709
1709	129
113	1710
114	1711
115	1712
1712	116
117	1713
1713	118
119	1714
119	2479
1714	120
1714	121
1714	123
2479	2452
122	2480
124	1715
125	1716
126	1717
127	1718
128	1719
1719	130
129	2481
130	2482
2482	141
2482	169
2482	186
2482	241
2482	333
2482	2452
131	1720
132	1721
133	1722
133	2483
2483	138
2483	162
2483	166
2483	2452
134	1723
135	1724
136	1725
137	1726
138	1727
1727	140
1727	141
139	1728
142	1729
143	1730
144	1731
1731	1000
145	2484
2484	2452
146	1732
147	1733
148	1734
149	1735
1735	150
1735	180
151	1736
151	2485
2485	152
2485	154
2485	2452
152	1737
153	1738
1738	154
155	1739
1739	156
157	1740
1740	230
158	2486
2486	163
2486	171
2486	172
2486	198
2486	199
2486	202
2486	206
2486	219
2486	694
2486	1092
2486	2452
159	1741
160	1742
161	1743
1743	162
1743	163
1743	172
1743	202
1743	1464
164	1744
1744	251
165	1745
1745	167
1745	168
1745	187
166	1746
1746	169
170	1747
170	2487
2487	242
173	1748
174	2488
2488	176
2488	180
2488	181
2488	193
2488	195
2488	197
2488	245
2488	256
2488	335
2488	337
2488	342
2488	351
2488	355
2488	366
2488	369
2488	406
2488	427
2488	444
2488	751
2488	765
2488	811
2488	820
2488	886
2488	894
2488	896
2488	912
2488	2452
175	1749
176	1750
177	1751
178	1752
1752	184
179	1753
1753	181
182	1754
183	2489
2489	258
2489	262
2489	276
2489	282
2489	289
2489	296
2489	386
2489	435
2489	2452
185	1755
186	1756
187	2490
188	1757
1757	189
1757	190
1757	191
190	2491
2491	203
2491	236
2491	265
2491	290
2491	299
2491	2452
192	1758
1758	193
194	1759
1759	195
196	1760
197	1761
1761	694
1761	695
200	1762
200	2492
1762	201
2492	207
2492	209
2492	224
2492	250
2492	251
2492	280
2492	293
2492	305
2492	311
2492	320
2492	327
2492	332
2492	343
2492	349
2492	357
2492	360
2492	362
2492	372
2492	378
2492	390
2492	391
2492	397
2492	403
2492	410
2492	413
2492	437
2492	438
2492	439
2492	443
2492	457
2492	463
2492	465
2492	466
2492	488
2492	493
2492	494
2492	495
2492	500
2492	501
2492	521
2492	523
2492	527
2492	529
2492	547
2492	553
2492	566
2492	568
2492	571
2492	573
2492	586
2492	587
2492	588
2492	589
2492	596
2492	600
2492	603
2492	606
2492	611
2492	620
2492	623
2492	624
2492	625
2492	630
2492	632
2492	636
2492	637
2492	638
2492	644
2492	652
2492	658
2492	664
2492	668
2492	674
2492	676
2492	687
2492	690
2492	691
2492	700
2492	706
2492	707
2492	708
2492	713
2492	714
2492	715
2492	737
2492	750
2492	757
2492	760
2492	762
2492	763
2492	795
2492	801
2492	807
2492	810
2492	815
2492	821
2492	822
2492	832
2492	834
2492	845
2492	846
2492	847
2492	853
2492	859
2492	872
2492	880
2492	906
2492	909
2492	916
2492	918
2492	924
2492	942
2492	948
2492	950
2492	955
2492	957
2492	961
2492	968
2492	973
2492	974
2492	979
2492	983
2492	1006
2492	1024
2492	1025
2492	1026
2492	1029
2492	1038
2492	1039
2492	1046
2492	1047
2492	1049
2492	1051
2492	1056
2492	1077
2492	1082
2492	1083
2492	1090
2492	1096
2492	1105
2492	1108
2492	1109
2492	1110
2492	1111
2492	1118
2492	1125
2492	1129
2492	1131
2492	1132
2492	1134
2492	1136
2492	1137
2492	1143
2492	1163
2492	1169
2492	1177
2492	1179
2492	1181
2492	1182
2492	1183
2492	1187
2492	1189
2492	1196
2492	1197
2492	1198
2492	1201
2492	1202
2492	1203
2492	1205
2492	1209
2492	1211
2492	1212
2492	1215
2492	1221
2492	1222
2492	1223
2492	1228
2492	1265
2492	1266
2492	1268
2492	1277
2492	1284
2492	1286
2492	1288
2492	1289
2492	1291
2492	1296
2492	1300
2492	1304
2492	1315
2492	1318
2492	1319
2492	1329
2492	1330
2492	1338
2492	1339
2492	1355
2492	1368
2492	1371
2492	1377
2492	1378
2492	1379
2492	1380
2492	1381
2492	1404
2492	1422
2492	1424
2492	1426
2492	1433
2492	1438
2492	1442
2492	1443
2492	1455
2492	1456
2492	1463
2492	1464
2492	1469
2492	1470
2492	1471
2492	1479
2492	1480
2492	1486
2492	1490
2492	1491
2492	1515
2492	1532
2492	1540
2492	1551
2492	1552
2492	1565
2492	1588
2492	1600
2492	1601
2492	1602
2492	1603
2492	1648
2492	2452
203	1763
204	1764
205	1765
208	1766
209	1767
1767	261
210	1768
210	2493
1768	212
2493	2452
211	1769
212	2494
2494	215
2494	231
2494	232
2494	239
2494	240
2494	318
2494	322
2494	2452
213	1770
214	1771
214	2495
1771	215
1771	216
2495	346
2495	371
2495	382
2495	409
2495	421
2495	648
2495	1162
2495	1164
2495	1241
2495	2452
216	2496
2496	237
217	1772
218	1773
1773	219
220	1774
221	1775
222	1776
223	1777
1777	224
225	1778
226	1779
227	1780
228	1781
229	1782
230	2497
2497	2452
231	1783
1783	237
1783	238
1783	253
232	1784
233	1785
234	1786
235	1787
236	1788
238	2498
2498	272
2498	2452
239	1789
240	1790
1790	241
242	1791
1791	245
1791	306
243	1792
244	1793
246	1794
1794	247
248	1795
1795	263
249	1796
249	2499
1796	250
2499	270
2499	302
2499	314
2499	315
2499	345
2499	401
252	1797
1797	255
1797	256
254	1798
255	2500
2500	261
2500	267
2500	268
2500	283
2500	285
2500	301
2500	328
2500	329
2500	339
2500	363
2500	383
2500	384
2500	385
2500	387
2500	422
2500	423
2500	426
2500	434
2500	554
2500	555
2500	560
2500	582
2500	583
2500	584
2500	721
2500	865
2500	866
2500	867
2500	1153
2500	1154
2500	1155
2500	1156
2500	1157
2500	1158
2500	1159
2500	1160
2500	1161
2500	1174
2500	1175
2500	1190
2500	1191
2500	1594
2500	2452
257	1799
258	1800
1800	259
1800	279
259	2501
2501	442
2501	2452
260	2502
2502	2452
262	1801
263	2503
264	1802
1802	265
1802	268
1802	269
1802	270
1802	271
1802	272
1802	273
1802	278
1802	348
266	1803
267	1804
269	2504
2504	365
2504	373
2504	389
2504	395
2504	2452
271	2505
2505	2452
273	2506
274	1805
275	1806
276	1807
1807	285
1807	1550
277	1808
278	2507
279	2508
280	1809
1809	298
281	1810
282	1811
1811	283
284	1812
284	2509
2509	836
2509	2452
286	1813
1813	287
1813	288
1813	289
1813	290
291	1814
292	1815
1815	294
293	1816
1816	295
295	2510
2510	298
2510	309
2510	2452
296	1817
297	1818
299	1819
1819	308
1819	309
300	1820
1820	301
1820	302
303	1821
303	2511
1821	305
2511	428
2511	622
2511	2452
304	1822
307	1823
310	1824
311	1825
1825	315
312	1826
313	1827
1827	314
316	1828
317	1829
318	1830
319	1831
320	1832
1832	877
321	1833
322	1834
323	1835
323	2512
2512	324
2512	326
2512	344
2512	350
2512	352
2512	356
2512	358
2512	361
2512	408
2512	425
2512	429
2512	430
2512	431
2512	445
2512	446
2512	454
2512	455
2512	458
2512	460
2512	462
2512	467
2512	468
2512	478
2512	479
2512	480
2512	481
2512	483
2512	485
2512	486
2512	491
2512	498
2512	499
2512	502
2512	503
2512	504
2512	508
2512	511
2512	512
2512	513
2512	514
2512	515
2512	516
2512	518
2512	520
2512	524
2512	532
2512	535
2512	549
2512	556
2512	558
2512	564
2512	575
2512	602
2512	604
2512	607
2512	612
2512	616
2512	621
2512	629
2512	640
2512	641
2512	647
2512	650
2512	651
2512	660
2512	670
2512	681
2512	698
2512	701
2512	722
2512	732
2512	741
2512	743
2512	756
2512	854
2512	882
2512	923
2512	960
2512	1040
2512	1067
2512	1229
2512	1264
2512	1414
2512	1415
2512	1420
2512	1423
2512	2452
324	1836
1836	325
1836	326
1836	328
1836	330
1836	332
1836	334
325	2513
2513	2452
327	1837
329	1838
330	2514
331	1839
333	1840
335	1841
336	1842
336	2515
2515	2452
337	1843
1843	338
339	1844
1844	340
1844	525
341	1845
1845	347
342	1846
1846	343
1846	552
1846	903
344	1847
345	1848
346	1849
347	2516
2516	525
2516	543
2516	615
2516	758
2516	759
2516	769
2516	770
2516	800
2516	835
2516	925
2516	953
2516	963
2516	1062
2516	1064
2516	1349
2516	1395
2516	1400
2516	2452
348	2517
2517	2452
349	1850
350	1851
351	1852
352	1853
353	1854
354	1855
355	1856
1856	356
357	1857
1857	902
358	1858
1858	359
1858	360
1858	363
1858	365
1858	367
361	1859
1859	362
1859	364
364	2518
366	1860
367	2519
368	2520
2520	2452
369	1861
370	1862
370	2521
2521	399
2521	642
371	1863
1863	372
373	1864
374	1865
374	2522
1865	375
1865	377
1865	378
1865	380
1865	381
1865	384
1865	385
1865	387
1865	388
1865	391
1865	392
1865	393
1865	395
1865	400
1865	405
1865	414
1865	440
1865	536
1865	537
2522	415
2522	577
2522	711
2522	844
2522	1180
2522	2452
375	2523
2523	473
376	1866
1866	379
1866	382
1866	396
377	2524
2524	388
2524	394
2524	414
2524	424
2524	2452
379	2525
2525	420
2525	2452
383	1867
386	1868
1868	389
1868	390
392	2526
2526	393
2526	440
394	1869
396	2527
2527	2452
397	1870
398	1871
398	2528
1871	399
1871	401
1871	402
2528	453
2528	490
2528	506
2528	507
2528	530
2528	728
2528	771
2528	1009
2528	2452
400	2529
403	1872
1872	1438
404	1873
405	2530
406	1874
407	1875
408	1876
409	1877
1877	410
411	1878
412	1879
413	1880
415	1881
1881	416
1881	417
1881	418
1881	419
1881	420
1881	421
1881	422
1881	423
1881	427
1881	428
1881	429
1881	430
1881	431
424	1882
425	1883
1883	426
432	1884
433	1885
1885	435
1885	436
1885	437
434	1886
1886	439
438	1887
441	1888
1888	442
1888	444
443	1889
445	1890
446	1891
447	1892
448	1893
448	2531
1893	449
1893	451
2531	474
2531	565
2531	579
2531	610
2531	627
2531	631
2531	639
2531	675
2531	724
2531	742
2531	746
2531	778
2531	792
2531	799
2531	827
2531	828
2531	829
2531	837
2531	840
2531	841
2531	842
2531	843
2531	849
2531	852
2531	857
2531	858
2531	860
2531	861
2531	863
2531	864
2531	876
2531	879
2531	895
2531	901
2531	905
2531	907
2531	908
2531	911
2531	913
2531	926
2531	927
2531	928
2531	929
2531	930
2531	931
2531	932
2531	933
2531	934
2531	935
2531	936
2531	937
2531	938
2531	939
2531	940
2531	941
2531	944
2531	959
2531	1001
2531	1030
2531	1031
2531	1032
2531	1041
2531	1048
2531	1050
2531	1068
2531	1097
2531	1151
2531	1184
2531	1185
2531	1186
2531	1188
2531	1210
2531	1255
2531	1257
2531	1258
2531	2452
450	1894
451	2532
2532	469
2532	510
2532	561
2532	643
2532	738
2532	766
2532	910
2532	947
2532	951
2532	1140
2532	1141
2532	1168
2532	1271
2532	1302
2532	1342
2532	1393
2532	1451
2532	1521
2532	1526
2532	1534
2532	1567
452	1895
452	2533
2533	477
2533	580
2533	598
2533	645
2533	678
2533	848
2533	2452
453	1896
454	1897
455	1898
456	1899
457	1900
458	1901
1901	459
460	1902
1902	465
461	1903
1903	466
462	1904
1904	463
464	2534
467	1905
468	1906
1906	474
1906	476
469	1907
1907	470
1907	471
1907	472
1907	473
1907	475
1907	1019
470	2535
2535	740
472	2536
475	2537
476	2538
2538	2452
477	1908
478	1909
1909	479
1909	480
481	1910
482	1911
484	1912
484	2539
2539	540
2539	581
2539	686
2539	956
2539	1017
2539	2452
485	1913
487	2540
2540	489
2540	505
2540	733
2540	739
2540	768
2540	1348
2540	1394
2540	2452
488	1914
489	1915
1915	490
491	1916
1916	501
492	1917
493	1918
494	1919
495	1920
496	1921
496	2541
2541	1375
2541	2452
497	2542
2542	509
2542	517
2542	519
2542	522
2542	528
2542	534
2542	539
2542	541
2542	545
2542	546
2542	552
2542	557
2542	559
2542	574
2542	601
2542	605
2542	608
2542	618
2542	633
2542	634
2542	635
2542	649
2542	653
2542	654
2542	655
2542	659
2542	661
2542	662
2542	665
2542	667
2542	669
2542	671
2542	672
2542	673
2542	688
2542	689
2542	695
2542	696
2542	697
2542	699
2542	702
2542	705
2542	717
2542	723
2542	729
2542	744
2542	747
2542	748
2542	755
2542	772
2542	797
2542	806
2542	813
2542	816
2542	825
2542	830
2542	831
2542	833
2542	838
2542	850
2542	851
2542	873
2542	878
2542	888
2542	889
2542	897
2542	915
2542	919
2542	920
2542	922
2542	1002
2542	1003
2542	1004
2542	1005
2542	1010
2542	1020
2542	1023
2542	1055
2542	1063
2542	1075
2542	1080
2542	1101
2542	1102
2542	1104
2542	1107
2542	1117
2542	1119
2542	1122
2542	1126
2542	1138
2542	1147
2542	1152
2542	1170
2542	1171
2542	1172
2542	1305
2542	1306
2542	1307
2542	1308
2542	1309
2542	1392
2542	1446
2542	1447
2542	1448
2542	1458
2542	1459
2542	1462
2542	1509
2542	1522
2542	1538
2542	1566
2542	1572
2542	2452
499	1922
1922	500
502	1923
503	1924
1924	504
505	1925
506	1926
1926	573
507	1927
508	1928
1928	509
1928	510
511	1929
1929	1204
512	1930
1930	514
1930	515
1930	523
513	1931
516	1932
1932	517
1932	521
518	1933
1933	680
1933	1032
519	1934
1934	520
522	1935
526	2543
2543	538
2543	544
2543	692
2543	703
2543	710
2543	712
2543	716
2543	720
2543	725
2543	731
2543	736
2543	749
2543	752
2543	754
2543	764
2543	767
2543	774
2543	775
2543	776
2543	777
2543	779
2543	780
2543	781
2543	782
2543	783
2543	784
2543	785
2543	786
2543	787
2543	788
2543	789
2543	790
2543	793
2543	796
2543	798
2543	802
2543	803
2543	804
2543	805
2543	808
2543	809
2543	819
2543	823
2543	826
2543	855
2543	881
2543	887
2543	893
2543	900
2543	917
2543	921
2543	965
2543	969
2543	971
2543	977
2543	981
2543	999
2543	1012
2543	1015
2543	1021
2543	1027
2543	1028
2543	1036
2543	1042
2543	1043
2543	1052
2543	1060
2543	1066
2543	1070
2543	1074
2543	1079
2543	1084
2543	1091
2543	1093
2543	1094
2543	1099
2543	1103
2543	1113
2543	1116
2543	1121
2543	1123
2543	1133
2543	1144
2543	1165
2543	1167
2543	1176
2543	1193
2543	1199
2543	1217
2543	1224
2543	1227
2543	1236
2543	1238
2543	1243
2543	1244
2543	1245
2543	1261
2543	1270
2543	1272
2543	1274
2543	1278
2543	1279
2543	1280
2543	1281
2543	1282
2543	1283
2543	1294
2543	1301
2543	1310
2543	1312
2543	1313
2543	1316
2543	1332
2543	1340
2543	1352
2543	1356
2543	1357
2543	1359
2543	1363
2543	1366
2543	1376
2543	1384
2543	1402
2543	1408
2543	1413
2543	1417
2543	1432
2543	1435
2543	1436
2543	1440
2543	1453
2543	1454
2543	1460
2543	1465
2543	1466
2543	1467
2543	1484
2543	1485
2543	1487
2543	1488
2543	1489
2543	1508
2543	1513
2543	1514
2543	1516
2543	1518
2543	1524
2543	1529
2543	1533
2543	1545
2543	1546
2543	1549
2543	1554
2543	1556
2543	1559
2543	1560
2543	1561
2543	1563
2543	1564
2543	1570
2543	1573
2543	1578
2543	1579
2543	1581
2543	1583
2543	1585
2543	1591
2543	1597
2543	1599
2543	1604
2543	1609
2543	1610
2543	1617
2543	1618
2543	1621
2543	1626
2543	1629
2543	1645
2543	1646
2543	1650
2543	2452
527	1936
528	1937
1937	529
1937	530
531	1938
531	2544
2544	1069
2544	2452
532	1939
533	1940
534	1941
1941	535
536	2545
2545	578
537	2546
2546	2452
538	1942
1942	539
540	1943
1943	541
1943	576
1943	625
542	1944
542	2547
2547	548
543	1945
1945	544
1945	545
546	1946
1946	1551
547	1947
549	1948
1948	550
1948	551
1948	553
1948	554
1948	557
1948	636
1948	649
1948	654
1948	676
1948	682
1948	716
1948	953
1948	1276
1948	1277
1948	1299
1948	1358
556	1949
558	1950
1950	559
1950	560
1950	561
1950	562
1950	563
1950	564
1950	565
1950	566
1950	571
1950	574
1950	603
1950	607
1950	838
1950	1234
1950	1242
1950	1246
1950	1273
1950	1346
567	1951
567	2548
1951	569
1951	597
568	1952
1952	570
569	2549
2549	595
2549	684
2549	791
2549	824
2549	899
2549	972
2549	978
2549	982
2549	984
2549	986
2549	987
2549	988
2549	989
2549	990
2549	991
2549	992
2549	993
2549	994
2549	995
2549	996
2549	997
2549	998
2549	1016
2549	1035
2549	1037
2549	1044
2549	1045
2549	1054
2549	1059
2549	1073
2549	1076
2549	1114
2549	1178
2549	2452
570	2550
572	1953
575	1954
576	2551
577	1955
1955	578
1955	579
1955	580
1955	582
1955	583
1955	584
1955	585
1955	586
1955	588
1955	589
1955	590
1955	591
1955	592
1955	593
1955	598
1955	609
1955	614
1955	631
1955	663
581	1956
585	2552
587	1957
1957	594
590	2553
2553	591
2553	592
2553	593
2553	663
2553	1293
594	2554
2554	626
2554	726
2554	730
2554	734
2554	753
2554	794
2554	958
2554	976
2554	1011
2554	1128
2554	1142
2554	1150
2554	1233
2554	1254
2554	2452
595	1958
1958	596
597	2555
599	1959
1959	600
1959	601
602	1960
604	1961
605	1962
606	1963
608	1964
1964	642
1964	643
1964	648
1964	666
609	2556
2556	1213
2556	1321
610	1965
611	1966
612	1967
1967	615
613	1968
614	2557
616	1969
617	1970
617	2558
1970	618
1970	1052
1970	1053
2558	975
2558	1139
2558	1512
2558	1568
619	1971
619	2559
1971	620
1971	628
1971	777
1971	800
2559	943
2559	1457
2559	2452
621	1972
1972	622
1972	623
624	1973
626	1974
1974	627
628	2560
2560	1085
2560	2452
629	1975
630	1976
1976	633
632	1977
634	1978
635	1979
637	1980
1980	639
638	1981
640	1982
1982	816
641	1983
644	1984
645	1985
1985	646
646	2561
647	1986
1986	764
1986	1297
650	1987
651	1988
652	1989
1989	653
655	1990
656	1991
1991	657
658	1992
1992	659
660	1993
1993	661
662	1994
664	1995
1995	887
665	1996
666	2562
667	1997
668	1998
1998	669
1998	675
670	1999
671	2000
672	2001
673	2002
2002	674
677	2003
677	2563
2003	678
2003	681
2003	684
2563	685
2563	693
2563	814
2563	817
2563	862
2563	868
2563	869
2563	870
2563	871
2563	875
2563	877
2563	891
2563	902
2563	903
2563	904
2563	1149
2563	1292
2563	2452
679	2004
679	2564
2004	688
2564	680
2564	2452
682	2565
2565	1034
2565	1633
2565	2452
683	2005
685	2006
2006	689
686	2007
2007	687
690	2008
2008	692
691	2009
693	2010
696	2011
697	2012
698	2013
2013	699
2013	700
701	2014
702	2015
2015	703
704	2016
705	2017
706	2018
707	2019
708	2020
709	2021
710	2022
711	2023
2023	712
2023	713
2023	714
2023	715
2023	718
2023	719
2023	721
2023	722
2023	723
2023	724
717	2024
2024	720
725	2025
2025	726
2025	729
727	2026
727	2566
2026	740
2026	745
728	2027
730	2028
2028	731
2028	1145
2028	1287
2028	1290
2028	1334
2028	1430
2028	1482
732	2029
2029	733
2029	734
2029	735
2029	736
735	2567
2567	773
2567	2452
737	2030
738	2031
2031	739
2031	742
2031	743
2031	744
741	2032
745	2568
2568	966
2568	2452
746	2033
747	2034
748	2035
749	2036
750	2037
751	2038
2038	758
2038	1206
752	2039
753	2040
2040	754
2040	760
755	2041
2041	761
756	2042
757	2043
761	2569
2569	2452
762	2044
2044	770
763	2045
765	2046
2046	766
2046	767
768	2047
2047	791
2047	792
2047	794
2047	812
2047	815
769	2048
771	2049
2049	772
2049	773
2049	778
2049	793
2049	949
774	2050
2050	775
2050	776
2050	779
2050	780
2050	781
2050	783
2050	784
2050	785
2050	786
2050	787
2050	788
2050	789
2050	790
782	2051
795	2052
2052	796
2052	797
798	2053
799	2054
2054	801
2054	802
803	2055
2055	804
2055	805
2055	943
806	2056
2056	807
808	2057
809	2058
810	2059
2059	811
812	2570
813	2060
2060	814
817	2061
818	2062
818	2571
2062	820
2062	822
2062	826
2571	1124
2571	2452
819	2063
821	2064
823	2065
824	2066
2066	825
827	2067
828	2068
2068	829
2068	831
830	2069
832	2070
833	2071
2071	1395
834	2072
2072	835
836	2073
837	2074
839	2075
839	2572
2075	840
2075	841
2075	842
2075	853
2075	857
2075	863
2075	876
2075	901
2075	907
2075	908
2075	911
843	2076
2076	850
844	2077
2077	845
2077	846
2077	847
2077	848
2077	849
2077	851
2077	852
2077	864
2077	865
2077	866
2077	867
2077	872
2077	874
2077	885
2077	1007
2077	1008
2077	1013
2077	1085
2077	1092
854	2078
2078	855
2078	856
856	2573
2573	1057
2573	1386
2573	1397
2573	2452
858	2079
2079	859
2079	862
860	2080
2080	861
868	2081
2081	869
2081	870
2081	871
873	2082
874	2574
875	2083
878	2084
2084	879
2084	883
880	2085
2085	881
2085	882
2085	884
883	2575
2575	884
2575	892
2575	1500
2575	1501
2575	1502
2575	1503
2575	1504
2575	1505
2575	1506
2575	1507
2575	2452
885	2576
886	2086
2086	925
888	2087
2087	900
889	2088
2088	890
2088	893
2088	896
891	2089
2089	904
892	2090
2090	894
2090	895
2090	897
898	2091
2091	899
905	2092
906	2093
909	2094
910	2095
2095	912
913	2096
914	2097
914	2577
2097	918
2097	920
2097	966
915	2098
916	2099
917	2100
919	2101
2101	924
921	2102
2102	922
923	2103
926	2104
2104	927
2104	928
2104	929
2104	930
2104	931
2104	932
2104	933
2104	934
2104	935
2104	936
2104	937
2104	938
2104	939
2104	941
940	2105
942	2106
944	2107
2107	945
2107	1078
946	2108
947	2109
948	2110
949	2578
2578	1014
2578	1018
2578	1019
950	2111
951	2112
2112	952
2112	956
952	2579
954	2113
954	2580
2113	955
957	2114
958	2115
959	2116
960	2117
2117	961
962	2118
2118	963
2118	968
964	2119
964	2581
2581	1000
2581	1007
2581	1008
2581	1022
2581	1033
2581	1081
2581	1089
2581	1098
2581	1214
2581	1237
2581	2452
965	2120
2120	967
2120	1088
967	2582
2582	1219
2582	1613
2582	1623
2582	1624
2582	1625
2582	2452
969	2121
970	2122
971	2123
972	2124
2124	1004
973	2125
2125	1003
974	2126
2126	975
976	2127
977	2128
978	2129
2129	980
979	2130
980	2583
2583	2452
981	2131
2131	1009
2131	1014
2131	1029
982	2132
983	2133
984	2134
2134	985
985	2584
2584	2452
986	2135
2135	987
2135	988
2135	989
2135	990
2135	991
2135	992
2135	993
2135	994
2135	995
2135	996
2135	997
2135	998
2135	1037
999	2136
2136	1001
2136	1002
1005	2137
2137	1006
1010	2138
1011	2139
2139	1015
2139	1016
2139	1017
1012	2140
2140	1018
1013	2585
1020	2141
2141	1021
2141	1022
1023	2142
1024	2143
1025	2144
1026	2145
2145	1036
1027	2146
1028	2147
1030	2148
2148	1031
2148	1039
1033	2149
2149	1034
2149	1035
1038	2150
1040	2151
2151	1041
2151	1042
1043	2152
1044	2153
2153	1046
1045	2154
1047	2155
2155	1073
1048	2156
2156	1054
1049	2157
2157	1050
2157	1058
1051	2158
2158	1055
2158	1061
1053	2586
2586	1088
2586	1095
2586	1135
2586	1145
2586	1173
2586	1314
2586	1320
2586	1325
2586	1326
2586	1327
2586	1328
2586	1333
2586	1336
2586	1341
2586	1350
2586	1354
2586	1370
2586	1387
2586	1391
2586	1403
2586	1407
2586	1409
2586	1411
2586	1434
2586	1452
2586	1461
2586	1472
2586	1473
2586	1474
2586	1475
2586	1476
2586	1477
2586	1492
2586	1494
2586	1495
2586	1517
2586	1520
2586	1530
2586	1531
2586	1541
2586	1544
2586	1553
2586	1569
2586	1576
2586	1590
2586	1592
2586	1598
2586	1605
2586	1619
2586	1627
2586	1628
2586	1649
2586	2452
1056	2159
1057	2160
1059	2161
2161	1060
2161	1064
2161	1065
2161	1071
1061	2587
1062	2162
2162	1063
1065	2588
1066	2163
2163	1068
2163	1069
2163	1081
1067	2164
1070	2165
1071	2589
2589	1072
2589	1078
2589	1086
2589	1106
2589	1127
2589	1192
2589	1226
2589	1252
2589	1253
2589	1263
2589	1295
2589	1322
2589	1323
2589	1324
2589	1345
2589	1360
2589	1399
2589	1478
2589	1481
2589	2452
1072	2166
1074	2167
1075	2168
2168	1076
2168	1079
1077	2169
1080	2170
1082	2171
1083	2172
2172	1087
2172	1089
2172	1248
1084	2173
2173	1094
1086	2174
1087	2590
1090	2175
2175	1091
1093	2176
1095	2177
2177	1098
1096	2178
2178	1097
1099	2179
2179	1100
2179	1102
1100	2591
2591	2452
1101	2180
1103	2181
2181	1104
1105	2182
1106	2183
2183	1108
1107	2184
1109	2185
1110	2186
1111	2187
1112	2188
1112	2592
2188	1113
2188	1115
2188	1116
1114	2189
2189	1144
2189	1245
2189	1331
1115	2593
2593	1130
2593	2452
1117	2190
1118	2191
2191	1119
2191	1120
1120	2594
1121	2192
1122	2193
2193	1124
2193	1127
1123	2194
2194	1125
1126	2195
1128	2196
1129	2197
1130	2198
2198	1131
1132	2199
1133	2200
1134	2201
2201	1135
1136	2202
1137	2203
2203	1146
1138	2204
2204	1139
2204	1140
2204	1148
1141	2205
2205	1142
2205	1143
1146	2595
1147	2206
2206	1149
1148	2596
1150	2207
2207	1152
1151	2208
2208	1162
2208	1176
1153	2209
2209	1154
2209	1155
2209	1156
2209	1157
2209	1158
2209	1159
2209	1160
2209	1174
2209	1175
1161	2210
2210	1164
2210	1178
1163	2211
2211	1171
1165	2212
2212	1170
2212	1173
1166	2213
1166	2597
2213	1167
2597	1200
2597	1204
2597	1206
2597	1208
2597	1216
2597	1218
2597	1220
2597	1230
2597	1234
2597	1239
2597	1240
2597	1242
2597	1246
2597	1247
2597	1248
2597	1250
2597	1269
2597	1388
2597	1389
2597	1416
2597	1428
2597	1437
2597	1557
2597	2452
1168	2214
2214	1169
1172	2215
1177	2216
1179	2217
1180	2218
2218	1181
2218	1182
2218	1183
2218	1184
2218	1185
2218	1186
2218	1190
2218	1191
2218	1213
2218	1214
2218	1252
2218	1253
1187	2219
2219	1188
1189	2220
1192	2221
2221	1193
1194	2222
1194	2598
2598	2452
1195	2223
2223	1196
1197	2224
1198	2225
2225	1199
1200	2226
1201	2227
1202	2228
1203	2229
1205	2230
1207	2231
1207	2599
2231	1208
2231	1209
2599	1231
2599	1260
2599	1421
2599	2452
1210	2232
1211	2233
1212	2234
1215	2235
1216	2236
2236	1217
1218	2237
1219	2238
2238	1222
1220	2239
1221	2240
1223	2241
1224	2242
1225	2243
1226	2244
1227	2245
1228	2246
2246	1229
2246	1230
1231	2247
2247	1232
2247	1233
1232	2600
2600	2452
1235	2248
1235	2601
2601	2452
1236	2249
1237	2250
1238	2251
1239	2252
2252	1240
2252	1241
2252	1243
1244	2253
1247	2254
2254	1249
1249	2602
2602	1251
2602	2452
1250	2255
2255	1251
1254	2256
1255	2257
2257	1259
2257	1260
1256	2258
1256	2603
2258	1257
2258	1307
1258	2259
1259	2604
1261	2260
1262	2261
1263	2262
2262	1264
1265	2263
1266	2264
1267	2605
2605	1287
2605	1290
2605	2452
1268	2265
1269	2266
1270	2267
1271	2268
1272	2269
1273	2606
2606	1276
2606	1285
2606	1297
2606	1298
2606	1299
2606	1303
2606	1331
2606	1346
2606	1347
2606	1351
2606	1358
2606	1361
2606	1365
2606	1367
2606	1369
2606	1372
2606	1374
2606	1410
2606	1441
2606	2452
1274	2270
1275	2271
1275	2607
2607	2452
1278	2272
2272	1279
2272	1280
2272	1281
2272	1282
2272	1283
1284	2273
2273	1285
2273	1308
2273	1314
2273	1361
1286	2274
1288	2275
1289	2276
1291	2277
2277	1293
2277	1298
1292	2278
1294	2279
1295	2280
1296	2281
1300	2282
1301	2283
1302	2284
2284	1303
2284	1305
1304	2285
1306	2286
1309	2287
1310	2288
1311	2289
1311	2608
2608	1510
2608	1616
2608	2452
1312	2290
1313	2291
1315	2292
1316	2293
1317	2294
1317	2609
2294	1318
2294	1319
2294	1320
2294	1321
2294	1322
2294	1323
2294	1324
2294	1325
2294	1326
2294	1327
2294	1328
2294	1336
2294	1401
2609	2452
1329	2295
1330	2296
1332	2297
1333	2298
1334	2610
1335	2299
2299	1338
2299	1392
1337	2300
1339	2301
1340	2302
2302	1341
2302	1342
2302	1345
2302	1347
2302	1348
2302	1349
1343	2303
1343	2611
2303	1344
2611	1425
2611	1427
2611	1468
2611	1498
2611	1539
2611	1571
2611	1577
2611	1582
2611	1595
2611	1612
2611	1631
2611	2452
1344	2612
2612	1353
2612	1364
2612	1373
2612	1390
2612	1419
2612	1431
2612	1445
2612	1483
2612	1493
2612	1519
2612	1525
2612	1527
2612	1535
2612	1584
2612	1596
2612	2452
1350	2304
1351	2305
2305	1352
1353	2306
2306	1354
2306	1379
1355	2307
1356	2308
1357	2309
1359	2310
2310	1360
1362	2311
1362	2613
2311	1363
2311	1364
2311	1365
2613	2452
1366	2312
2312	1367
1368	2313
1369	2314
1370	2315
1371	2316
1372	2317
1373	2318
2318	1378
2318	1386
1374	2319
2319	1377
1375	2320
2320	1376
2320	1381
2320	1382
2320	1383
2320	1384
2320	1385
2320	1388
2320	1389
1380	2321
1387	2322
1390	2323
1391	2324
2324	1393
2324	1394
2324	1399
2324	1400
1396	2325
1396	2614
2325	1397
2325	1398
1398	2615
1401	2616
1402	2326
2326	1403
1404	2327
2327	1405
2327	1406
1406	2617
2617	1412
2617	1429
2617	1558
2617	2452
1407	2328
2328	1408
1409	2329
2329	1410
1411	2330
2330	1412
2330	1413
1414	2331
1415	2332
2332	1416
2332	1419
2332	1425
1417	2333
2333	1418
2333	1420
1418	2618
1421	2334
2334	1422
1423	2335
2335	1424
1426	2336
2336	1427
1428	2337
2337	1429
1430	2619
2619	1482
2619	1523
2619	2452
1431	2338
1432	2339
2339	1441
2339	1445
2339	1446
2339	1622
1433	2340
1434	2341
1435	2342
1436	2343
1437	2344
1439	2345
1439	2620
2620	2452
1440	2346
1442	2347
2347	1444
1443	2348
1444	2621
1447	2349
2349	1450
1448	2350
1449	2351
1449	2622
2622	1450
2622	1497
2622	1511
2622	1536
2622	1542
2622	1547
2622	1555
2622	1562
2622	1606
1451	2352
1452	2353
1453	2354
1454	2355
1455	2356
1456	2357
1457	2358
2358	1458
2358	1460
2358	1463
1459	2359
1461	2360
2360	1462
1465	2361
1466	2362
1467	2363
2363	1468
1469	2364
1470	2365
1471	2366
1472	2367
2367	1473
2367	1474
2367	1475
2367	1476
2367	1477
2367	1478
2367	1479
2367	1480
2367	1481
1483	2368
1484	2369
1485	2370
2370	1486
1487	2371
1488	2372
2372	1490
1489	2373
1491	2374
1492	2375
2375	1493
2375	1496
2375	1499
2375	1509
1494	2376
1495	2377
1496	2623
1497	2378
1499	2624
1508	2379
1510	2380
1511	2381
2381	1522
1512	2382
2382	1514
1513	2383
1515	2384
2384	1516
1517	2385
2385	1518
1519	2386
2386	1520
2386	1521
1523	2387
2387	1546
2387	1548
2387	1558
2387	1626
1524	2388
1525	2389
1526	2390
1527	2391
1528	2392
1528	2625
2392	1529
2392	1530
2392	1537
2625	2452
1531	2393
1532	2394
1533	2395
2395	1534
1535	2396
2396	1539
1536	2397
1537	2626
1538	2398
1540	2399
1541	2400
1542	2401
1543	2402
1543	2627
2627	1548
2627	1632
2627	1634
2627	1635
2627	1636
2627	1637
2627	1638
2627	1639
2627	1640
2627	1641
2627	1643
2627	1647
2627	2452
1544	2403
2403	1545
1547	2404
1549	2405
1550	2628
2628	2452
1552	2406
1553	2407
1554	2408
1555	2409
1556	2410
1557	2411
1559	2412
1560	2413
1561	2414
1562	2415
1563	2416
1564	2417
1565	2418
1566	2419
1567	2420
2420	1568
2420	1570
2420	1571
2420	1572
2420	1574
2420	1575
1569	2421
1573	2422
1574	2629
2629	1593
1576	2423
2423	1577
2423	1578
2423	1580
1579	2424
1580	2630
2630	1587
2630	2452
1581	2425
2425	1582
2425	1584
2425	1587
1583	2426
2426	1589
1585	2427
1586	2428
1586	2631
2631	2452
1588	2429
1589	2632
1590	2430
1591	2431
1592	2432
2432	1593
2432	1594
2432	1595
2432	1596
2432	1597
2432	1600
2432	1601
1598	2433
2433	1602
1599	2434
2434	1603
1604	2435
2435	1605
2435	1606
2435	1607
2435	1608
2435	1609
2435	1610
2435	1611
2435	1613
2435	1614
2435	1615
2435	1616
2435	1620
2435	1623
2435	1624
2435	1625
1607	2633
1608	2634
2634	1611
1612	2436
1614	2635
2635	1615
1617	2437
1618	2438
1619	2439
1620	2636
1621	2440
1622	2637
1627	2441
1628	2442
2442	1629
1630	2443
1630	2638
2638	1642
2638	1644
1631	2444
2444	1632
1633	2445
1634	2446
1635	2447
2447	1636
2447	1637
2447	1638
2447	1639
2447	1640
2447	1641
2447	1642
2447	1643
2447	1644
1645	2448
1646	2449
1647	2450
2450	1648
1649	2451
1650	2452
2452	2639
2452	2640
2452	2641
2452	2642
2452	2643
2452	2644
2452	2645
2452	2646
2452	2647
2452	2648
2452	2649
2452	2650
2452	2651
2452	2652
2452	2653
2452	2654
2452	2655
2452	2656
2452	2657
2452	2658
2452	2659
2452	2660
2452	2661
2452	2662
2452	2663
2452	2664
2452	2665
2452	2666
2452	2667
2452	2668
2452	2669
2452	2670
2452	2671
2452	2672
2452	2673
2452	2674
2452	2675
2452	2676
2452	2677
2452	2678
2452	2679
2452	2680
2452	2681
2452	2682
2452	2683
2452	2684
2452	2685
2452	2686
2452	2687
2452	2688
2452	2689
2452	2690
2452	2691
2452	2692
2452	2693
2452	2694
2452	2695
2452	2696
2452	2697
2452	2698
2452	2699
2452	2700
2452	2701
2452	2702
2452	2703
2452	2704
2452	2705
2452	2706
2452	2707
2452	2708
2452	2709
2452	2710
2452	2711
2452	2712
2452	2713
2452	2714
2452	2715
2452	2716
2452	2717
2452	2718
2452	2719
2452	2720
2452	2721
2452	2722
2452	2723
2452	2724
2452	2725
2452	2726
2452	2727
2452	2728
2452	2729
2452	2730
2452	2731
2452	2732
2452	2733
2452	2734
2452	2735
2452	2736
2452	2737
2452	2738
2452	2739
2452	2740
2452	2741
2452	2742
2452	2743
2452	2744
2452	2745
2452	2746
2452	2747
2452	2748
2452	2749
2452	2750
2452	2751
2452	2752
2452	2753
2452	2754
2452	2755
2452	2756
2452	2757
2452	2758
2452	2759
2452	2760
2452	2761
2452	2762
2452	2763
2452	2764
2452	2765
2452	2766
2452	2767
2452	2768
2452	2769
2452	2770
2452	2771
2452	2772
2452	2773
2452	2774
2452	2775
2452	2776
2452	2777
2452	2778
2452	2779
2452	2780
2452	2781
2452	2782
2452	2783
2452	2784
2452	2785
2452	2786
2452	2787
2452	2788
2452	2789
2452	2790
2452	2791
2452	2792
2452	2793
2452	2794
2452	2795
2452	2796
2452	2797
2452	2798
2452	2799
2452	2800
2452	2801
2452	2802
2452	2803
2452	2804
2452	2805
2452	2806
2452	2807
2452	2808
2452	2809
2452	2810
2452	2811
2452	2812
2452	2813
2452	2814
2452	2815
2452	2816
2452	2817
2452	2818
2452	2819
2452	2820
2452	2821
2452	2822
2452	2823
2452	2824
2452	2825
2452	2826
2452	2827
2452	2828
2452	2829
2452	2830
2452	2831
2452	2832
2452	2833
2452	2834
2452	2835
2452	2836
2452	2837
2452	2838
2452	2839
2452	2840
2452	2841
2452	2842
2452	2843
2452	2844
2452	2845
2452	2846
2452	2847
2452	2848
2452	2849
2452	2850
2452	2851
2452	2852
2452	2853
2452	2854
