0	2027
0	3239
2027	1
2027	7
2027	9
2027	61
2027	71
2027	126
2027	254
2027	3240
1	3240
3240	2
3240	6
3240	10
3240	11
3240	29
3240	30
3240	39
3240	40
3240	59
3240	64
3240	110
3240	125
3240	2059
3240	2060
3240	2105
3240	2160
2	2028
2028	3
2028	13
2028	3465
3	3241
3241	4
3241	27
3241	111
3241	115
3241	134
3241	143
3241	146
3241	149
3241	150
3241	157
3241	158
3241	163
3241	164
3241	170
3241	172
3241	175
3241	180
3241	184
3241	185
3241	188
3241	198
3241	200
3241	202
3241	214
3241	215
3241	234
3241	245
3241	281
3241	285
3241	311
3241	318
3241	323
3241	329
3241	330
3241	337
3241	338
3241	340
3241	344
3241	357
3241	359
3241	360
3241	364
3241	367
3241	369
3241	372
3241	375
3241	378
3241	395
3241	397
3241	398
3241	411
3241	418
3241	421
3241	440
3241	441
3241	459
3241	464
3241	468
3241	469
3241	478
3241	482
3241	489
3241	493
3241	497
3241	503
3241	516
3241	521
3241	522
3241	537
3241	542
3241	544
3241	552
3241	555
3241	561
3241	563
3241	565
3241	567
3241	570
3241	571
3241	573
3241	576
3241	579
3241	581
3241	585
3241	586
3241	589
3241	599
3241	600
3241	620
3241	622
3241	645
3241	913
3241	914
3241	936
3241	1061
3241	1062
3241	1388
3241	1412
3241	1425
3241	1429
3241	1441
3241	1451
3241	1454
3241	1521
3241	1537
3241	1545
3241	1577
3241	1601
3241	1616
3241	1679
3241	1945
3241	1963
3241	2074
3241	2076
3241	2086
3241	2095
3241	2096
3241	2098
3241	2120
3241	2125
3241	3153
3241	2150
3241	2151
3241	2167
3241	2172
3241	3043
3241	3156
3241	2184
3241	2186
3241	2222
3241	2240
3241	2243
3241	2265
3241	2285
3241	2304
3241	2306
3241	2328
3241	3173
3241	3201
3241	3202
3241	2823
3241	2833
3241	2837
3241	2884
3241	2924
3241	2925
3241	2928
3241	3070
4	2029
2029	70
2029	514
2029	625
2029	1556
2029	3244
5	2030
5	3242
2030	6
2030	8
2030	3247
7	3243
8	3244
3244	62
3244	89
3244	548
3244	912
3244	1023
3244	1193
3244	1443
3244	1703
3244	1786
3244	2510
3244	2517
3244	2558
3244	2658
3244	2791
3244	2951
3244	3000
3244	3005
9	3245
3245	3146
10	2031
2031	28
2031	91
2031	93
2031	609
2031	3256
11	2032
2032	12
2032	133
2032	3252
12	3246
3246	15
3246	16
3246	20
3246	21
3246	44
3246	49
3246	50
3246	57
3246	58
3246	63
3246	97
3246	104
3246	107
3246	112
3246	145
3246	168
3246	179
3246	227
3246	233
3246	235
3246	250
3246	273
3246	274
3246	275
3246	276
3246	277
3246	278
3246	279
3246	304
3246	1067
3246	2043
3246	2042
3246	2041
3246	2046
3246	3147
3246	2048
3246	2050
3246	3149
3246	2071
3246	3151
3246	2163
3246	2144
3246	2147
3246	2183
3246	2280
13	3247
3247	14
3247	22
3247	51
3247	52
3247	65
3247	95
3247	116
3247	120
3247	132
3247	136
3247	138
3247	139
3247	141
3247	147
3247	148
3247	178
3247	181
3247	189
3247	191
3247	194
3247	199
3247	201
3247	204
3247	205
3247	206
3247	209
3247	222
3247	226
3247	228
3247	232
3247	237
3247	238
3247	239
3247	241
3247	254
3247	282
3247	287
3247	292
3247	294
3247	295
3247	297
3247	300
3247	303
3247	314
3247	319
3247	321
3247	341
3247	356
3247	370
3247	371
3247	376
3247	381
3247	387
3247	410
3247	416
3247	417
3247	419
3247	430
3247	434
3247	438
3247	446
3247	461
3247	473
3247	475
3247	481
3247	492
3247	507
3247	528
3247	530
3247	531
3247	533
3247	536
3247	538
3247	547
3247	566
3247	568
3247	572
3247	574
3247	587
3247	601
3247	604
3247	605
3247	606
3247	611
3247	614
3247	615
3247	618
3247	621
3247	623
3247	631
3247	647
3247	653
3247	657
3247	658
3247	661
3247	664
3247	665
3247	666
3247	668
3247	671
3247	675
3247	676
3247	678
3247	682
3247	683
3247	684
3247	689
3247	690
3247	693
3247	695
3247	696
3247	698
3247	700
3247	701
3247	702
3247	707
3247	708
3247	709
3247	713
3247	716
3247	720
3247	722
3247	724
3247	726
3247	729
3247	730
3247	737
3247	741
3247	746
3247	747
3247	752
3247	793
3247	795
3247	797
3247	799
3247	800
3247	802
3247	803
3247	804
3247	805
3247	808
3247	814
3247	819
3247	821
3247	831
3247	845
3247	854
3247	855
3247	856
3247	857
3247	858
3247	869
3247	870
3247	877
3247	888
3247	891
3247	894
3247	903
3247	907
3247	908
3247	948
3247	960
3247	970
3247	989
3247	990
3247	1296
3247	1315
3247	1326
3247	1332
3247	1475
3247	1477
3247	1512
3247	1534
3247	1558
3247	1563
3247	1568
3247	1570
3247	1592
3247	1625
3247	1630
3247	1631
3247	1661
3247	1701
3247	1725
3247	1739
3247	1771
3247	1777
3247	1788
3247	1789
3247	1806
3247	1816
3247	1853
3247	1942
3247	1947
3247	1996
3247	1997
3247	1999
3247	2011
3247	2020
3247	2021
3247	2022
3247	2047
3247	2052
3247	2056
3247	2080
3247	2259
3247	2366
3247	3165
3247	2369
3247	2442
3247	2444
3247	2448
3247	2475
14	2033
2033	3256
15	2034
2034	3466
16	2035
2035	3466
17	2036
17	3248
2036	19
2036	31
2036	36
2036	37
2036	72
2036	84
2036	99
2036	100
2036	101
2036	105
2036	108
2036	118
2036	121
2036	139
2036	144
2036	145
2036	146
2036	3262
3248	18
3248	69
3248	2040
18	2037
2037	21
2037	27
2037	3468
19	3249
3249	80
3249	83
3249	101
3249	1018
3249	2245
3249	3175
3249	3213
3249	3019
20	2038
2038	3467
22	2039
2039	24
2039	3266
23	2040
23	3250
2040	43
2040	45
2040	48
2040	73
2040	92
24	3251
3251	25
3251	2045
3251	2051
25	2041
2041	26
2041	33
26	3252
3252	37
3252	38
3252	43
3252	47
3252	53
3252	54
3252	67
3252	68
3252	96
3252	99
3252	118
3252	2053
3252	2057
3252	2065
3252	2063
3252	2062
3252	2064
3252	3148
3252	2069
28	3253
29	2042
2042	32
2042	74
30	2043
2043	38
2043	63
2043	82
2043	149
2043	150
31	3254
3254	32
3254	33
3254	34
3254	35
3254	41
3254	42
3254	45
3254	88
3254	122
3254	123
3254	156
3254	187
3254	255
3254	443
3254	457
3254	467
3254	470
3254	485
3254	498
3254	523
3254	526
3254	580
3254	784
3254	827
3254	873
3254	876
3254	978
3254	1068
3254	1151
3254	1261
3254	3150
34	2044
2044	75
2044	224
2044	3266
35	2045
2045	102
36	3255
3255	86
3255	152
3255	153
3255	2091
39	2046
2046	41
40	2047
2047	52
2047	53
42	2048
44	2049
2049	76
2049	3258
46	2050
46	3256
2050	47
3256	48
3256	87
3256	98
3256	109
3256	114
3256	119
49	2051
2051	55
50	2052
2052	56
2052	163
51	2053
54	2054
2054	128
2054	3469
55	3257
3257	56
3257	103
3257	105
57	2055
2055	59
2055	3470
58	2056
2056	62
2056	77
60	2057
60	3258
3258	93
3258	100
3258	142
3258	162
3258	513
3258	517
3258	518
3258	520
3258	539
3258	554
3258	558
3258	575
3258	578
3258	583
3258	590
3258	598
3258	617
3258	627
3258	628
3258	634
3258	639
3258	641
3258	643
3258	656
3258	667
3258	670
3258	681
3258	692
3258	694
3258	697
3258	703
3258	704
3258	705
3258	706
3258	710
3258	715
3258	718
3258	734
3258	742
3258	743
3258	769
3258	806
3258	811
3258	815
3258	825
3258	828
3258	830
3258	833
3258	835
3258	838
3258	844
3258	848
3258	853
3258	859
3258	862
3258	875
3258	880
3258	883
3258	884
3258	886
3258	887
3258	897
3258	900
3258	909
3258	918
3258	919
3258	920
3258	921
3258	922
3258	928
3258	940
3258	942
3258	944
3258	946
3258	953
3258	956
3258	969
3258	974
3258	977
3258	979
3258	980
3258	981
3258	982
3258	987
3258	988
3258	998
3258	1000
3258	1004
3258	1006
3258	1009
3258	1010
3258	1012
3258	1013
3258	1017
3258	1019
3258	1021
3258	1022
3258	1028
3258	1029
3258	1030
3258	1031
3258	1035
3258	1038
3258	1039
3258	1044
3258	1047
3258	1051
3258	1054
3258	1057
3258	1059
3258	1060
3258	1066
3258	1069
3258	1070
3258	1071
3258	1072
3258	1073
3258	1074
3258	1076
3258	1080
3258	1083
3258	1084
3258	1085
3258	1086
3258	1087
3258	1095
3258	1097
3258	1098
3258	1101
3258	1105
3258	1108
3258	1110
3258	1112
3258	1113
3258	1116
3258	1117
3258	1118
3258	1121
3258	1124
3258	1125
3258	1127
3258	1129
3258	1130
3258	1137
3258	1141
3258	1142
3258	1146
3258	1147
3258	1152
3258	1154
3258	1157
3258	1158
3258	1159
3258	1165
3258	1167
3258	1168
3258	1170
3258	1172
3258	1173
3258	1176
3258	1180
3258	1181
3258	1182
3258	1183
3258	1189
3258	1202
3258	1203
3258	1204
3258	1205
3258	1207
3258	1208
3258	1209
3258	1215
3258	1216
3258	1225
3258	1227
3258	1230
3258	1231
3258	1233
3258	1234
3258	1236
3258	1237
3258	1238
3258	1239
3258	1243
3258	1244
3258	1245
3258	1247
3258	1249
3258	1251
3258	1259
3258	1260
3258	1264
3258	1266
3258	1267
3258	1268
3258	1271
3258	1272
3258	1273
3258	1288
3258	1292
3258	1293
3258	1294
3258	1305
3258	1310
3258	1312
3258	1314
3258	1324
3258	1327
3258	1333
3258	1334
3258	1335
3258	1337
3258	1339
3258	1342
3258	1343
3258	1345
3258	1348
3258	1350
3258	1356
3258	1357
3258	1358
3258	1365
3258	1373
3258	1375
3258	1377
3258	1378
3258	1379
3258	1380
3258	1382
3258	1383
3258	1396
3258	1397
3258	1402
3258	1407
3258	1408
3258	1414
3258	1431
3258	1436
3258	1439
3258	1440
3258	1442
3258	1447
3258	1448
3258	1449
3258	1457
3258	1461
3258	1463
3258	1468
3258	1470
3258	1471
3258	1473
3258	1486
3258	1489
3258	1490
3258	1511
3258	1526
3258	1536
3258	1541
3258	1542
3258	1548
3258	1549
3258	1555
3258	1562
3258	1571
3258	1587
3258	1596
3258	1604
3258	1605
3258	1611
3258	1612
3258	1613
3258	1617
3258	1618
3258	1624
3258	1627
3258	1638
3258	1639
3258	1640
3258	1649
3258	1651
3258	1653
3258	1654
3258	1656
3258	1657
3258	1658
3258	1660
3258	1663
3258	1669
3258	1670
3258	1674
3258	1675
3258	1676
3258	1690
3258	1695
3258	1696
3258	1702
3258	1705
3258	1706
3258	1724
3258	1727
3258	1730
3258	1731
3258	1732
3258	1734
3258	1741
3258	1742
3258	1744
3258	1745
3258	1746
3258	1750
3258	1751
3258	1752
3258	1759
3258	1760
3258	1761
3258	1768
3258	1769
3258	1770
3258	1772
3258	1773
3258	1776
3258	1778
3258	1779
3258	1784
3258	1785
3258	1793
3258	1794
3258	1798
3258	1810
3258	1827
3258	1828
3258	1829
3258	1830
3258	1836
3258	1837
3258	1839
3258	1840
3258	1842
3258	1846
3258	1848
3258	1849
3258	1850
3258	1854
3258	1855
3258	1858
3258	1859
3258	1866
3258	1867
3258	1872
3258	1873
3258	1875
3258	1876
3258	1879
3258	1881
3258	1882
3258	1883
3258	1885
3258	1888
3258	1889
3258	1890
3258	1891
3258	1892
3258	1893
3258	1897
3258	1901
3258	1904
3258	1905
3258	1907
3258	1911
3258	1915
3258	1924
3258	1925
3258	1933
3258	1934
3258	1935
3258	1936
3258	1937
3258	1941
3258	1944
3258	1952
3258	1953
3258	1954
3258	1955
3258	1956
3258	1959
3258	1962
3258	1966
3258	1978
3258	1979
3258	1981
3258	1983
3258	1985
3258	1987
3258	1993
3258	1994
3258	2006
3258	2010
3258	2018
3258	2068
3258	3164
3258	2413
3258	2436
3258	2449
3258	2450
3258	2452
3258	2461
3258	2468
3258	2471
3258	2566
3258	2473
3258	2478
3258	2483
3258	2741
3258	2488
3258	2485
3258	2494
3258	2489
3258	2490
3258	2497
3258	2508
3258	2502
3258	2505
3258	2523
3258	2611
3258	2522
3258	2533
3258	2620
3258	2537
3258	2535
3258	3179
3258	2549
3258	2556
3258	2562
3258	2577
3258	2572
3258	2639
3258	2582
3258	2668
3258	2580
3258	2583
3258	2586
3258	2590
3258	2593
3258	2596
3258	2599
3258	2600
3258	2604
3258	2605
3258	2615
3258	2612
3258	2622
3258	2625
3258	2627
3258	2630
3258	2632
3258	2635
3258	2642
3258	2652
3258	2654
3258	2659
3258	2660
3258	2665
3258	2662
3258	2666
3258	2675
3258	2677
3258	2676
3258	2680
3258	2685
3258	2691
3258	2695
3258	2698
3258	3189
3258	2708
3258	2717
3258	2719
3258	2726
3258	2733
3258	2736
3258	2740
3258	2742
3258	2751
3258	2757
3258	2753
3258	2760
3258	2761
3258	2762
3258	2763
3258	2769
3258	2768
3258	2772
3258	2777
3258	2783
3258	2787
3258	2784
3258	2790
3258	2793
3258	2798
3258	2801
3258	2804
3258	2809
3258	2812
3258	2822
3258	2828
3258	2842
3258	2845
3258	2889
3258	2866
3258	2885
3258	2894
3258	2914
3258	2916
3258	2921
3258	2923
3258	2934
3258	2938
3258	2953
3258	2950
3258	2954
3258	2957
3258	2960
3258	2964
3258	2963
3258	2968
3258	2983
3258	3015
3258	3020
3258	3021
3258	3025
3258	3024
3258	3030
3258	3034
3258	3033
3258	3037
3258	3036
3258	3071
3258	3095
3258	3092
3258	3093
3258	3109
3258	3139
61	3259
3259	106
3259	1163
3259	1487
3259	1583
3259	1688
3259	3225
3259	3231
64	2058
2058	68
2058	78
2058	3260
65	2059
66	2060
66	3260
2060	67
2060	69
3260	85
3260	2061
3260	2092
70	3261
3261	71
3261	72
3261	73
3261	74
3261	75
3261	76
3261	77
3261	78
3261	79
3261	90
3261	94
3261	108
3261	117
3261	121
3261	144
3261	160
3261	161
3261	171
3261	176
3261	186
79	2061
80	2062
2062	81
2062	103
81	3262
3262	82
3262	84
3262	91
3262	113
3262	124
3262	126
3262	127
3262	128
3262	130
3262	135
3262	140
3262	151
3262	159
3262	165
3262	166
3262	167
3262	169
3262	173
3262	174
3262	182
3262	183
3262	190
3262	193
3262	195
3262	196
3262	197
3262	203
3262	208
3262	210
3262	212
3262	217
3262	218
3262	223
3262	224
3262	225
3262	230
3262	236
3262	242
3262	243
3262	249
3262	252
3262	256
3262	257
3262	258
3262	259
3262	271
3262	280
3262	284
3262	288
3262	289
3262	291
3262	298
3262	299
3262	302
3262	305
3262	306
3262	307
3262	310
3262	312
3262	316
3262	317
3262	320
3262	326
3262	328
3262	333
3262	334
3262	335
3262	342
3262	343
3262	361
3262	362
3262	374
3262	377
3262	380
3262	382
3262	384
3262	386
3262	391
3262	420
3262	422
3262	424
3262	426
3262	427
3262	429
3262	431
3262	433
3262	435
3262	436
3262	437
3262	442
3262	450
3262	452
3262	453
3262	456
3262	458
3262	462
3262	463
3262	465
3262	466
3262	472
3262	476
3262	480
3262	484
3262	486
3262	495
3262	502
3262	512
3262	515
3262	524
3262	545
3262	549
3262	564
3262	584
3262	591
3262	597
3262	602
3262	603
3262	608
3262	610
3262	613
3262	616
3262	624
3262	632
3262	633
3262	659
3262	660
3262	662
3262	744
3262	745
3262	754
3262	759
3262	768
3262	772
3262	775
3262	780
3262	781
3262	2067
3262	2083
3262	2082
3262	2085
3262	2087
3262	2094
3262	2099
3262	2129
3262	2131
3262	2133
3262	2136
3262	2138
3262	2166
3262	2165
3262	2426
3262	3155
3262	2178
3262	2189
3262	2192
3262	2208
3262	3158
3262	2267
3262	2272
3262	2282
3262	2292
3262	2296
3262	2298
3262	2305
3262	2316
3262	2331
83	2063
2063	135
85	2064
2064	88
86	2065
2065	87
2065	90
89	2066
2066	3471
92	3263
94	2067
2067	96
95	2068
97	2069
2069	98
102	3264
104	2070
2070	3472
106	2071
107	2072
2072	3473
109	2073
2073	110
2073	111
2073	113
2073	129
2073	451
2073	3474
112	2074
2074	114
2074	115
2074	127
116	2075
2075	117
2075	3267
119	2076
120	2077
2077	3475
122	2078
2078	3269
123	2079
2079	3475
124	2080
2080	125
129	3265
130	2081
2081	3476
131	2082
131	3266
2082	132
3266	247
3266	2111
3266	2112
133	3267
134	2083
136	2084
2084	3477
137	2085
137	3268
2085	138
2085	143
2085	196
2085	1940
3268	207
3268	211
3268	216
3268	251
3268	270
3268	286
3268	332
3268	355
3268	358
3268	454
3268	2118
3268	2153
3268	2210
140	2086
2086	141
142	2087
2087	147
148	2088
2088	3478
151	2089
2089	879
2089	3475
152	2090
2090	156
2090	3269
153	2091
2091	154
2091	157
154	3269
3269	155
3269	2093
155	2092
2092	161
158	2093
2093	159
2093	160
2093	162
164	2094
2094	809
165	2095
2095	240
2095	290
2095	979
166	2096
167	2097
2097	168
2097	225
2097	226
2097	227
2097	229
2097	3400
169	2098
2098	170
2098	171
172	2099
2099	1076
173	2100
2100	176
2100	1539
2100	3479
174	2101
2101	175
2101	177
2101	179
2101	187
2101	192
2101	3480
177	3270
3270	301
3270	2102
3270	2123
3270	2158
3270	2161
3270	2171
3270	2180
3270	3157
3270	2200
178	2102
180	2103
2103	181
2103	182
2103	186
2103	3320
183	2104
2104	3481
184	2105
2105	759
185	2106
2106	3320
188	2107
2107	189
2107	190
2107	3320
191	2108
2108	3272
192	3271
3271	221
3271	229
3271	231
3271	290
3271	308
3271	339
3271	592
3271	2156
193	2109
2109	994
2109	1250
2109	3483
194	2110
2110	195
2110	3483
197	2111
2111	198
199	2112
2112	200
2112	207
201	2113
2113	3484
202	2114
2114	203
2114	204
2114	3273
205	2115
2115	3483
206	2116
2116	3485
208	2117
2117	209
2117	3486
210	2118
211	2119
2119	3487
212	2120
2120	213
213	3272
3272	525
3272	560
3272	582
3272	595
3272	2188
214	2121
2121	216
2121	219
2121	3273
215	2122
2122	217
2122	221
2122	3320
218	2123
219	3273
3273	220
3273	246
3273	366
3273	385
3273	393
3273	412
3273	415
3273	505
3273	2335
3273	2587
3273	2623
220	2124
2124	3334
222	2125
2125	223
228	2126
2126	3480
230	2127
2127	231
2127	3488
232	2128
2128	233
2128	234
235	2129
236	2130
2130	3489
237	2131
238	2132
2132	3489
239	2133
240	3274
3274	244
3274	248
3274	253
3274	324
3274	325
3274	577
3274	714
3274	728
3274	731
3274	738
3274	748
3274	751
3274	755
3274	756
3274	773
3274	774
3274	776
3274	777
3274	789
3274	791
3274	796
3274	893
3274	911
3274	917
3274	935
3274	939
3274	951
3274	952
3274	964
3274	975
3274	2134
3274	2135
3274	2137
3274	2139
3274	2143
3274	3154
3274	2173
3274	2176
3274	2307
3274	2318
3274	3169
3274	2412
3274	2416
3274	2422
3274	2420
3274	2424
3274	2430
3274	2435
3274	2439
3274	2514
241	2134
2134	243
242	2135
244	2136
245	2137
2137	246
247	2138
2138	248
2138	652
249	2139
2139	250
2139	255
251	2140
2140	252
2140	253
2140	3463
256	2141
2141	3281
257	2142
2142	270
2142	293
2142	3490
258	2143
2143	307
259	2144
260	2145
260	3275
2145	261
2145	262
2145	263
2145	264
2145	265
2145	266
2145	267
2145	268
2145	269
2145	3275
3275	261
3275	262
3275	263
3275	264
3275	265
3275	266
3275	267
3275	268
3275	269
3275	399
3275	400
3275	401
3275	402
3275	403
3275	404
3275	405
3275	406
3275	407
3275	408
3275	471
3275	483
3275	3152
3275	2169
3275	2209
3275	2212
271	2146
2146	272
2146	460
2146	3281
272	3276
273	2147
2147	274
2147	275
2147	276
2147	277
2147	278
2147	279
280	2148
2148	281
2148	3280
282	2149
2149	3281
283	2150
283	3277
2150	284
2150	285
2150	286
2150	304
3277	331
287	2151
2151	288
289	2152
291	2153
292	2154
2154	3281
293	3278
294	2155
2155	3320
295	2156
2156	296
296	3279
3279	373
3279	414
3279	428
297	2157
298	2158
2158	300
299	2159
2159	301
2159	3281
302	2160
2160	303
305	2161
306	2162
2162	3280
308	2163
2163	309
309	3280
3280	313
3280	2164
310	2164
2164	311
2164	313
2164	314
2164	315
2164	325
312	2165
315	3281
3281	327
3281	365
3281	409
3281	423
3281	439
3281	447
3281	448
3281	496
3281	500
3281	519
3281	534
3281	543
3281	556
3281	557
3281	612
3281	619
3281	637
3281	685
3281	686
3281	749
3281	750
3281	782
3281	792
3281	864
3281	874
3281	878
3281	879
3281	885
3281	890
3281	895
3281	896
3281	923
3281	924
3281	925
3281	926
3281	927
3281	933
3281	934
3281	949
3281	1026
3281	1075
3281	1077
3281	1078
3281	1079
3281	1115
3281	1136
3281	1139
3281	1160
3281	1164
3281	1166
3281	1175
3281	1194
3281	1195
3281	1196
3281	1226
3281	1274
3281	1318
3281	1322
3281	1349
3281	1369
3281	1370
3281	1371
3281	1421
3281	1422
3281	1423
3281	1444
3281	1450
3281	1464
3281	1488
3281	1497
3281	1499
3281	1515
3281	1540
3281	1554
3281	1557
3281	1560
3281	1582
3281	1584
3281	1593
3281	1647
3281	1648
3281	1671
3281	1712
3281	1713
3281	1787
3281	1800
3281	1801
3281	1832
3281	1833
3281	1835
3281	1838
3281	1841
3281	1871
3281	1921
3281	1922
3281	1923
3281	2191
3281	2194
3281	2227
3281	2231
3281	2262
3281	2270
3281	2271
3281	3159
3281	2276
3281	2287
3281	2288
3281	2293
3281	2291
3281	2302
3281	2303
3281	2310
3281	2311
3281	2687
3281	3163
3281	2347
3281	2353
3281	2356
3281	2359
3281	2364
3281	3167
3281	2386
3281	2398
3281	2445
3281	2446
3281	2499
3281	2500
3281	2513
3281	2527
3281	2592
3281	2624
3281	2655
3281	2686
3281	2702
3281	2723
3281	2722
3281	2755
3281	2780
3281	2802
3281	2825
3281	2852
3281	2854
3281	2857
3281	2867
3281	2876
3281	2873
3281	2913
3281	2931
3281	2952
3281	3016
3281	3223
3281	3069
316	2166
317	2167
318	2168
2168	319
2168	3320
320	2169
2169	339
321	2170
2170	3491
322	2171
322	3282
2171	323
2171	324
326	2172
2172	327
328	2173
2173	329
2173	336
330	2174
2174	331
2174	3492
332	2175
2175	3491
333	2176
334	2177
2177	3311
335	2178
336	3283
3283	721
3283	829
3283	1045
3283	2738
337	2179
2179	3493
338	2180
2180	1149
340	2181
2181	3491
341	2182
2182	409
2182	1052
342	2183
2183	344
343	2184
345	2185
345	3284
2185	346
2185	347
2185	348
2185	349
2185	350
2185	351
2185	352
2185	353
2185	354
2185	3284
3284	346
3284	347
3284	348
3284	349
3284	350
3284	351
3284	352
3284	353
3284	354
3284	494
3284	529
3284	532
3284	1668
3284	1989
355	2186
2186	356
357	2187
2187	3494
358	2188
359	2189
360	2190
2190	361
2190	3495
362	2191
2191	363
363	3285
3285	368
3285	937
3285	938
3285	1081
3285	1082
3285	2253
3285	2281
3285	2332
364	2192
2192	365
366	2193
2193	367
2193	3491
368	2194
2194	369
2194	370
371	2195
2195	372
2195	3318
373	2196
2196	3491
374	2197
2197	375
2197	3491
376	2198
2198	378
2198	383
2198	3496
377	2199
2199	3497
379	2200
379	3286
2200	1147
3286	383
3286	388
3286	389
3286	390
3286	392
3286	394
3286	396
3286	432
3286	499
3286	506
3286	588
3286	593
3286	630
3286	635
3286	640
3286	642
3286	648
3286	649
3286	680
3286	2327
3286	2419
380	2201
2201	381
2201	3491
382	2202
2202	3491
384	2203
2203	3491
385	2204
2204	386
2204	387
2204	3491
388	2205
2205	3491
389	2206
2206	390
2206	3491
391	2207
2207	392
2207	394
2207	3491
393	2208
2208	784
395	2209
396	2210
2210	397
398	2211
2211	3498
399	2212
2212	400
2212	401
2212	402
2212	403
2212	404
2212	405
2212	406
2212	407
2212	408
410	2213
2213	411
2213	3499
412	2214
2214	3500
413	2215
413	3287
2215	3290
414	2216
2216	3290
415	2217
2217	418
2217	425
2217	3501
416	2218
2218	3290
417	2219
2219	3290
419	2220
2220	3290
420	2221
2221	3294
421	2222
2222	423
422	2223
2223	3290
424	2224
2224	3290
425	3288
426	2225
2225	3502
427	2226
2226	3290
428	2227
429	2228
2228	3290
430	2229
2229	3290
431	2230
2230	3290
432	2231
2231	433
434	2232
2232	3290
435	2233
2233	3290
436	2234
2234	534
2234	3290
437	2235
2235	3290
438	2236
2236	439
2236	3290
440	2237
2237	442
2237	3503
441	2238
2238	3290
443	2239
2239	3290
444	2240
444	3289
2240	445
2240	446
2240	447
2240	453
2240	454
3289	2247
445	3290
3290	449
3290	451
3290	488
3290	490
3290	501
3290	527
3290	541
3290	546
3290	629
3290	2242
3290	2244
3290	2254
3290	2256
3290	2255
3290	2257
3290	2258
3290	2266
3290	2268
3290	2269
3290	2273
3290	2274
3290	2275
3290	2277
3290	2418
3290	2294
3290	2355
3290	2376
448	2241
2241	449
2241	450
2241	3502
452	2242
455	2243
455	3291
3291	2250
456	2244
457	2245
2245	458
2245	459
460	3292
461	2246
2246	3504
462	2247
463	2248
2248	3502
464	2249
2249	3320
465	2250
466	2251
2251	467
2251	3505
468	2252
2252	470
2252	472
2252	3505
469	2253
2253	471
473	2254
474	2255
474	3293
475	2256
476	2257
2257	477
477	3294
3294	479
3294	491
3294	504
3294	508
3294	509
3294	510
3294	511
3294	535
3294	540
3294	551
3294	2261
3294	2278
3294	2279
3294	2283
478	2258
2258	485
479	2259
2259	1409
480	2260
2260	3506
481	2261
2261	482
483	2262
484	2263
2263	511
2263	3507
486	2264
2264	3508
487	2265
487	3295
2265	513
3295	514
3295	626
488	2266
2266	489
490	2267
2267	510
491	2268
2268	492
493	2269
494	2270
495	2271
496	2272
2272	497
498	2273
2273	499
500	2274
2274	501
2274	503
2274	504
2274	506
2274	535
502	2275
505	2276
2276	509
507	2277
2277	508
512	2278
515	2279
2279	518
2279	519
2279	522
516	2280
2280	517
520	2281
521	2282
2282	525
523	2283
524	2284
2284	3507
526	2285
2285	527
2285	529
528	2286
2286	3509
530	2287
531	2288
532	2289
2289	3491
533	2290
2290	3491
536	2291
537	2292
2292	538
2292	539
540	2293
2293	638
2293	639
541	2294
542	2295
2295	3320
543	2296
2296	546
544	2297
2297	3400
545	2298
2298	551
547	2299
2299	3510
548	2300
549	2301
2301	3312
550	2302
550	3296
552	2303
553	2304
553	3297
2304	554
555	2305
2305	556
557	2306
2306	558
2306	559
2306	560
2306	561
559	3298
562	2307
562	3299
2307	563
3299	717
3299	1092
3299	3162
3299	2402
3299	2554
564	2308
2308	3316
565	2309
2309	3316
566	2310
2310	567
2310	705
2310	1252
568	2311
569	2312
569	3300
2312	570
2312	3300
3300	596
3300	636
3300	679
3300	727
3300	849
3300	2326
3300	2358
3300	2380
3300	2408
3300	2469
3300	2528
3300	3221
571	2313
2313	3511
572	2314
2314	3316
573	2315
2315	582
574	2316
2316	575
576	2317
2317	580
2317	3316
577	2318
2318	578
579	2319
581	2320
2320	3512
583	2321
2321	584
2321	3513
585	2322
2322	586
2322	588
587	2323
2323	3514
589	2324
2324	3515
590	2325
2325	3516
591	2326
2326	592
2326	593
2326	596
594	2327
594	3301
2327	595
3301	820
3301	1795
3301	1826
3301	2980
3301	3218
3301	3011
597	2328
2328	884
2328	1111
598	2329
2329	599
2329	3517
600	2330
2330	3308
601	2331
602	2332
603	2333
2333	604
2333	3339
605	2334
2334	3518
606	2335
607	2336
607	3302
3302	915
3302	916
3302	985
3302	991
3302	992
3302	993
3302	995
3302	997
3302	1001
3302	1003
3302	1011
3302	1014
3302	1025
3302	1034
3302	1036
3302	1037
3302	1040
3302	1041
3302	1042
3302	1043
3302	1048
3302	1049
3302	1104
3302	1119
3302	1120
3302	1126
3302	1128
3302	2536
3302	2538
3302	2539
3302	2540
3302	2551
3302	2553
3302	2555
3302	2561
3302	2565
3302	2570
3302	2571
3302	2578
608	2337
2337	3519
609	3303
3303	669
3303	688
3303	2339
3303	2377
610	2338
2338	3339
611	2339
612	2340
2340	617
2340	3310
613	2341
2341	3304
614	2342
2342	3520
615	2343
2343	3309
616	2344
2344	3309
618	2345
2345	3521
619	2346
2346	3310
620	2347
621	2348
2348	3309
622	2349
2349	627
2349	3309
623	2350
2350	3309
624	2351
2351	3309
625	3304
3304	2352
3304	3210
626	2352
628	2353
629	2354
2354	630
2354	633
2354	3319
631	2355
2355	635
2355	637
632	2356
634	2357
2357	640
2357	3309
636	2358
2358	646
638	3305
3305	2987
641	2359
2359	642
643	2360
2360	644
2360	3463
644	3306
645	2361
2361	647
2361	3309
646	3307
3307	650
3307	1100
3307	1466
3307	2529
3307	2937
3307	3009
3307	3014
648	2362
2362	649
2362	650
2362	3309
651	2363
651	3308
2363	653
2363	654
2363	1299
2363	3308
3308	652
3308	2387
3308	2458
3308	2466
654	3309
3309	663
3309	2367
3309	2368
3309	2372
3309	2373
3309	2374
3309	2375
655	2364
655	3310
656	2365
2365	3522
657	2366
2366	659
658	2367
660	2368
2368	663
661	2369
662	2370
2370	3400
664	2371
2371	3523
665	2372
666	2373
2373	674
2373	675
667	2374
2374	668
2374	673
669	2375
670	2376
671	2377
2377	672
2377	677
2377	680
2377	688
672	3311
3311	865
3311	972
673	3312
3312	674
676	2378
2378	3524
677	3313
3313	2388
3313	2569
3313	3182
3313	2696
678	2379
2379	3525
679	2380
681	2381
2381	3526
682	2382
2382	3527
683	2383
2383	699
2383	3525
684	2384
2384	685
2384	687
2384	781
2384	3525
686	2385
2385	841
2385	3319
687	3314
689	2386
690	2387
2387	691
691	3315
692	2388
693	2389
2389	3339
694	2390
2390	3528
695	2391
2391	3528
696	2392
2392	3529
697	2393
2393	3530
698	2394
2394	3531
699	3316
3316	711
3316	863
3316	3168
3316	2401
3316	2405
3316	2421
3316	2459
700	2395
2395	3532
701	2396
2396	3317
702	2397
2397	703
2397	3317
704	2398
706	2399
2399	3326
707	2400
2400	3317
708	2401
709	2402
2402	710
2402	714
711	2403
2403	712
2403	716
2403	3318
712	3317
3317	719
3317	723
3317	725
3317	732
3317	736
3317	739
3317	740
3317	758
3317	761
3317	762
3317	763
3317	764
3317	765
3317	766
3317	767
3317	770
3317	771
3317	783
3317	788
3317	818
3317	822
3317	823
3317	824
3317	861
3317	866
3317	871
3317	872
3317	941
3317	950
3317	957
3317	971
3317	973
3317	1210
3317	1213
3317	1214
3317	1222
3317	1229
3317	1240
3317	1241
3317	2404
3317	2423
3317	2428
3317	2429
3317	2433
3317	2434
3317	2440
3317	2479
3317	2481
3317	2482
3317	2501
3317	2519
3317	2594
3317	2530
3317	2669
3317	3186
713	2404
715	2405
717	2406
2406	3533
718	2407
2407	719
2407	3534
720	2408
2408	721
2408	725
2408	727
722	2409
2409	3323
723	2410
2410	724
2410	3326
726	2411
2411	728
2411	798
2411	3535
729	2412
2412	984
730	2413
731	2414
2414	732
2414	3536
733	2415
733	3318
2415	734
2415	735
2415	736
2415	739
2415	741
2415	3319
735	3319
3319	834
3319	839
3319	846
3319	3166
3319	2447
3319	2486
737	2416
2416	738
740	2417
2417	3537
742	2418
2418	745
743	2419
2419	744
2419	837
746	2420
747	2421
2421	748
749	2422
2422	750
2422	753
2422	757
2422	758
751	2423
752	2424
753	3320
3320	786
3320	790
3320	826
3320	2425
3320	2437
3320	2455
3320	2456
754	2425
2425	755
756	2426
757	3321
3321	785
3321	810
3321	812
3321	813
3321	816
3321	837
3321	840
3321	841
3321	842
3321	843
3321	847
3321	852
3321	860
3321	868
3321	2550
3321	2451
3321	2453
3321	2454
3321	3171
3321	2462
3321	2465
3321	2470
3321	2474
3321	2573
760	2427
760	3322
2427	767
2427	768
2427	769
2427	3538
3322	779
3322	794
3322	801
3322	2443
761	2428
2428	762
2428	763
2428	764
2428	765
2428	766
770	2429
2429	771
772	2430
2430	773
2430	774
2430	776
2430	777
775	2431
2431	778
2431	779
2431	967
2431	968
2431	3323
778	3323
780	2432
2432	3539
782	2433
2433	783
2433	1063
2433	1067
785	2434
2434	796
786	2435
2435	787
2435	788
2435	1032
787	3324
3324	2463
3324	3145
789	2436
2436	790
791	2437
792	2438
2438	793
2438	3540
794	2439
2439	795
797	2440
798	3325
799	2441
2441	3541
800	2442
2442	801
802	2443
2443	807
803	2444
804	2445
805	2446
806	2447
807	3326
3326	850
3326	929
3326	930
3326	931
3326	932
3326	943
3326	958
3326	959
3326	965
3326	966
3326	1008
3326	1206
3326	1492
3326	1622
3326	1698
3326	1802
3326	1803
3326	1818
3326	2460
3326	2467
3326	2472
3326	2516
3326	2545
3326	2552
3326	2564
3326	2557
3326	2609
3326	2661
3326	3193
3326	2737
3326	2887
3326	2920
3326	2946
3326	3214
3326	3018
3326	3088
3326	3238
808	2448
2448	810
809	3327
811	2449
2449	812
2449	820
2449	829
813	2450
814	2451
2451	815
816	2452
2452	817
2452	818
817	3328
3328	881
3328	882
3328	889
3328	910
3328	954
3328	976
3328	1020
3328	1184
3328	1217
3328	2457
3328	3170
3328	2504
819	2453
2453	839
2453	1010
821	2454
2454	822
2454	827
823	2455
2455	825
824	2456
2456	826
2456	834
828	2457
830	2458
831	2459
2459	832
2459	833
832	3329
3329	2650
835	2460
2460	836
836	3330
838	2461
840	2462
842	2463
843	2464
2464	844
2464	3542
845	2465
846	2466
847	2467
848	2468
849	2469
850	2470
2470	856
851	2471
851	3331
2471	852
2471	853
3331	963
3331	1096
3331	1140
3331	1143
3331	1144
3331	1150
3331	1197
3331	1198
3331	1199
3331	1200
3331	1424
854	2472
855	2473
857	2474
2474	868
2474	999
2474	1008
2474	1014
2474	1015
858	2475
859	2476
2476	861
2476	3543
860	2477
862	2478
863	2479
2479	864
2479	865
866	2480
2480	3332
867	2481
867	3332
869	2482
2482	870
871	2483
872	2484
2484	873
2484	3338
874	2485
2485	876
875	2486
2486	878
2486	881
877	2487
2487	3513
880	2488
882	2489
2489	896
883	2490
2490	963
885	2491
2491	893
2491	1410
2491	3351
886	2492
2492	887
2492	888
2492	889
2492	890
2492	3336
891	2493
2493	3545
892	2494
892	3333
2494	942
2494	1116
2494	1205
894	2495
2495	3546
895	2496
2496	3393
897	2497
898	2498
898	3334
2498	3547
3334	901
3334	906
899	2499
899	3335
3335	2933
900	2500
901	2501
902	2502
902	3336
3336	904
3336	1046
3336	1220
3336	1221
3336	3174
903	2503
2503	904
2503	3548
905	2504
905	3337
906	2505
907	2506
2506	3340
908	2507
2507	1247
2507	3339
909	2508
910	2509
2509	911
2509	931
2509	3455
912	2510
2510	913
2510	914
2510	915
2510	916
2510	917
2510	918
2510	919
2510	920
2510	921
2510	922
2510	923
2510	924
2510	925
2510	926
2510	927
2510	928
2510	929
2510	933
2510	934
2510	936
2510	937
2510	938
930	2511
2511	3340
932	2512
2512	3398
935	2513
2513	980
939	2514
2514	940
941	2515
2515	943
2515	3549
944	2516
945	2517
945	3338
2517	946
2517	947
2517	948
2517	949
2517	951
2517	954
2517	958
2517	972
3338	955
3338	1005
947	3339
3339	1224
3339	1809
3339	1814
3339	2521
3339	3012
950	2518
2518	3550
952	2519
2519	953
955	2520
2520	956
2520	957
2520	3340
959	2521
2521	960
2521	961
2521	962
961	3340
3340	983
3340	984
3340	999
3340	1016
3340	1027
3340	1032
3340	1033
3340	1050
3340	1053
3340	1058
3340	1091
3340	1093
3340	1106
3340	1135
3340	1228
3340	1256
3340	1265
3340	1300
3340	1303
3340	1307
3340	1384
3340	1399
3340	1413
3340	1427
3340	1437
3340	1458
3340	1476
3340	1482
3340	1501
3340	1522
3340	1529
3340	1533
3340	1602
3340	1623
3340	1633
3340	1691
3340	1719
3340	1825
3340	3176
3340	3177
3340	3178
3340	2544
3340	2559
3340	2574
3340	2584
3340	2588
3340	2606
3340	2603
3340	2663
3340	2667
3340	2673
3340	2684
3340	2782
3340	2836
962	3341
964	2522
2522	965
2522	966
967	3342
3342	968
3342	1063
3342	1064
3342	1065
3342	2525
3342	2585
3342	2657
969	2523
970	2524
2524	3398
971	2525
973	2526
2526	3551
974	2527
975	2528
976	2529
977	2530
978	2531
2531	3552
981	2532
2532	3552
982	2533
983	2534
2534	3344
985	2535
986	2536
986	3343
3343	996
3343	2930
987	2537
988	2538
2538	990
989	2539
2539	1040
991	2540
2540	992
2540	993
2540	995
994	3344
3344	2560
3344	2929
996	2541
2541	1235
2541	1824
2541	3552
997	2542
2542	3551
998	2543
2543	3370
1000	2544
1001	2545
2545	1002
2545	1007
1002	3345
1003	2546
2546	3549
1004	2547
2547	1005
1006	2548
2548	3553
1007	3346
3346	3181
1009	2549
1011	2550
1012	2551
1013	2552
1015	3347
1016	2553
1017	2554
1018	2555
2555	1019
1020	2556
2556	1022
1021	2557
1023	2558
2558	1024
2558	1026
2558	1027
2558	1030
2558	1039
2558	1055
2558	1056
2558	1089
2558	1099
2558	1109
1024	3348
1025	2559
1028	2560
1029	2561
1031	2562
1033	2563
2563	1035
2563	3463
1034	2564
1036	2565
1037	2566
2566	1064
1038	2567
2567	3554
1041	2568
2568	3555
1042	2569
2569	1045
1043	2570
1044	2571
1046	2572
1047	2573
1048	2574
1049	2575
2575	1174
2575	3556
1050	2576
2576	3544
1051	2577
1052	3349
1053	2578
2578	1148
1054	2579
2579	3557
1055	3350
3350	1056
1057	2580
1058	2581
2581	1061
2581	3392
1059	2582
2582	1073
2582	1095
2582	1105
2582	1130
2582	1157
2582	1167
2582	1183
2582	1216
2582	1238
2582	1251
2582	1272
2582	1292
2582	1312
2582	1334
2582	1342
2582	1358
2582	1379
2582	1396
2582	1414
2582	1447
2582	1489
2582	1526
2582	1548
2582	1549
2582	1571
2582	1638
2582	1639
2582	1640
2582	1669
2582	1670
2582	1690
1060	2583
1062	2584
2584	1065
2584	1145
1066	2585
1068	2586
2586	1072
1069	2587
1070	2588
1071	2589
2589	3559
1074	2590
1075	2591
2591	3558
1077	2592
2592	1078
2592	1079
2592	1081
2592	1082
1080	2593
2593	1100
1083	2594
1084	2595
2595	3560
1085	2596
1086	2597
2597	3561
1087	2598
2598	3360
1088	2599
1088	3351
1089	3352
1090	2600
1090	3353
2600	1091
2600	1092
3353	1122
3353	1131
3353	1132
3353	1174
3353	1286
3353	1289
3353	1446
3353	1717
1093	2601
2601	3562
1094	2602
1094	3354
2602	3563
3354	1242
3354	1254
3354	1255
3354	1340
3354	1362
3354	1372
3354	1428
3354	2692
3354	2805
1096	2603
1097	2604
1098	2605
2605	1214
2605	1280
1099	3355
3355	1201
1101	2606
1102	2607
1102	3356
2607	3360
3356	1138
3356	1156
3356	1178
3356	1179
3356	1232
3356	1235
3356	1270
3356	1278
3356	1284
3356	1297
3356	1309
3356	1320
3356	1325
3356	1338
3356	1347
3356	1352
3356	1354
3356	1376
3356	1398
3356	1403
3356	1404
3356	1467
3356	1469
3356	1480
3356	1523
3356	1530
3356	1590
3356	1591
3356	2618
3356	2636
3356	2637
3356	2640
3356	2670
3356	3187
3356	2683
3356	2690
3356	2703
3356	3188
3356	2709
3356	2734
3356	2786
3356	2818
3356	2821
3356	2838
3356	2864
3356	2869
3356	2871
3356	2875
3356	2877
3356	2879
1103	2608
1103	3357
2608	3360
1104	2609
1106	2610
2610	1107
2610	1108
2610	3386
1107	3358
3358	1134
3358	1177
3358	1211
3358	1212
3358	1218
3358	1269
3358	1282
3358	1287
3358	1295
3358	1321
3358	1330
3358	1331
3358	1336
3358	1528
3358	2682
1109	3359
3359	1285
1110	2611
1111	3360
3360	1392
3360	2614
3360	2619
3360	2770
1112	2612
2612	1114
2612	1118
1113	2613
1114	3361
1115	2614
1117	2615
1119	2616
2616	1123
2616	3537
1120	2617
2617	1121
2617	3564
1122	2618
1123	3362
1124	2619
1125	2620
1126	2621
2621	3565
1127	2622
1128	2623
2623	1129
1131	2624
2624	1133
2624	1136
2624	1139
2624	1143
2624	1144
1132	2625
2625	1140
1133	3363
3363	1190
3363	1191
3363	1253
3363	1316
3363	1317
3363	1359
3363	1360
3363	1366
3363	1367
3363	1417
3363	1418
3363	1419
3363	1433
3363	1504
3363	1505
3363	1506
3363	1507
3363	1508
3363	1578
3363	1579
3363	1580
3363	1581
3363	1641
3363	1642
3363	1643
3363	1644
3363	1692
3363	1693
3363	1708
3363	1709
3363	1710
3363	1711
3363	1736
3363	1737
3363	1764
3363	1765
3363	1843
1134	2626
2626	1135
2626	1137
2626	1138
2626	3566
1141	2627
1142	2628
2628	3401
1145	3364
3364	1149
3364	1153
3364	1155
3364	1171
3364	1187
3364	1188
3364	1374
3364	1410
3364	1567
3364	1700
3364	3184
3364	2631
3364	2767
3364	2958
1146	2629
2629	3567
1148	3365
1150	2630
2630	1151
2630	1153
2630	1169
1152	2631
1154	2632
1155	2633
2633	3568
1156	2634
2634	3455
1158	2635
1159	2636
1160	2637
2637	1161
2637	1162
1161	3366
1162	3367
1163	2638
2638	3569
1164	2639
1165	2640
1166	2641
2641	3570
1168	2642
1169	3368
3368	1185
3368	1258
3368	1393
3368	1807
3368	1820
3368	3185
3368	2644
3368	2645
3368	3196
3368	3003
1170	2643
2643	3510
1171	2644
1172	2645
1173	2646
1175	2647
2647	1176
2647	3571
1177	2648
2648	1178
2648	3571
1179	2649
2649	3572
1180	2650
1181	2651
1182	2652
1184	2653
2653	3369
1185	2654
2654	1188
2654	1191
2654	1200
2654	1206
1186	2655
1186	3369
2655	1187
2655	1190
2655	1194
2655	1195
2655	1196
2655	1197
2655	1198
2655	1199
3369	2656
3369	3222
1189	2656
1192	2657
1192	3370
2657	1381
2657	1386
1193	2658
2658	1201
2658	1202
2658	1203
2658	1207
2658	1223
2658	1224
2658	1243
2658	1285
2658	1353
1204	2659
1208	2660
1209	2661
1210	2662
2662	1213
1211	2663
2663	1219
1212	2664
2664	3455
1215	2665
1217	2666
2666	1218
2666	1222
1219	3371
1220	2667
1221	2668
1223	3372
1225	2669
2669	1226
2669	1232
1227	2670
1228	2671
2671	1229
2671	3573
1230	2672
1231	2673
1233	2674
2674	3432
1234	2675
1236	2676
1237	2677
1239	2678
2678	1240
2678	1242
2678	3574
1241	2679
2679	3575
1244	2680
1245	2681
2681	3433
1246	2682
1246	3373
1248	2683
1248	3374
1249	2684
1250	3375
1252	3376
1253	2685
2685	1255
2685	1263
1254	2686
2686	1257
2686	1258
2686	1262
1256	2687
1257	3377
3377	1298
3377	1302
3377	1304
3377	1319
3377	1328
3377	1346
3377	1353
3377	1434
3377	1445
3377	1459
3377	1484
3377	1502
3377	1704
3377	1716
3377	1723
3377	1726
3377	1792
3377	1811
3377	1813
3377	1815
3377	1869
3377	1870
3377	1902
3377	2013
3377	2023
3377	2697
3377	2704
3377	2715
3377	2739
3377	2792
3377	2926
3377	2942
1259	2688
2688	3576
1260	2689
2689	3577
1261	2690
1262	3378
3378	1263
3378	1361
3378	1364
3378	1368
3378	1391
3378	1406
3378	1415
3378	1420
3378	1426
3378	1460
3378	1465
3378	1495
3378	1496
3378	1498
3378	1500
3378	1514
3378	1573
3378	1575
3378	1594
3378	1598
3378	1635
3378	1645
3378	1646
3378	1650
3378	1652
3378	1666
3378	1689
3378	1720
3378	1721
3378	1728
3378	1735
3378	1738
3378	1748
3378	1757
3378	1758
3378	1805
3378	1821
3378	1845
3378	1851
3378	1874
3378	1877
3378	1880
3378	1895
3378	1918
3378	1919
3378	1957
3378	1960
3378	1965
3378	2012
3378	2017
3378	2771
3378	2774
3378	2795
3378	3207
3378	2851
3378	2903
3378	3212
3378	2955
3378	2996
1264	2691
1265	2692
2692	1611
1266	2693
2693	3578
1267	2694
2694	3579
1268	2695
1269	2696
2696	1270
1271	2697
1273	2698
2698	1274
2698	1275
2698	1276
2698	1277
2698	1279
2698	1283
2698	1291
2698	1553
1275	3379
1276	3380
3380	1301
1277	3381
3381	1281
3381	1308
3381	2700
1278	2699
2699	3580
1279	3382
1280	3383
3383	1386
3383	1411
3383	1438
3383	3198
1281	2700
2700	1282
1283	3384
1284	2701
2701	3581
1286	2702
2702	1287
1288	2703
2703	1289
1290	2704
1290	3385
3385	1351
1291	3386
1293	2705
2705	1296
2705	3582
1294	2706
2706	3455
1295	2707
2707	1297
2707	3583
1298	2708
2708	1488
1299	3387
1300	2709
2709	1301
1302	2710
2710	3584
1303	2711
2711	3455
1304	2712
2712	3586
1305	2713
2713	3585
1306	2714
1306	3388
2714	3503
3388	1313
1307	2715
2715	1308
1309	2716
1310	2717
1311	2718
1311	3389
2718	3587
3389	1756
3389	2949
3389	3217
1313	2719
2719	1340
1314	2720
2720	3588
1315	2721
2721	3390
1316	2722
2722	1317
2722	1318
2722	1322
1319	2723
2723	1323
1320	2724
2724	3589
1321	2725
2725	3590
1323	3390
1324	2726
1325	2727
2727	1327
2727	3591
1326	2728
2728	3592
1328	2729
2729	1329
2729	3593
1329	3391
3391	1462
3391	1927
3391	3191
3391	3197
3391	2890
3391	2859
3391	2899
3391	2904
1330	2730
2730	3510
1331	2731
2731	3594
1332	2732
2732	3583
1333	2733
1335	2734
1336	2735
2735	3595
1337	2736
1338	2737
1339	2738
1341	2739
1341	3392
3392	1385
1343	2740
1344	2741
1344	3393
2741	1774
2741	2024
3393	2001
1345	2742
1346	2743
2743	3596
1347	2744
2744	3598
1348	2745
2745	3597
1349	2746
2746	3596
1350	2747
2747	1351
2747	3596
1352	2748
2748	3599
1354	2749
2749	3600
1355	2750
1355	3394
2750	3601
3394	1363
1356	2751
1357	2752
2752	3596
1359	2753
2753	1360
2753	1361
2753	1362
1363	2754
2754	1374
2754	3574
1364	2755
2755	1366
2755	1367
2755	1368
2755	1369
2755	1370
2755	1371
2755	1372
1365	2756
1373	2757
1375	2758
2758	3602
1376	2759
2759	3603
1377	2760
1378	2761
1380	2762
1381	3395
3395	1812
3395	3180
1382	2763
1383	2764
2764	3604
1384	2765
2765	1388
2765	3500
1385	2766
2766	3604
1387	2767
1387	3396
1389	2768
1389	3397
2768	1390
2768	1391
2768	1392
2768	1393
2768	1394
2768	1395
2768	1400
2768	1401
1390	3398
1394	3399
3399	1967
1395	3400
1397	2769
1398	2770
1399	2771
1400	3401
1401	3402
3402	2788
1402	2772
1403	2773
2773	1405
2773	3605
1404	2774
1405	3403
3403	1430
3403	1435
3403	1452
3403	1478
3403	1510
3403	1524
3403	1608
1406	2775
2775	3606
1407	2776
2776	3607
1408	2777
1409	3404
1411	2778
2778	1412
2778	3608
1413	2779
2779	3609
1415	2780
2780	1416
2780	1417
2780	1418
2780	1419
2780	1420
2780	1421
2780	1422
2780	1423
2780	1424
2780	1425
2780	1428
1416	3405
3405	1432
3405	1453
3405	1456
3405	1474
3405	1481
3405	1483
3405	1485
3405	1491
3405	1494
3405	1503
3405	1518
3405	1519
3405	1527
3405	1532
3405	1538
3405	1539
3405	1543
3405	1546
3405	1561
3405	1565
3405	1566
3405	1572
3405	1574
3405	1588
3405	1595
3405	1597
3405	1600
3405	1606
3405	1607
3405	1609
3405	1610
3405	1614
3405	1615
3405	1619
3405	1620
3405	1621
3405	1626
3405	1628
3405	1629
3405	1632
3405	1634
3405	1637
3405	1655
3405	1659
3405	1664
3405	1673
3405	1694
3405	1743
3405	1767
3405	1797
3405	1817
3405	1831
3405	1844
3405	1857
3405	1894
3405	1899
3405	1900
3405	1909
3405	1913
3405	1928
3405	1939
3405	1943
3405	1949
3405	1951
3405	1961
3405	1964
3405	1970
3405	1972
3405	1973
3405	1974
3405	1980
3405	1982
3405	1984
3405	2007
3405	2008
3405	2014
3405	2019
3405	2025
3405	3200
3405	2853
3405	2881
3405	3078
3405	3117
1426	2781
2781	1427
1429	2782
2782	1430
2782	1438
1431	2783
1432	2784
2784	1433
1434	2785
2785	1435
2785	3482
1436	2786
2786	1437
1439	2787
1440	2788
1441	2789
2789	3604
1442	2790
1443	2791
2791	1444
2791	1445
2791	1446
2791	1450
2791	1455
1448	2792
2792	1466
1449	2793
1451	2794
1452	2795
2795	1479
1453	2796
2796	1454
2796	3610
1455	3406
1456	2797
2797	3611
1457	2798
1458	2799
2799	3417
1459	2800
2800	3612
1460	2801
1461	2802
1462	2803
2803	3613
1463	2804
1464	2805
1465	2806
2806	3614
1467	2807
2807	3615
1468	2808
2808	1469
2808	3616
1470	2809
1471	2810
2810	3617
1472	2811
1472	3407
2811	1483
2811	1509
2811	3410
1473	2812
1474	2813
2813	3614
1475	2814
2814	3618
1476	2815
2815	3455
1477	2816
2816	1478
2816	1492
2816	1493
2816	3619
1479	3408
1480	2817
2817	1481
2817	1482
2817	1603
2817	3620
1484	2818
1485	2819
2819	3409
1486	2820
2820	3414
1487	2821
1490	2822
1491	2823
1493	3409
3409	1682
3409	1683
3409	1685
3409	1697
3409	2826
1494	2824
2824	3622
1495	2825
2825	1496
2825	1497
2825	1498
2825	1499
2825	1500
2825	1504
2825	1505
2825	1506
2825	1507
2825	1508
1501	2826
2826	1502
2826	1503
1509	3410
1510	2827
2827	3623
1511	2828
1512	2829
2829	3417
1513	2830
1513	3411
2830	3624
3411	1553
3411	2839
3411	2840
3411	2841
3411	3204
1514	2831
2831	1515
2831	3583
1516	2832
1516	3412
2832	3577
1517	2833
1517	3413
2833	1520
2833	1524
2833	1527
3413	2993
1518	2834
2834	1521
2834	3414
1519	2835
2835	1522
2835	1523
2835	3414
1520	3414
3414	1686
3414	1687
3414	2939
3414	2940
1525	2836
1525	3415
1528	2837
2837	1529
2837	1530
1531	2838
1531	3416
2838	1532
3416	1550
3416	1551
3416	1552
3416	1559
3416	1681
3416	1684
3416	1722
3416	1783
3416	1791
3416	1796
3416	1896
3416	1930
3416	3105
1533	2839
1534	2840
2840	1537
1535	2841
1535	3417
3417	1940
1536	2842
1538	2843
2843	3461
1540	2844
2844	3455
1541	2845
1542	2846
2846	3620
1543	2847
2847	1545
2847	3625
1544	2848
1544	3418
2848	3418
3418	3079
1546	2849
2849	1547
2849	3626
1547	3419
3419	1775
3419	1910
3419	1988
3419	3203
3419	3058
3419	3113
1550	2850
2850	1551
2850	1599
2850	1609
2850	3425
1552	2851
1554	2852
1555	2853
1556	3420
3420	2888
3420	2898
1557	2854
1558	2855
2855	3442
1559	2856
1560	2857
1561	2858
2858	3455
1562	2859
2859	1567
1563	2860
2860	3620
1564	2861
1564	3421
2861	1566
2861	3442
3421	2862
3421	2893
3421	3216
3421	2972
1565	2862
1568	2863
1569	2864
1569	3422
3422	1585
3422	1672
3422	1677
3422	2872
1570	2865
2865	3620
1572	2866
2866	1586
1573	2867
2867	1574
2867	1575
2867	1576
2867	1578
2867	1579
2867	1580
2867	1581
2867	1584
1576	3423
3423	1586
3423	1636
3423	1699
3423	1740
3423	1763
3423	1780
3423	1790
3423	1808
3423	1819
3423	1834
3423	1852
3423	1864
3423	1887
3423	1914
3423	1916
3423	1948
3423	2901
3423	2943
3423	3215
3423	2965
3423	2981
3423	3001
3423	3029
3423	3041
3423	3059
3423	3063
3423	3076
3423	3233
1577	2868
2868	3542
1582	2869
2869	1583
1585	2870
2870	3442
1587	2871
1588	2872
2872	1591
1589	2873
1589	3424
1590	2874
2874	3442
1592	2875
1593	2876
1594	2877
1595	2878
2878	3442
1596	2879
1597	2880
2880	3620
1598	2881
1599	3425
3425	2886
3425	3211
1600	2882
2882	3455
1601	2883
2883	1602
2883	3627
1603	3426
1604	2884
1605	2885
1606	2886
1607	2887
2887	1608
1610	2888
1612	2889
1613	2890
1614	2891
2891	3628
1615	2892
2892	3629
1616	2893
1617	2894
1618	2895
2895	3630
1619	2896
2896	3631
1620	2897
2897	3572
1621	2898
1622	2899
1623	2900
2900	3632
1624	2901
1625	2902
2902	3633
1626	2903
1627	2904
1628	2905
2905	3634
1629	2906
2906	3635
1630	2907
2907	3620
1631	2908
2908	3620
1632	2909
2909	3620
1633	2910
2910	3620
1634	2911
2911	3636
1635	2912
2912	3637
1636	2913
2913	1637
2913	1641
2913	1642
2913	1643
2913	1644
2913	1647
2913	1648
1645	2914
1646	2915
2915	3638
1649	2916
1650	2917
2917	3442
1651	2918
2918	3639
1652	2919
2919	3639
1653	2920
1654	2921
1655	2922
2922	3455
1656	2923
1657	2924
1658	2925
1659	2926
1660	2927
2927	3640
1661	2928
2928	1662
2928	1663
2928	1664
2928	1683
2928	1686
2928	1687
2928	1700
2928	1733
1662	3427
3427	1804
3427	1822
1665	2929
1665	3428
2929	1666
2929	1667
3428	1678
3428	1938
3428	2024
3428	3055
3428	3067
3428	3068
1667	3429
1668	2930
1671	2931
1672	2932
2932	3641
1673	2933
2933	1674
1675	2934
1676	2935
2935	3642
1677	2936
2936	1682
2936	3643
1678	2937
1679	2938
2938	1680
2938	1698
2938	1755
2938	1812
2938	1967
2938	2026
1680	3430
1681	2939
2939	1926
1684	2940
1685	2941
2941	3455
1688	2942
1689	2943
2943	1692
2943	1693
1691	2944
2944	3644
1694	2945
2945	1696
2945	3644
1695	2946
1697	2947
2947	3455
1699	2948
2948	3645
1701	2949
1702	2950
1703	2951
2951	1704
2951	1705
2951	1706
2951	1707
2951	1717
2951	1718
2951	1722
2951	1723
2951	1782
1707	3431
1708	2952
2952	1709
2952	1710
2952	1711
2952	1712
2952	1713
2952	1720
2952	1721
1714	2953
1714	3432
3432	1715
3432	1868
3432	3032
3432	3100
3432	3236
3432	3144
1715	2954
1716	2955
1718	3433
3433	1753
1719	2956
2956	3646
1724	2957
2957	1732
2957	1734
2957	1746
2957	1750
2957	1772
2957	1773
2957	1778
2957	1827
2957	1828
2957	1849
2957	1858
1725	2958
1726	2959
2959	3621
1727	2960
1728	2961
2961	3647
1729	2962
1729	3434
2962	3434
3434	3103
1730	2963
1731	2964
1733	3435
1735	2965
2965	1736
2965	1737
1738	2966
2966	1739
2966	3645
1740	2967
2967	3635
1741	2968
1742	2969
2969	3648
1743	2970
2970	3649
1744	2971
2971	3436
1745	2972
1747	2973
1747	3436
2973	3455
3436	1749
3436	1754
3436	1766
1748	2974
2974	3650
1749	2975
2975	3455
1751	2976
2976	3440
1752	2977
2977	3651
1753	2978
2978	3439
1754	2979
2979	3652
1755	3437
1756	2980
1757	2981
2981	1758
2981	1764
2981	1765
1759	2982
2982	3653
1760	2983
1761	2984
2984	3649
1762	2985
1762	3438
2985	1763
2985	3438
1766	2986
2986	3654
1767	2987
1768	2988
2988	3656
1769	2989
1770	2990
2990	3655
1771	2991
1774	3439
3439	2994
3439	3057
3439	3226
3439	3065
1775	2992
2992	1776
2992	3657
1777	2993
1779	2994
1780	2995
2995	3440
1781	2996
1781	3440
3440	1861
3440	1898
3440	1920
3440	1931
3440	1946
3440	1975
3440	1976
3440	1977
3440	1995
3440	2016
3440	3007
3440	3085
3440	3089
1782	3441
1783	2997
2997	3658
1784	2998
1785	2999
2999	3652
1786	3000
3000	1787
3000	1788
3000	1789
3000	1790
3000	1791
3000	1792
3000	1793
3000	1794
3000	1795
3000	1796
3000	1799
3000	1800
1797	3001
3001	1829
1798	3002
3002	3636
1799	3442
3442	1823
3442	1917
3442	3023
3442	3048
3442	3051
3442	3073
3442	3229
3442	3234
1801	3003
1802	3004
3004	3659
1803	3005
3005	1804
3005	1805
3005	1807
3005	1808
3005	1809
3005	1811
1806	3006
3006	3660
1810	3007
1813	3008
3008	3661
1814	3009
3009	1815
3009	1816
3009	1817
3009	1818
3009	1819
3009	1820
3009	1821
3009	1822
3009	1823
1824	3443
1825	3010
3010	3636
1826	3011
1830	3012
1831	3013
3013	3609
1832	3014
3014	1833
3014	1834
3014	1835
3014	1836
3014	1837
3014	1838
3014	1839
3014	1840
3014	1841
3014	1847
1842	3015
1843	3016
1844	3017
3017	3662
1845	3018
1846	3019
1847	3444
3444	3205
3444	3206
1848	3020
1850	3021
1851	3022
3022	3663
1852	3023
1853	3024
3024	1856
1854	3025
1855	3026
3026	3622
1856	3445
1857	3027
3027	3447
1859	3028
3028	1861
3028	3664
1860	3029
1860	3446
3029	1862
3029	1863
3029	1864
3029	1865
1862	3447
1863	3448
3448	1884
3448	1912
1865	3449
3449	3086
1866	3030
1867	3031
3031	3455
1868	3032
3032	1869
3032	1870
3032	1871
1872	3033
1873	3034
3034	1881
3034	1882
3034	1892
3034	1901
3034	1915
3034	1933
3034	1934
3034	1935
3034	1952
3034	1953
3034	1954
1874	3035
3035	3455
1875	3036
1876	3037
1877	3038
3038	3585
1878	3039
1878	3450
3039	3665
3450	1903
3450	1908
3450	1929
3450	1968
3450	1969
3450	3098
1879	3040
3040	3666
1880	3041
3041	1883
3041	1884
1885	3042
3042	3667
1886	3043
1886	3451
1887	3044
3044	3645
1888	3045
3045	3668
1889	3046
3046	3640
1890	3047
3047	3661
1891	3048
1893	3049
3049	3670
1894	3050
3050	3669
1895	3051
1896	3052
3052	3670
1897	3053
3053	1989
3053	3671
1898	3054
3054	1899
3054	3672
1900	3055
1902	3056
3056	3673
1903	3057
1904	3058
3058	1910
1905	3059
3059	1906
1906	3452
3452	3060
3452	3227
3452	3061
3452	3062
3452	3064
1907	3060
3060	1908
3060	1917
1909	3061
1911	3062
3062	1932
1912	3063
3063	1916
1913	3064
1914	3065
1918	3066
3066	3463
1919	3067
1920	3068
1921	3069
3069	1922
3069	1923
3069	1927
1924	3070
1925	3071
1926	3453
1928	3072
3072	3455
1929	3073
1930	3074
3074	3674
1931	3075
1932	3454
1936	3076
1937	3077
3077	3455
1938	3078
3078	1939
1941	3079
1942	3080
1943	3081
3081	3461
1944	3082
3082	3621
1945	3083
3083	3459
1946	3084
3084	3675
1947	3085
3085	1949
3085	1950
1948	3086
1950	3455
3455	1958
3455	1991
3455	3183
3455	3219
3455	3230
3455	3107
3455	3136
1951	3087
3087	3676
1955	3088
1956	3089
1957	3090
3090	3678
1958	3091
3091	3677
1959	3092
1960	3093
1961	3094
3094	1963
3094	3510
1962	3095
3095	1978
3095	1979
1964	3096
3096	1965
3096	3542
1966	3097
3097	3530
1968	3098
3098	1969
1970	3099
3099	3678
1971	3100
1971	3456
1972	3101
3101	3678
1973	3102
3102	3542
1974	3103
1975	3104
3104	3679
1976	3105
1977	3106
3106	3680
1980	3107
3107	1981
1982	3108
3108	3681
1983	3109
1984	3110
3110	3682
1985	3111
3111	3683
1986	3112
1986	3457
3112	1987
3112	3457
1988	3113
1990	3114
1990	3458
3114	1991
3114	3612
3458	1998
3458	2000
3458	2003
3458	2004
3458	3232
1992	3115
1992	3459
3115	3542
1993	3116
3116	3684
1994	3117
1995	3118
3118	3685
1996	3119
3119	3687
1997	3120
3120	3688
1998	3121
3121	3689
1999	3122
3122	3690
2000	3123
3123	3691
2001	3124
3124	3692
2002	3125
2002	3460
3125	2005
3125	3686
2003	3126
3126	3670
2004	3127
3127	3693
2005	3461
3461	3128
3461	3131
2006	3128
2007	3129
3129	3612
2008	3130
3130	3694
2009	3131
2009	3462
2010	3132
3132	3689
2011	3133
3133	3695
2012	3134
3134	3678
2013	3135
3135	3678
2014	3136
3136	2015
2015	3463
2016	3137
3137	3696
2017	3138
3138	3697
2018	3139
2019	3140
3140	3544
2020	3141
3141	3698
2021	3142
3142	3645
2022	3143
3143	3699
2023	3144
2025	3145
2026	3464
3480	3161
3509	3160
3520	3192
3544	3172
3545	3220
3583	3195
3583	3199
3585	3190
3600	3194
3605	3209
3617	3208
3635	3224
3654	3235
3657	3228
3678	3237
