0	2854
0	4807
2854	22
2854	222
4807	3
4807	50
4807	53
4807	67
4807	69
4807	71
4807	72
4807	82
4807	83
4807	93
4807	97
4807	115
4807	116
4807	181
4807	197
4807	229
4807	371
4807	979
4807	1084
4807	1085
4807	1184
4807	1209
4807	1286
4807	1339
4807	1376
4807	1793
4807	4806
1	2855
1	4808
2855	2
2855	4
2855	5
2855	8
2855	39
2855	606
4808	4806
2	4809
3	2856
2856	48
2856	135
4	4810
4810	1114
4810	2299
4810	2314
4810	2786
4810	4806
5	4811
4811	13
4811	16
4811	31
4811	136
4811	143
4811	186
4811	756
4811	757
4811	782
4811	806
4811	950
4811	1188
4811	1241
4811	1242
4811	1954
4811	2048
4811	2118
4811	4806
6	2857
6	4812
2857	163
2857	589
4812	20
4812	30
7	2858
7	4813
2858	18
2858	1194
4813	150
4813	549
4813	814
4813	4806
8	4814
9	2859
9	4815
2859	10
10	4816
4816	63
4816	80
4816	232
4816	876
4816	877
4816	915
4816	1073
4816	1160
4816	2227
4816	4806
11	2860
11	4817
4817	4806
12	2861
12	4818
2861	31
2861	79
4818	18
4818	22
13	2862
2862	15
2862	21
2862	36
2862	408
2862	512
2862	1058
14	2863
14	4819
4819	46
4819	48
4819	49
4819	147
4819	154
4819	155
4819	156
4819	162
4819	163
4819	164
4819	168
4819	182
4819	187
4819	191
4819	219
4819	241
4819	4806
15	4820
4820	55
4820	70
4820	157
4820	174
4820	189
4820	221
4820	283
4820	291
4820	602
4820	764
4820	4806
16	2864
2864	17
17	4821
4821	54
4821	66
4821	173
4821	4806
19	2865
19	4822
2865	20
4822	47
4822	141
4822	4806
21	4823
4823	332
4823	333
4823	356
4823	357
4823	360
4823	4806
23	2866
23	4824
2866	26
4824	24
4824	152
4824	551
4824	911
4824	4806
24	2867
2867	30
25	2868
25	4825
2868	132
4825	27
4825	34
4825	35
4825	51
4825	57
4825	73
4825	89
4825	101
4825	102
4825	107
4825	111
4825	113
4825	123
4825	125
4825	138
4825	151
4825	184
4825	188
4825	206
4825	212
4825	249
4825	320
4825	565
4825	673
4825	4806
26	4826
27	2869
2869	28
28	4827
4827	172
29	2870
29	4828
2870	49
2870	60
4828	52
4828	76
4828	87
4828	88
4828	95
4828	99
4828	140
4828	423
4828	561
4828	577
4828	4806
32	2871
32	4829
4829	4806
33	2872
33	4830
2872	37
4830	269
4830	576
4830	4806
34	2873
2873	38
35	2874
36	4831
4831	59
4831	60
4831	61
4831	74
4831	179
4831	443
4831	4806
37	4832
38	4833
39	4834
4834	85
4834	86
4834	4806
40	2875
40	4835
4835	4806
41	2876
41	4836
2876	62
4836	131
4836	4806
42	2877
42	4837
2877	45
2877	231
4837	43
4837	44
4837	570
4837	738
4837	1095
4837	4806
43	2878
2878	267
2878	288
44	2879
2879	47
45	4838
4838	122
4838	292
4838	1355
4838	4806
46	2880
50	2881
2881	52
2881	55
2881	162
51	2882
2882	80
53	2883
2883	54
2883	70
2883	582
2883	1071
56	2884
56	4839
2884	57
2884	58
2884	812
2884	815
2884	824
4839	105
4839	161
4839	200
4839	270
4839	280
4839	820
4839	1032
4839	1477
4839	4806
58	4840
4840	81
4840	84
4840	92
4840	135
4840	146
4840	176
4840	196
4840	202
4840	271
4840	277
4840	372
4840	425
4840	431
4840	471
4840	481
4840	502
4840	513
4840	525
4840	530
4840	580
4840	594
4840	653
4840	678
4840	929
4840	1098
4840	1225
4840	1246
4840	1263
4840	1276
4840	1293
4840	1331
4840	1338
4840	1435
4840	1444
4840	1518
4840	1594
4840	1598
4840	1611
4840	1614
4840	1619
4840	1643
4840	1657
4840	1672
4840	1677
4840	1683
4840	1763
4840	2358
4840	2426
4840	2429
4840	2430
4840	4806
59	2885
61	2886
2886	1964
62	4841
4841	256
4841	257
4841	314
4841	482
4841	493
4841	1381
4841	4806
63	2887
64	2888
64	4842
2888	65
4842	68
4842	130
4842	4806
65	4843
4843	148
4843	4806
66	2889
2889	2373
67	2890
2890	68
2890	148
2890	214
2890	235
69	2891
2891	1186
2891	1381
71	2892
2892	73
2892	120
72	2893
74	2894
75	2895
75	4844
2895	76
4844	170
4844	171
4844	4806
77	2896
77	4845
2896	368
4845	98
4845	100
4845	108
4845	109
4845	121
4845	124
4845	126
4845	144
4845	158
4845	169
4845	175
4845	183
4845	190
4845	207
4845	276
4845	287
4845	289
4845	290
4845	307
4845	325
4845	354
4845	363
4845	364
4845	445
4845	542
4845	601
4845	629
4845	632
4845	651
4845	810
4845	811
4845	881
4845	920
4845	1019
4845	1183
4845	1371
4845	1970
4845	2009
4845	2248
4845	4806
78	2897
78	4846
4846	4806
79	4847
4847	103
4847	133
4847	198
4847	240
4847	288
4847	295
4847	312
4847	313
4847	318
4847	334
4847	344
4847	349
4847	422
4847	432
4847	435
4847	447
4847	451
4847	461
4847	463
4847	464
4847	467
4847	488
4847	489
4847	541
4847	642
4847	711
4847	829
4847	853
4847	896
4847	1256
4847	1266
4847	1357
4847	1600
4847	1604
4847	1645
4847	1666
4847	1680
4847	1686
4847	1705
4847	2727
4847	2728
4847	4806
81	2898
2898	82
83	2899
2899	86
2899	89
2899	90
2899	376
2899	379
2899	401
2899	402
2899	403
2899	516
2899	522
2899	675
2899	1126
2899	1136
2899	2210
84	2900
2900	88
85	2901
2901	87
2901	94
90	4848
91	2902
91	4849
2902	157
4849	4806
92	2903
93	2904
94	4850
4850	214
4850	1380
4850	4806
95	2905
2905	96
2905	117
96	4851
4851	852
4851	870
4851	909
4851	965
4851	1221
4851	1283
4851	1321
4851	1382
4851	1498
4851	1546
4851	1547
4851	1557
4851	1561
4851	1572
4851	1576
4851	1577
4851	1581
4851	1610
4851	1616
4851	1658
4851	1659
4851	1660
4851	1675
4851	4806
97	2906
98	2907
2907	102
99	2908
2908	204
2908	246
2908	247
100	2909
2909	101
2909	103
104	2910
104	4852
4852	110
4852	114
4852	120
4852	159
4852	165
4852	166
4852	167
4852	185
4852	193
4852	203
4852	204
4852	216
4852	224
4852	245
4852	297
4852	483
4852	4806
105	2911
2911	106
106	4853
4853	4806
107	2912
108	2913
109	2914
110	2915
2915	149
2915	156
111	2916
2916	116
112	2917
112	4854
2917	113
2917	114
2917	115
2917	155
2917	161
4854	119
4854	149
4854	630
4854	4806
117	4855
4855	4806
118	2918
118	4856
2918	119
2918	134
4856	299
4856	4806
121	2919
122	2920
2920	127
2920	2235
123	2921
2921	124
2921	129
2921	131
125	2922
126	2923
127	4857
128	2924
128	4858
2924	236
4858	129
4858	407
130	2925
2925	133
132	4859
4859	225
134	4860
4860	153
4860	668
4860	671
4860	674
4860	675
4860	684
4860	688
4860	1898
4860	2233
4860	2234
4860	4806
136	2926
137	2927
137	4861
4861	416
4861	518
4861	531
4861	746
4861	4806
138	2928
139	2929
139	4862
4862	142
4862	279
4862	4806
140	2930
2930	258
141	2931
2931	168
2931	332
2931	334
142	2932
2932	145
143	2933
2933	180
144	2934
2934	1888
145	4863
4863	255
4863	504
4863	573
4863	574
4863	1872
4863	4806
146	2935
2935	644
2935	647
2935	648
147	2936
2936	2223
150	2937
2937	362
151	2938
2938	217
2938	392
152	2939
2939	154
153	2940
2940	1783
158	2941
2941	198
2941	213
2941	1083
159	2942
160	2943
160	4864
4864	341
4864	415
4864	702
4864	714
4864	4806
164	2944
2944	166
165	2945
167	2946
169	2947
2947	1007
170	2948
171	2949
172	2950
2950	819
2950	1980
173	2951
174	2952
2952	177
2952	265
175	2953
176	2954
177	4865
178	2955
178	4866
2955	210
2955	230
179	2956
180	4867
4867	192
4867	4806
181	2957
182	2958
183	2959
2959	184
2959	187
185	2960
2960	186
188	2961
2961	457
189	2962
190	2963
191	2964
192	2965
2965	194
2965	607
2965	966
2965	1441
193	2966
2966	195
194	4868
4868	195
196	2967
2967	197
199	2968
199	4869
4869	2755
200	2969
2969	201
201	4870
202	2970
2970	228
203	2971
2971	262
2971	1621
2971	1694
205	2972
205	4871
2972	209
4871	213
4871	217
4871	218
4871	238
4871	242
4871	244
4871	246
4871	250
4871	293
4871	308
4871	309
4871	311
4871	322
4871	323
4871	359
4871	373
4871	382
4871	383
4871	388
4871	397
4871	408
4871	411
4871	419
4871	894
4871	926
4871	934
4871	978
4871	990
4871	1190
4871	1191
4871	1523
4871	1949
4871	2293
4871	2294
4871	2301
4871	2364
4871	2784
4871	4806
206	2973
2973	207
2973	233
2973	234
208	2974
208	4872
2974	338
4872	1777
4872	4806
209	4873
4873	210
211	2975
211	4874
4874	274
4874	275
4874	404
4874	405
4874	484
4874	4806
212	2976
215	2977
215	4875
4875	4806
216	2978
2978	218
2978	220
219	2979
220	4876
221	2980
2980	298
222	4877
4877	223
4877	259
4877	4806
223	2981
2981	238
2981	240
2981	259
224	2982
225	2983
226	2984
226	4878
2984	682
2984	683
4878	227
4878	230
4878	231
4878	233
4878	234
4878	235
4878	237
4878	247
4878	251
4878	253
4878	254
4878	260
4878	261
4878	262
4878	266
4878	267
4878	268
4878	272
4878	281
4878	282
4878	305
4878	306
4878	315
4878	329
4878	331
4878	391
4878	526
4878	528
4878	537
4878	538
4878	539
4878	543
4878	544
4878	550
4878	554
4878	587
4878	588
4878	619
4878	641
4878	666
4878	690
4878	691
4878	713
4878	739
4878	745
4878	766
4878	768
4878	769
4878	771
4878	775
4878	779
4878	780
4878	794
4878	795
4878	801
4878	832
4878	842
4878	856
4878	861
4878	1012
4878	1018
4878	1045
4878	1046
4878	1086
4878	1102
4878	1173
4878	1258
4878	1277
4878	1346
4878	1377
4878	1696
4878	1815
4878	1816
4878	1819
4878	2025
4878	2185
4878	2204
4878	2843
4878	4806
227	2985
2985	252
2985	935
228	4879
229	2986
232	2987
236	4880
4880	2721
4880	4806
237	2988
2988	312
239	2989
239	4881
2989	2791
241	2990
242	2991
243	2992
243	4882
4882	265
4882	4806
244	2993
2993	597
2993	599
245	2994
2994	248
248	4883
249	2995
2995	495
250	2996
251	2997
2997	253
252	4884
4884	258
254	2998
255	2999
256	3000
257	3001
260	3002
261	3003
263	3004
263	4885
3004	266
4885	264
264	3005
268	3006
3006	1174
269	3007
3007	591
270	3008
271	3009
3009	272
273	3010
273	4886
4886	4806
274	3011
275	3012
276	3013
277	3014
3014	278
278	4887
4887	2000
279	3015
280	3016
281	3017
3017	282
3017	283
3017	284
284	4888
4888	1248
4888	4806
285	3018
285	4889
4889	286
4889	4806
286	3019
3019	424
287	3020
289	3021
290	3022
291	3023
3023	292
293	3024
294	3025
294	4890
4890	4806
295	3026
3026	690
296	3027
296	4891
4891	300
4891	301
4891	302
4891	303
4891	304
4891	317
4891	319
4891	883
4891	4806
297	3028
298	4892
4892	321
4892	335
4892	336
4892	346
4892	350
4892	355
4892	375
4892	390
4892	410
4892	4806
299	3029
300	3030
3030	469
3030	1013
3030	1029
3030	1864
301	3031
302	3032
303	3033
3033	305
304	3034
306	3035
307	3036
3036	308
3036	309
3036	310
3036	313
310	4893
311	3037
3037	583
314	3038
3038	315
3038	316
316	4894
317	3039
3039	324
3039	333
3039	415
318	3040
319	3041
320	3042
321	3043
322	3044
3044	323
324	4895
325	3045
3045	326
3045	327
3045	331
3045	337
326	4896
327	4897
4897	328
4897	330
4897	343
328	3046
3046	329
3046	330
3046	740
3046	2025
3046	2190
335	3047
336	3048
337	4898
4898	338
4898	339
4898	340
339	3049
340	3050
341	3051
3051	342
342	4899
343	3052
344	3053
3053	924
345	3054
345	4900
3054	346
3054	351
347	3055
347	4901
4901	4806
348	3056
348	4902
3056	956
4902	429
4902	441
4902	4806
349	3057
350	3058
351	4903
4903	438
4903	455
4903	4806
352	3059
352	4904
3059	354
3059	356
353	3060
353	4905
4905	4806
355	3061
357	3062
358	3063
358	4906
3063	359
4906	376
4906	421
4906	4806
360	3064
3064	361
361	4907
362	4908
363	3065
3065	365
364	3066
3066	366
365	4909
4909	4806
366	4910
367	3067
367	4911
4911	4806
368	4912
4912	374
369	3068
369	4913
4913	370
4913	378
4913	379
4913	380
4913	381
4913	385
4913	386
4913	406
4913	417
4913	418
4913	420
4913	424
4913	430
4913	433
4913	434
4913	437
4913	439
4913	440
4913	453
4913	456
4913	462
4913	494
4913	497
4913	498
4913	499
4913	500
4913	501
4913	507
4913	508
4913	514
4913	515
4913	611
4913	613
4913	614
4913	626
4913	634
4913	821
4913	822
4913	827
4913	834
4913	850
4913	854
4913	858
4913	860
4913	862
4913	863
4913	2111
4913	4806
370	3069
3069	874
371	3070
3070	372
373	3071
374	3072
375	3073
3073	380
377	3074
377	4914
4914	4806
378	3075
3075	383
3075	384
381	3076
382	3077
3077	396
384	4915
4915	393
4915	436
4915	450
4915	454
4915	478
4915	496
4915	505
4915	533
4915	680
4915	1039
4915	1218
4915	2010
4915	2011
4915	2020
4915	4806
385	3078
386	3079
387	3080
387	4916
4916	4806
388	3081
3081	389
3081	390
3081	391
3081	394
389	4917
4917	395
392	4918
4918	485
4918	486
4918	495
4918	532
4918	567
4918	721
393	3082
394	4919
4919	596
395	3083
3083	400
396	4920
4920	398
4920	400
4920	401
4920	402
4920	403
4920	409
4920	426
4920	428
4920	559
4920	4806
397	3084
398	3085
3085	399
3085	404
399	4921
4921	427
405	3086
406	3087
407	3088
409	3089
410	3090
3090	411
3090	412
3090	413
412	4922
413	4923
414	3091
414	4924
4924	4806
416	3092
417	3093
418	3094
419	3095
420	3096
3096	524
3096	545
421	3097
3097	422
423	3098
425	3099
426	3100
427	3101
3101	533
428	3102
429	3103
3103	430
3103	664
431	3104
432	3105
433	3106
434	3107
435	3108
436	3109
3109	447
3109	448
437	3110
3110	451
438	3111
439	3112
440	3113
3113	492
441	3114
3114	470
3114	491
3114	558
3114	2178
442	3115
442	4925
3115	449
3115	483
4925	479
4925	480
4925	491
443	3116
3116	523
444	3117
444	4926
3117	454
3117	461
445	3118
3118	490
446	3119
446	4927
3119	959
4927	1656
448	4928
4928	449
450	3120
452	3121
452	4929
3121	453
4929	4806
455	3122
3122	573
456	3123
3123	458
457	4930
458	4931
4931	459
4931	460
4931	472
4931	474
4931	546
459	3124
460	3125
462	3126
463	3127
464	3128
3128	466
465	3129
465	4932
3129	467
4932	4806
466	4933
4933	470
468	3130
468	4934
4934	469
4934	2529
4934	2714
471	3131
3131	472
473	3132
473	4935
3132	474
3132	475
3132	640
475	4936
4936	476
4936	477
4936	503
4936	506
4936	623
4936	624
4936	4806
476	3133
477	3134
478	3135
3135	484
479	3136
480	3137
3137	486
481	3138
482	3139
485	3140
487	3141
487	4937
3141	488
4937	552
489	3142
490	4938
4938	2131
4938	2178
4938	2179
4938	4806
492	4939
4939	4806
493	3143
494	3144
496	3145
3145	782
3145	950
497	3146
498	3147
499	3148
500	3149
3149	907
501	3150
502	3151
3151	504
3151	506
503	3152
505	3153
3153	509
507	3154
3154	1021
508	3155
509	4940
4940	511
4940	519
4940	527
4940	555
4940	568
4940	581
4940	628
4940	753
4940	1076
4940	1360
4940	1453
4940	1528
4940	1544
4940	1582
4940	1607
4940	1609
4940	1864
4940	1955
4940	1987
4940	2019
4940	4806
510	3156
510	4941
3156	517
3156	518
3156	521
3156	1361
3156	1798
4941	648
4941	4806
511	3157
512	4942
4942	520
4942	523
4942	548
4942	564
4942	571
4942	578
4942	605
4942	606
4942	607
4942	609
4942	610
4942	4806
513	3158
514	3159
515	3160
516	4943
4943	4806
517	4944
4944	569
4944	665
4944	669
4944	670
4944	685
4944	693
4944	2254
4944	2260
519	3161
3161	1333
520	3162
3162	788
3162	1803
521	4945
4945	522
4945	529
4945	547
4945	553
4945	575
4945	579
4945	615
4945	621
4945	622
4945	635
4945	639
4945	643
4945	646
4945	650
4945	662
4945	703
4945	718
4945	720
4945	731
4945	742
4945	748
4945	749
4945	750
4945	751
4945	755
4945	758
4945	759
4945	760
4945	761
4945	762
4945	765
4945	777
4945	778
4945	786
4945	789
4945	798
4945	1069
4945	4806
524	4946
4946	4806
525	3163
526	3164
3164	540
527	3165
528	3166
3166	671
529	3167
530	3168
531	3169
3169	532
534	3170
534	4947
3170	551
3170	569
3170	1309
4947	535
4947	545
535	3171
3171	536
536	4948
4948	637
4948	4806
537	3172
538	3173
539	3174
540	4949
4949	4806
541	3175
542	3176
543	3177
3177	544
546	3178
3178	557
547	3179
548	3180
3180	560
549	3181
3181	550
3181	572
552	3182
553	3183
3183	554
555	3184
556	3185
556	4950
3185	2179
4950	557
4950	558
4950	1533
4950	1849
4950	1850
559	3186
560	4951
4951	1410
4951	1454
4951	1485
4951	2182
561	3187
562	3188
562	4952
3188	632
3188	637
3188	641
4952	563
4952	4806
563	3189
564	3190
3190	566
3190	567
565	3191
566	4953
4953	4806
568	3192
570	3193
571	3194
3194	1024
3194	2306
572	4954
574	3195
575	3196
3196	595
576	3197
577	3198
578	3199
3199	1629
579	3200
580	3201
581	3202
582	4955
4955	583
4955	1008
584	3203
584	4956
4956	4806
585	3204
585	4957
4957	586
4957	4806
586	3205
587	3206
3206	588
3206	590
589	4958
4958	590
4958	591
4958	592
4958	598
4958	4806
592	3207
593	3208
593	4959
4959	4806
594	3209
595	4960
596	3210
597	4961
598	3211
599	4962
600	3212
600	4963
4963	4806
601	3213
602	3214
603	3215
603	4964
4964	604
604	3216
3216	652
3216	672
605	3217
3217	847
3217	866
608	3218
608	4965
4965	4806
609	3219
610	3220
611	3221
3221	617
612	3222
612	4966
3222	613
614	3223
3223	615
3223	633
616	3224
616	4967
3224	954
3224	2099
3224	2284
3224	2715
4967	617
4967	618
4967	620
4967	625
4967	631
4967	658
4967	681
4967	697
4967	737
4967	4806
618	3225
3225	928
3225	2367
619	3226
620	3227
3227	621
3227	875
622	3228
623	3229
624	3230
3230	709
625	3231
3231	628
626	3232
3232	627
3232	636
627	4968
4968	1389
4968	1578
4968	1579
4968	1585
4968	4806
629	3233
630	3234
631	3235
633	4969
634	3236
635	3237
3237	638
3237	1295
3237	1805
636	4970
638	4971
4971	4806
639	3238
640	4972
4972	655
4972	1259
4972	4806
642	3239
643	3240
644	4973
4973	676
4973	1131
4973	1253
4973	4806
645	3241
645	4974
4974	649
4974	4806
646	3242
647	4975
4975	726
4975	1655
4975	1960
4975	1990
4975	2004
4975	2027
4975	2031
4975	2051
4975	2052
4975	2211
4975	2218
4975	2219
4975	2220
4975	2221
4975	2223
4975	2224
4975	2225
4975	2249
4975	2330
4975	2343
4975	2344
4975	2346
4975	2347
4975	2349
4975	2350
4975	2351
4975	2355
4975	2356
4975	2368
4975	2370
4975	2384
4975	2391
4975	2392
4975	2393
4975	2401
4975	2416
4975	2417
4975	2454
4975	2465
4975	2468
4975	2473
4975	2496
4975	2507
4975	2525
4975	2530
4975	2749
4975	2777
4975	2794
4975	2846
4975	2847
4975	2852
4975	4806
649	3243
3243	650
651	3244
3244	653
652	4976
4976	800
654	3245
654	4977
4977	656
4977	657
4977	830
4977	1449
4977	1450
4977	1487
4977	1489
4977	1676
4977	1703
4977	1704
4977	1726
4977	1727
4977	1730
4977	1731
4977	1770
4977	1812
4977	1869
4977	1870
4977	1874
4977	1917
4977	1924
4977	2018
4977	2046
4977	2102
4977	2150
4977	2238
4977	2239
4977	2286
4977	2327
4977	2377
4977	2475
4977	2732
4977	2758
4977	2763
4977	2825
655	3246
656	3247
657	3248
3248	1327
658	3249
3249	660
3249	665
3249	676
659	3250
659	4978
3250	666
3250	667
4978	927
4978	4806
660	4979
4979	661
661	3251
662	3252
663	3253
663	4980
4980	4806
664	4981
4981	1465
4981	1467
4981	1472
4981	1473
4981	4806
667	4982
4982	4806
668	3254
669	3255
670	3256
672	4983
673	3257
674	3258
3258	681
677	3259
677	4984
4984	694
4984	4806
678	3260
679	3261
679	4985
3261	680
4985	696
4985	729
4985	826
4985	981
4985	999
4985	2032
4985	4806
682	4986
4986	683
4986	686
4986	707
4986	4806
684	3262
3262	699
3262	706
685	3263
686	3264
687	3265
687	4987
4987	4806
688	3266
689	3267
689	4988
3267	692
691	3268
692	4989
4989	4806
693	3269
694	3270
695	3271
695	4990
3271	707
4990	880
696	3272
3272	710
697	3273
3273	700
698	3274
698	4991
4991	728
4991	733
4991	734
699	4992
700	4993
4993	701
4993	704
4993	705
4993	706
4993	708
4993	709
4993	710
4993	712
4993	715
4993	716
4993	717
4993	722
4993	723
4993	724
4993	725
4993	1121
4993	1122
4993	1123
4993	1124
4993	1138
4993	1139
4993	1140
4993	1141
4993	1143
4993	1144
4993	1145
4993	1159
4993	1161
4993	1164
4993	2175
4993	2177
4993	2186
701	3275
702	3276
3276	711
703	3277
3277	704
705	3278
708	3279
712	3280
713	3281
714	3282
3282	721
715	3283
716	3284
3284	738
717	3285
3285	718
719	3286
719	4994
4994	4806
720	3287
722	3288
723	3289
724	3290
725	3291
3291	809
726	3292
3292	775
727	3293
727	4995
4995	4806
728	3294
3294	729
730	3295
730	4996
4996	781
4996	1081
4996	1399
4996	4806
731	3296
3296	732
732	4997
4997	735
4997	736
733	3297
734	3298
735	3299
736	3300
737	3301
739	3302
3302	1573
740	4998
4998	741
4998	763
4998	797
4998	1497
4998	4806
741	3303
742	3304
3304	754
3304	2139
743	3305
743	4999
3305	1175
3305	1887
4999	1305
744	3306
744	5000
3306	1230
5000	4806
745	3307
3307	748
746	3308
3308	1112
747	3309
747	5001
3309	852
749	3310
750	3311
3311	752
3311	2826
751	3312
752	5002
5002	4806
753	3313
754	5003
5003	4806
755	3314
3314	756
3314	757
3314	772
3314	806
3314	1188
3314	1213
758	3315
3315	759
760	3316
3316	761
3316	764
762	3317
3317	763
765	3318
766	3319
767	3320
767	5004
5004	772
5004	4806
768	3321
769	3322
770	3323
770	5005
5005	773
5005	776
771	3324
773	3325
3325	781
774	3326
774	5006
5006	1024
5006	1038
5006	4806
776	3327
777	3328
3328	1781
778	3329
779	3330
3330	780
3330	1202
783	3331
783	5007
3331	808
784	3332
784	5008
5008	4806
785	3333
785	5009
5009	4806
786	3334
787	3335
787	5010
3335	789
788	5011
5011	804
5011	1803
5011	2154
5011	4806
790	3336
790	5012
3336	799
5012	791
5012	792
5012	859
5012	864
5012	868
5012	871
5012	884
5012	888
791	3337
792	3338
793	3339
793	5013
3339	794
795	3340
796	3341
796	5014
5014	4806
797	3342
798	3343
3343	805
799	5015
5015	4806
800	3344
3344	801
802	3345
802	5016
5016	4806
803	3346
803	5017
3346	829
804	3347
805	5018
5018	1172
5018	1178
5018	1179
5018	1193
5018	1265
5018	1317
807	3348
807	5019
3348	831
808	5020
5020	815
5020	816
5020	823
5020	835
5020	1203
5020	1456
5020	1463
5020	4806
809	5021
810	3349
3349	811
3349	813
3349	814
3349	818
812	5022
813	5023
816	3350
817	3351
817	5024
5024	4806
818	5025
5025	819
820	3352
3352	821
822	3353
3353	823
824	5026
825	3354
825	5027
5027	828
5027	4806
826	3355
827	3356
828	3357
830	3358
831	5028
5028	4806
832	3359
833	3360
833	5029
3360	835
5029	4806
834	3361
3361	837
3361	838
836	3362
836	5030
3362	1356
3362	1357
5030	837
5030	1233
5030	1648
838	5031
5031	839
5031	840
5031	841
5031	845
5031	848
839	3363
840	3364
841	3365
3365	844
842	3366
843	3367
843	5032
5032	846
5032	847
844	5033
5033	849
5033	851
5033	882
5033	935
5033	4806
845	3368
846	3369
848	3370
849	3371
3371	850
851	3372
3372	934
853	3373
854	3374
3374	870
855	3375
855	5034
3375	857
856	3376
3376	891
857	5035
5035	4806
858	3377
859	3378
860	3379
861	3380
862	3381
3381	877
863	3382
864	3383
3383	876
865	3384
865	5036
5036	866
867	3385
867	5037
5037	4806
868	3386
869	3387
869	5038
5038	873
5038	874
5038	875
5038	889
5038	891
5038	892
5038	901
5038	902
5038	903
5038	906
5038	907
5038	910
5038	916
5038	917
5038	918
5038	919
5038	923
5038	924
5038	925
5038	928
5038	930
5038	931
5038	932
5038	933
5038	936
5038	937
5038	939
5038	942
5038	944
5038	945
5038	947
5038	952
5038	954
5038	955
5038	956
5038	959
5038	960
5038	963
5038	964
5038	968
5038	972
5038	974
5038	976
5038	980
5038	985
5038	986
5038	987
5038	988
5038	991
5038	992
5038	993
5038	997
5038	998
5038	1001
5038	1002
5038	1003
5038	1011
5038	1014
5038	1016
5038	1021
5038	1022
5038	1025
5038	1033
5038	1034
5038	1035
5038	1036
5038	1037
5038	1040
5038	1041
5038	1042
5038	1048
5038	1049
5038	1051
5038	1052
5038	1053
5038	1055
5038	1057
5038	1059
5038	1062
5038	1063
5038	1064
5038	1065
5038	1066
5038	1072
5038	1074
5038	1077
5038	1078
5038	1079
5038	1080
5038	1082
5038	1089
5038	1091
5038	1092
5038	1099
5038	1100
5038	1105
5038	1108
5038	1110
5038	1111
5038	1117
5038	1132
5038	1135
5038	1142
5038	1210
5038	4806
871	3388
3388	1149
3388	1150
3388	1248
872	3389
872	5039
3389	986
873	3390
878	3391
878	5040
5040	879
5040	940
879	3392
880	3393
881	3394
882	3395
3395	886
883	3396
884	3397
3397	890
885	3398
885	5041
5041	4806
886	5042
5042	887
5042	2013
5042	4806
887	3399
3399	893
3399	2792
888	3400
889	3401
890	5043
892	3402
3402	894
893	5044
5044	4806
895	3403
895	5045
5045	897
5045	898
5045	899
5045	904
5045	905
5045	912
5045	913
5045	914
5045	943
5045	953
5045	957
5045	1044
5045	1047
5045	4806
896	3404
3404	897
3404	902
898	3405
3405	1925
899	3406
3406	900
900	5046
5046	4806
901	3407
903	3408
904	3409
3409	925
905	3410
906	3411
3411	909
3411	922
3411	1070
908	3412
908	5047
5047	4806
910	3413
911	3414
912	3415
3415	926
913	3416
914	3417
3417	915
916	3418
917	3419
3419	921
918	3420
919	3421
3421	920
3421	1006
921	5048
5048	922
5048	2689
5048	4806
923	3422
927	3423
929	3424
3424	1185
930	3425
931	3426
932	3427
3427	1115
933	3428
936	3429
937	3430
3430	1303
3430	2398
938	3431
938	5049
3431	961
5049	941
5049	946
5049	951
5049	969
939	3432
940	3433
3433	941
942	3434
3434	949
943	3435
3435	948
3435	951
944	3436
3436	946
945	3437
947	3438
948	5050
5050	949
952	3439
953	3440
3440	1370
3440	1377
955	3441
957	3442
958	3443
958	5051
5051	996
5051	1075
5051	1217
5051	1340
5051	1432
5051	1451
5051	1776
5051	1792
5051	1851
5051	1892
960	3444
961	5052
5052	989
5052	1006
5052	1054
5052	1068
5052	1087
5052	1088
962	3445
962	5053
3445	1684
5053	1010
5053	1015
5053	1251
5053	4806
963	3446
964	3447
965	3448
3448	1222
966	5054
5054	1602
5054	1829
5054	2247
5054	2354
5054	2367
5054	2548
5054	2578
5054	2592
5054	2802
5054	2803
5054	2804
5054	4806
967	3449
967	5055
5055	970
5055	971
5055	973
5055	977
5055	982
5055	983
5055	994
5055	1023
5055	1026
5055	1027
5055	1031
5055	1050
5055	1128
5055	1129
5055	1165
5055	1166
5055	1198
5055	1199
5055	1200
5055	1205
5055	1211
5055	1250
5055	1255
5055	1269
5055	1270
5055	1271
5055	1274
5055	1280
5055	1285
5055	1289
5055	1297
5055	1308
5055	1318
5055	1324
5055	1335
5055	1341
5055	1342
5055	1349
5055	1403
5055	1405
5055	1425
5055	4806
968	3450
969	3451
970	3452
3452	1068
3452	1069
3452	1190
971	3453
3453	972
3453	975
973	3454
974	3455
975	5056
5056	4806
976	3456
3456	2767
977	3457
978	3458
3458	989
979	3459
3459	984
980	3460
981	3461
982	3462
983	3463
984	5057
985	3464
987	3465
988	3466
990	3467
991	3468
992	3469
993	3470
3470	995
994	3471
3471	996
3471	1004
995	5058
5058	1000
5058	1067
5058	1413
5058	1512
5058	4806
997	3472
998	3473
3473	999
3473	1008
1000	3474
1001	3475
1002	3476
1003	3477
1004	5059
1005	3478
1005	5060
5060	1316
5060	4806
1007	5061
5061	4806
1009	3479
1009	5062
3479	1010
3479	1018
3479	1552
5062	2203
5062	4806
1011	3480
3480	1143
1012	3481
3481	1368
1013	5063
1014	3482
1015	3483
1016	3484
3484	1017
1017	5064
5064	4806
1019	3485
1020	3486
1020	5065
5065	1028
5065	1060
5065	1094
1022	3487
1023	3488
1025	3489
1026	3490
3490	1027
3490	1028
3490	1030
3490	1038
3490	1178
3490	1181
1029	5066
5066	1030
1031	3491
1032	3492
1033	3493
3493	1035
1034	3494
1036	3495
1037	3496
1039	3497
1040	3498
3498	1045
3498	1046
1041	3499
1042	3500
1043	3501
1043	5067
3501	1044
3501	1056
1047	3502
1048	3503
1049	3504
1050	3505
3505	1051
1052	3506
1053	3507
1054	3508
1055	3509
3509	2120
1056	5068
1057	3510
1058	5069
1059	3511
1060	3512
1061	3513
1061	5070
3513	1062
3513	2845
5070	4806
1063	3514
1064	3515
3515	1065
1066	3516
1067	3517
1070	5071
1071	5072
1072	3518
1073	3519
3519	1160
1074	3520
1075	3521
3521	1076
3521	1077
3521	1081
1078	3522
1079	3523
3523	1144
1080	3524
3524	2383
3524	2813
1082	3525
3525	1086
1083	5073
1084	3526
3526	1085
1087	3527
1088	3528
1089	3529
1090	3530
1090	5074
3530	1092
5074	1261
1091	3531
1093	3532
1093	5075
5075	1096
5075	1097
5075	1106
5075	1113
5075	1120
5075	1177
5075	1192
5075	1215
5075	1244
5075	1294
5075	1299
5075	1301
5075	1304
5075	1312
5075	1326
5075	1330
5075	1334
5075	1336
5075	1347
5075	1353
5075	1372
5075	1390
5075	1668
5075	4806
1094	3533
1095	3534
1096	3535
1097	3536
1098	3537
3537	1099
1100	3538
3538	2123
3538	2124
1101	3539
1101	5076
5076	1118
5076	1119
5076	4806
1102	3540
3540	2119
1103	3541
1103	5077
5077	4806
1104	3542
1104	5078
5078	1374
5078	2745
5078	4806
1105	3543
1106	3544
1107	3545
1107	5079
5079	1125
5079	1126
5079	1127
5079	1130
5079	1134
5079	1137
5079	1152
5079	1155
5079	1171
5079	1176
5079	1180
5079	1181
5079	1185
5079	1186
5079	1187
5079	1189
5079	1195
5079	1204
5079	1206
5079	1207
5079	1208
5079	1216
5079	1228
5079	1231
5079	1234
5079	1237
5079	1238
5079	1240
5079	1243
5079	1245
5079	1247
5079	1249
5079	1254
5079	1257
5079	1268
5079	1275
5079	1287
5079	1288
5079	1295
5079	1296
5079	1315
5079	1320
5079	1322
5079	1323
5079	1325
5079	1344
5079	1348
5079	1350
5079	1352
5079	1359
5079	1362
5079	1373
5079	1402
5079	4806
1108	3546
1109	3547
1109	5080
3547	1111
5080	4806
1110	3548
1112	5081
5081	4806
1113	3549
1114	3550
1115	5082
1116	3551
1116	5083
3551	1231
5083	1133
5083	1328
5083	1637
5083	1638
5083	4806
1117	3552
3552	1131
3552	1141
3552	1146
1118	3553
1119	3554
1120	3555
1121	3556
3556	1133
3556	2788
1122	3557
1123	3558
1124	3559
1125	3560
1127	3561
1128	3562
1129	3563
3563	1130
3563	1148
3563	1191
1132	3564
3564	1151
3564	1154
3564	1155
3564	1167
1134	3565
1135	3566
3566	1140
1136	5084
5084	4806
1137	3567
3567	1138
1139	3568
1142	3569
1145	3570
1146	5085
5085	4806
1147	3571
1147	5086
3571	1168
5086	1148
5086	1150
5086	1151
5086	1158
1149	5087
1152	3572
1153	3573
1153	5088
5088	4806
1154	5089
5089	1156
1156	3574
1157	3575
1157	5090
5090	4806
1158	3576
1159	3577
1161	3578
1162	3579
1162	5091
5091	1163
5091	1167
5091	1168
5091	1170
1163	3580
3580	1164
1165	3581
3581	1166
1169	3582
1169	5092
3582	1755
1170	3583
1171	3584
3584	1172
3584	1173
1174	5093
1175	5094
1176	3585
1177	3586
1179	3587
3587	1180
3587	2176
1182	3588
1182	5095
5095	4806
1183	3589
1184	3590
1187	3591
3591	1483
1189	3592
1192	3593
3593	1384
1193	3594
1194	5096
1195	3595
1196	3596
1196	5097
3596	1197
3596	1201
5097	4806
1197	5098
1198	3597
3597	1199
1200	3598
1201	5099
5099	4806
1202	5100
1203	3599
1204	3600
1205	3601
1206	3602
3602	1212
1207	3603
1208	3604
1209	3605
3605	1210
3605	1211
3605	1214
1212	5101
1213	5102
1214	5103
1215	3606
1216	3607
1217	3608
1218	3609
3609	1220
1219	3610
1219	5104
5104	1220
5104	1367
1221	3611
1222	5105
1223	3612
1223	5106
3612	1224
1224	5107
5107	1227
5107	1232
5107	1235
5107	1236
5107	1239
5107	1252
5107	1260
5107	1273
5107	1290
5107	1292
5107	1300
5107	1306
5107	1307
5107	1499
5107	1510
5107	1511
5107	1514
5107	1529
5107	1599
5107	4806
1225	3613
1226	3614
1226	5108
5108	2315
5108	4806
1227	3615
1228	3616
1229	3617
1229	5109
5109	4806
1230	5110
1232	3618
3618	1235
1233	3619
3619	1234
3619	1378
1236	3620
3620	1237
1238	3621
1239	3622
1240	3623
1241	3624
3624	1242
3624	2133
1243	3625
1244	3626
3626	1421
3626	2650
1245	3627
3627	1399
1246	3628
1247	3629
1249	3630
3630	1260
3630	1266
1250	3631
1251	3632
1252	3633
3633	1256
3633	1257
1253	3634
3634	1254
3634	1255
3634	1258
3634	1259
1261	3635
1262	3636
1262	5111
3636	2192
1263	3637
1264	3638
1264	5112
3638	1575
5112	1434
5112	1436
5112	1833
5112	1840
5112	1842
5112	1853
5112	1860
5112	1966
5112	1968
5112	2005
5112	2132
5112	2141
5112	2146
5112	2160
1265	3639
3639	1279
1267	3640
1267	5113
5113	1272
5113	4806
1268	3641
3641	1270
3641	1993
1269	3642
1271	3643
1272	3644
1273	3645
1274	3646
1275	3647
3647	1283
1276	3648
3648	1281
3648	1284
1277	3649
1278	3650
1278	5114
5114	1279
1280	3651
1281	5115
5115	1284
1282	3652
1282	5116
3652	1473
5116	1828
5116	4806
1285	3653
1286	3654
3654	1287
1288	3655
1289	3656
1290	3657
1291	3658
1291	5117
3658	1292
5117	4806
1293	3659
1294	3660
1296	3661
1297	3662
1298	3663
1298	5118
5118	4806
1299	3664
1300	3665
1301	3666
1302	3667
1302	5119
3667	1635
5119	1471
5119	4806
1303	5120
1304	3668
3668	1305
1306	3669
1307	3670
1308	3671
1309	5121
1310	3672
1310	5122
5122	1311
1311	3673
3673	1312
3673	1434
1313	3674
1313	5123
5123	1790
5123	1813
5123	2023
5123	4806
1314	3675
1314	5124
3675	1564
3675	2228
1315	3676
1316	3677
1317	3678
3678	1318
3678	1400
1319	3679
1319	5125
5125	1674
5125	4806
1320	3680
1321	3681
1322	3682
1323	3683
1324	3684
1325	3685
1326	3686
1327	5126
1328	3687
3687	1332
1329	3688
1329	5127
5127	4806
1330	3689
3689	1331
1332	5128
5128	2168
5128	4806
1333	5129
1334	3690
1335	3691
3691	1336
1337	3692
1337	5130
5130	4806
1338	3693
1339	3694
3694	1340
1341	3695
1342	3696
3696	2080
1343	3697
1343	5131
5131	1491
5131	4806
1344	3698
1345	3699
1345	5132
3699	1346
3699	1355
5132	1398
5132	1470
5132	1678
5132	1710
5132	1711
5132	1719
5132	1722
5132	1735
5132	1736
5132	1740
5132	1745
5132	1764
5132	1768
5132	1784
5132	1789
5132	1797
5132	1802
5132	1807
5132	1897
5132	1904
5132	1912
5132	1919
5132	1965
5132	2136
5132	2142
5132	2157
5132	2183
5132	2184
5132	2231
5132	2256
5132	2264
5132	2456
5132	2457
5132	2466
5132	2545
1347	3700
1348	3701
1349	3702
1350	3703
1351	3704
1351	5133
5133	1396
5133	1397
5133	1423
5133	1429
5133	4806
1352	3705
3705	1353
1354	3706
1354	5134
5134	1358
5134	1364
5134	1365
5134	1366
1356	5135
5135	4806
1358	3707
3707	1359
3707	1415
3707	1416
1360	3708
3708	2403
3708	2407
1361	5136
1362	3709
3709	1513
1363	3710
1363	5137
5137	2002
5137	4806
1364	3711
1365	3712
1366	3713
1367	3714
3714	1392
3714	1418
3714	1419
1368	5138
5138	4806
1369	3715
1369	5139
5139	1370
1371	3716
3716	1373
1372	3717
1374	3718
1375	3719
1375	5140
5140	4806
1376	3720
1378	5141
5141	4806
1379	3721
1379	5142
3721	1414
1380	3722
1382	3723
1383	3724
1383	5143
5143	1384
5143	1424
5143	1433
5143	1500
5143	1505
5143	1559
5143	1569
5143	1570
5143	1574
5143	1580
5143	1583
5143	1584
5143	1590
5143	4806
1385	3725
1385	5144
5144	1386
5144	1391
5144	1394
5144	1395
1386	3726
1387	3727
1387	5145
3727	1389
5145	4806
1388	3728
1388	5146
5146	2169
5146	4806
1390	3729
3729	1397
3729	1409
1391	3730
3730	1431
1392	5147
1393	3731
1393	5148
3731	1395
5148	4806
1394	3732
1396	3733
1398	3734
3734	1413
1400	5149
1401	3735
1401	5150
5150	4806
1402	3736
1403	3737
1404	3738
1404	5151
3738	1405
3738	1406
3738	1411
5151	4806
1406	5152
1407	3739
1407	5153
5153	4806
1408	3740
1408	5154
5154	1422
5154	1426
5154	1459
5154	1526
1409	5155
5155	4806
1410	3741
1411	5156
5156	4806
1412	3742
1412	5157
5157	4806
1414	5158
5158	4806
1415	5159
5159	4806
1416	5160
5160	1419
5160	1831
5160	4806
1417	3743
1417	5161
5161	4806
1418	5162
5162	4806
1420	3744
1420	5163
5163	4806
1421	5164
1422	3745
1423	3746
1424	3747
3747	1504
3747	1508
3747	1959
1425	3748
1426	3749
1427	3750
1427	5165
5165	1448
5165	1458
5165	1461
5165	1469
5165	1474
5165	1483
5165	1486
5165	1490
5165	1495
5165	1597
5165	1814
5165	1817
5165	1822
5165	1827
5165	1838
5165	1859
5165	1907
5165	1923
5165	1933
5165	1943
5165	1950
5165	1952
5165	1958
5165	1961
5165	1962
5165	1969
5165	1971
5165	1974
5165	1978
5165	1979
5165	1995
5165	1997
5165	1998
5165	2014
5165	2016
5165	2034
5165	2082
5165	2090
5165	2116
5165	2140
5165	2147
5165	2149
5165	2151
5165	2167
5165	2181
5165	2415
5165	2421
5165	2423
5165	2762
5165	2798
1428	3751
1428	5166
3751	1430
1429	3752
1430	5167
5167	1431
5167	1438
1432	3753
1433	3754
1435	3755
1436	3756
3756	1437
3756	1443
1437	5168
5168	1440
5168	1441
5168	1442
1438	3757
1439	3758
1439	5169
3758	1442
3758	1585
5169	4806
1440	3759
1443	5170
1444	3760
3760	1445
3760	1850
1445	5171
5171	1446
1446	3761
3761	1655
1447	3762
1447	5172
3762	1674
5172	2216
5172	2741
5172	4806
1448	3763
1449	3764
1450	3765
1451	3766
1452	3767
1452	5173
5173	4806
1453	3768
1454	3769
1455	3770
1455	5174
5174	1466
5174	1482
5174	1525
5174	1534
5174	1542
5174	1617
5174	1634
5174	1636
5174	1759
5174	1794
5174	1799
5174	1800
5174	1801
5174	1804
5174	1808
5174	1810
5174	1811
5174	1909
5174	1929
5174	1989
5174	1991
5174	1994
5174	2008
5174	2047
5174	2059
5174	2066
5174	2195
5174	2200
5174	2201
5174	2339
5174	2408
5174	2425
5174	2463
5174	2511
5174	2524
5174	2527
5174	2546
5174	2697
5174	2753
5174	2827
5174	2840
1456	3771
1457	3772
1457	5175
3772	1459
5175	1464
5175	4806
1458	3773
1460	3774
1460	5176
3774	1462
3774	1502
5176	1462
5176	4806
1461	3775
1463	3776
1464	3777
3777	1465
1466	3778
1467	3779
3779	1468
1468	5177
5177	1691
1469	3780
3780	1507
1470	3781
3781	1472
1471	3782
1474	3783
3783	1484
1475	3784
1475	5178
3784	1480
5178	1476
1476	3785
1477	3786
3786	1478
1478	5179
5179	1479
5179	1480
1479	3787
1481	3788
1481	5180
3788	1984
1482	3789
1484	5181
5181	4806
1485	3790
1486	3791
1487	3792
1488	3793
1488	5182
5182	1501
5182	4806
1489	3794
1490	3795
3795	1491
1492	3796
1492	5183
5183	4806
1493	3797
1493	5184
5184	2043
1494	3798
1494	5185
5185	4806
1495	3799
1496	3800
1496	5186
3800	1497
5186	4806
1498	3801
1499	3802
3802	1505
1500	3803
1501	3804
1502	5187
5187	1503
5187	1506
5187	1519
5187	1522
5187	1530
5187	1531
5187	1553
5187	1566
5187	1567
5187	1571
5187	1586
5187	1587
5187	1588
5187	1593
5187	1595
5187	1596
5187	1601
5187	1688
5187	1708
5187	1795
5187	1809
5187	1896
5187	1900
5187	1926
1503	3805
1504	5188
5188	1524
5188	1554
5188	1563
5188	1760
5188	2144
1506	3806
3806	1520
1507	5189
1508	5190
5190	2711
5190	4806
1509	3807
1509	5191
5191	4806
1510	3808
1511	3809
1512	3810
3810	1515
1513	5192
5192	1515
1514	3811
1516	3812
1516	5193
5193	4806
1517	3813
1517	5194
5194	4806
1518	3814
1519	3815
1520	5195
5195	4806
1521	3816
1521	5196
3816	1523
5196	4806
1522	3817
1524	3818
3818	1604
1525	3819
1526	3820
1527	3821
1527	5197
5197	2163
5197	4806
1528	3822
1529	3823
1530	3824
1531	3825
1532	3826
1532	5198
3826	1536
3826	1597
1533	3827
3827	1535
1534	3828
3828	1539
1535	5199
5199	1549
5199	1560
5199	1591
5199	4806
1536	5200
1537	3829
1537	5201
5201	4806
1538	3830
1538	5202
3830	1548
3830	1550
5202	1539
5202	1592
1540	3831
1540	5203
3831	1613
3831	1871
1541	3832
1541	5204
5204	4806
1542	3833
1543	3834
1543	5205
5205	1545
1544	3835
3835	1545
1546	3836
3836	1547
1548	5206
5206	1555
5206	1562
5206	1565
5206	1568
1549	3837
1550	5207
5207	1551
5207	1552
5207	1556
1551	3838
3838	1555
1553	3839
1554	3840
1556	3841
3841	1884
1557	3842
1558	3843
1558	5208
5208	4806
1559	3844
1560	3845
3845	1589
3845	1631
1561	3846
1562	3847
3847	1563
1564	5209
1565	3848
3848	1767
1566	3849
3849	1570
1567	3850
3850	1671
3850	1774
1568	3851
1569	3852
1571	3853
1572	3854
3854	1578
1573	5210
1574	3855
3855	1579
1575	5211
5211	2093
5211	2094
5211	4806
1576	3856
1577	3857
1580	3858
1581	3859
1582	3860
1583	3861
1584	3862
3862	1588
3862	1592
1586	3863
1587	3864
3864	1619
1589	5212
1590	3865
1591	3866
1593	3867
1594	3868
1595	3869
1596	3870
1598	3871
1599	3872
3872	1603
1600	3873
3873	1602
1601	3874
1603	5213
5213	4806
1605	3875
1605	5214
3875	1607
3875	1608
5214	1606
5214	1623
5214	4806
1606	3876
3876	1640
3876	1673
1608	5215
5215	4806
1609	3877
3877	1611
3877	1612
1610	3878
1612	5216
1613	5217
5217	4806
1614	3879
1615	3880
1615	5218
3880	2702
1616	3881
1617	3882
1618	3883
1618	5219
5219	1673
5219	2746
5219	4806
1620	3884
1620	5220
3884	1622
5220	1621
1622	5221
5221	4806
1623	3885
1624	3886
1624	5222
5222	1625
5222	1646
5222	1647
5222	1650
5222	1918
5222	4806
1625	3887
1626	3888
1626	5223
5223	1627
5223	1908
5223	2222
5223	4806
1627	3889
1628	3890
1628	5224
5224	4806
1629	5225
5225	4806
1630	3891
1630	5226
5226	2053
5226	2054
5226	2057
5226	4806
1631	5227
5227	1632
1632	3892
1633	3893
1633	5228
3893	1654
5228	1713
1634	3894
1635	5229
5229	4806
1636	3895
3895	1637
1638	3896
1639	3897
1639	5230
5230	4806
1640	5231
5231	1641
1641	3898
1642	3899
1642	5232
3899	1643
1644	3900
1644	5233
3900	1645
1646	3901
1647	3902
1648	3903
1649	3904
1649	5234
5234	1651
5234	4806
1650	3905
3905	1933
1651	3906
1652	3907
1652	5235
5235	4806
1653	3908
1653	5236
3908	1720
1654	5237
1656	3909
1657	3910
3910	1658
1659	3911
1660	3912
1661	3913
1661	5238
3913	1663
3913	2191
5238	1662
1662	3914
1663	5239
5239	1664
5239	4806
1664	3915
1665	3916
1665	5240
3916	1960
1666	3917
1667	3918
1667	5241
5241	4806
1668	3919
3919	1669
1669	5242
5242	4806
1670	3920
1670	5243
5243	1681
5243	4806
1671	5244
5244	4806
1672	3921
1675	3922
1676	3923
3923	1839
3923	1840
1677	3924
1678	3925
1679	3926
1679	5245
3926	1718
1680	3927
1681	3928
1682	3929
1682	5246
5246	4806
1683	3930
1684	5247
1685	3931
1685	5248
3931	1983
5248	4806
1686	3932
1687	3933
1687	5249
3933	1950
3933	2214
5249	4806
1688	3934
1689	3935
1689	5250
5250	4806
1690	3936
1690	5251
3936	1963
5251	4806
1691	3937
1692	3938
1692	5252
3938	2730
5252	1693
5252	1694
5252	2750
5252	2751
5252	4806
1693	3939
3939	1914
1695	3940
1695	5253
3940	1696
5253	2187
5253	2189
5253	2535
5253	2643
5253	2647
5253	2719
5253	2789
5253	4806
1697	3941
1697	5254
5254	1701
5254	1702
5254	1709
5254	1712
5254	1714
5254	1715
5254	1716
5254	1717
5254	1718
5254	1720
5254	1721
5254	1724
5254	1728
5254	1729
5254	1732
5254	1733
5254	1738
5254	1741
5254	1742
5254	1743
5254	1744
5254	1746
5254	1748
5254	1752
5254	1753
5254	1754
5254	1757
5254	1769
5254	1771
5254	1773
5254	1774
5254	1778
5254	1779
5254	1780
5254	1785
5254	1901
5254	1902
5254	1905
5254	1906
5254	1913
5254	1915
5254	1916
5254	1921
5254	1946
5254	2114
5254	2121
5254	2125
5254	2126
5254	2266
5254	2353
5254	2452
5254	2453
5254	2455
5254	2458
5254	2459
5254	2461
5254	2462
5254	2464
5254	2478
5254	2764
5254	2765
5254	2779
5254	2780
1698	3942
1698	5255
5255	4806
1699	3943
1699	5256
3943	1707
1700	3944
1700	5257
3944	1705
5257	1706
5257	1723
5257	4806
1701	3945
3945	2197
1702	3946
1703	3947
1704	3948
1706	3949
1707	5258
5258	2324
5258	4806
1708	3950
3950	1709
3950	1861
1710	3951
3951	1714
1711	3952
1712	3953
3953	1713
1715	3954
1716	3955
1717	3956
1719	3957
1721	3958
1722	3959
1723	3960
3960	1737
3960	2041
1724	3961
1725	3962
1725	5259
3962	1726
3962	1729
1727	3963
3963	1749
1728	3964
1730	3965
1731	3966
1732	3967
3967	2205
1733	3968
1734	3969
1734	5260
5260	4806
1735	3970
1736	3971
3971	1738
1737	5261
1739	3972
1739	5262
3972	1740
1741	3973
3973	1751
1742	3974
1743	3975
1744	3976
1745	3977
3977	1747
3977	1752
1746	3978
1747	5263
5263	1749
5263	1750
5263	1751
5263	1755
5263	1756
5263	4806
1748	3979
3979	1750
1753	3980
1754	3981
1756	3982
1757	3983
3983	1760
3983	1763
1758	3984
1758	5264
5264	1761
5264	1762
5264	4806
1759	3985
3985	1761
1762	3986
1764	3987
3987	1782
1765	3988
1765	5265
5265	4806
1766	3989
1766	5266
5266	1767
5266	4806
1768	3990
3990	2397
1769	3991
1770	3992
1771	3993
1772	3994
1772	5267
5267	4806
1773	3995
1775	3996
1775	5268
3996	2619
1776	3997
1777	3998
1778	3999
1779	4000
1780	4001
1781	5269
1782	5270
5270	4806
1783	5271
1784	4002
1785	4003
1786	4004
1786	5272
5272	1787
5272	1788
5272	4806
1787	4005
1788	4006
1789	4007
1790	4008
1791	4009
1791	5273
5273	4806
1792	4010
4010	1793
1794	4011
1795	4012
1796	4013
1796	5274
5274	4806
1797	4014
1798	5275
1799	4015
1800	4016
1801	4017
1802	4018
1804	4019
1805	5276
1806	4020
1806	5277
5277	2017
5277	2771
5277	4806
1807	4021
1808	4022
1809	4023
1810	4024
1811	4025
1812	4026
1813	4027
1814	4028
1815	4029
4029	1816
1817	4030
1818	4031
1818	5278
5278	4806
1819	4032
1820	4033
1820	5279
4033	1849
5279	1821
5279	1823
5279	1824
5279	1825
5279	1832
5279	1834
5279	1835
5279	1836
5279	1837
5279	1839
5279	1841
5279	1845
5279	1846
5279	1847
5279	1854
5279	1855
5279	1856
5279	1857
5279	1862
5279	1866
5279	1875
5279	1881
5279	1882
5279	1885
5279	1886
5279	1889
5279	1891
5279	1899
5279	1910
5279	1920
5279	1922
5279	1930
5279	1931
5279	1944
5279	1945
5279	1957
5279	2021
5279	2022
5279	2074
5279	2075
5279	2100
5279	2103
5279	4806
1821	4034
1822	4035
1823	4036
1824	4037
4037	1826
1825	4038
1826	5280
1827	4039
1828	4040
1829	4041
1830	4042
1830	5281
5281	4806
1831	4043
1832	4044
1833	4045
1834	4046
1835	4047
1836	4048
1837	4049
1838	4050
4050	2084
1841	4051
4051	1842
1843	4052
1843	5282
5282	4806
1844	4053
1844	5283
5283	4806
1845	4054
1846	4055
4055	1870
1847	4056
1848	4057
1848	5284
5284	1852
5284	1942
5284	1948
5284	1973
1851	4058
1852	4059
4059	1853
1854	4060
1855	4061
1856	4062
1857	4063
1858	4064
1858	5285
5285	1861
5285	4806
1859	4065
1860	4066
4066	1878
1862	4067
1863	4068
1863	5286
5286	1867
5286	1868
5286	1877
5286	1879
5286	1880
5286	2733
5286	2734
5286	4806
1865	4069
1865	5287
5287	1893
5287	2007
1866	4070
1867	4071
1868	4072
1869	4073
4073	1874
1871	5288
5288	4806
1872	4074
4074	1873
1873	5289
5289	1895
1875	4075
1876	4076
1876	5290
4076	1902
1877	4077
4077	2154
1878	5291
5291	4806
1879	4078
1880	4079
1881	4080
1882	4081
1883	4082
1883	5292
5292	1884
1885	4083
1886	4084
1887	5293
5293	1888
5293	1911
5293	2152
5293	2153
5293	4806
1889	4085
4085	1893
1890	4086
1890	5294
5294	4806
1891	4087
4087	1895
1892	4088
1894	4089
1894	5295
4089	1913
5295	4806
1896	4090
1897	4091
1898	4092
1899	4093
1900	4094
1901	4095
1903	4096
1903	5296
5296	1941
1904	4097
1905	4098
1906	4099
1907	4100
1908	4101
1909	4102
1910	4103
1911	4104
4104	2145
1912	4105
4105	1937
4105	2092
1914	5297
1915	4106
1916	4107
1917	4108
4108	1919
1918	4109
1920	4110
1921	4111
1922	4112
1923	4113
1924	4114
1925	5298
5298	4806
1926	4115
1927	4116
1927	5299
4116	2028
5299	1928
5299	4806
1928	4117
1929	4118
1930	4119
1931	4120
1932	4121
1932	5300
5300	1934
5300	1940
5300	1947
5300	2073
5300	2444
1934	4122
4122	1935
4122	1941
1935	5301
5301	4806
1936	4123
1936	5302
5302	1937
5302	1938
5302	1939
5302	4806
1938	4124
1939	4125
1940	4126
1942	4127
1943	4128
1944	4129
1945	4130
1946	4131
1947	4132
4132	1949
1948	4133
1951	4134
1951	5303
5303	1956
5303	4806
1952	4135
1953	4136
1953	5304
5304	4806
1954	4137
1955	4138
1956	4139
1957	4140
1958	4141
1959	5305
5305	4806
1961	4142
1962	4143
1963	5306
1964	5307
1965	4144
4144	2689
1966	4145
1967	4146
1967	5308
4146	1968
1969	4147
4147	1975
1970	4148
4148	1971
1972	4149
1972	5309
5309	4806
1973	4150
4150	1974
4150	1976
1975	5310
1976	5311
5311	2588
1977	4151
1977	5312
5312	4806
1978	4152
1979	4153
1980	5313
1981	4154
1981	5314
4154	2005
1982	4155
1982	5315
5315	4806
1983	5316
5316	1984
5316	1992
5316	1993
5316	2001
5316	2006
5316	2012
5316	2015
5316	2176
1985	4156
1985	5317
4156	2040
5317	4806
1986	4157
1986	5318
5318	4806
1987	4158
1988	4159
1988	5319
5319	4806
1989	4160
1990	4161
1991	4162
1992	4163
1994	4164
1995	4165
4165	1996
1996	5320
1997	4166
1998	4167
1999	4168
1999	5321
5321	2171
5321	4806
2000	4169
2001	4170
2002	4171
4171	2316
2003	4172
2003	5322
5322	4806
2004	4173
4173	2007
4173	2010
2006	4174
2008	4175
2009	4176
2011	4177
2012	4178
2013	4179
2014	4180
2015	4181
2016	4182
2017	4183
2018	4184
2019	4185
2020	4186
2021	4187
2022	4188
2023	4189
2024	4190
2024	5323
5323	4806
2026	4191
2026	5324
5324	2748
5324	4806
2027	4192
4192	2030
2028	5325
2029	4193
2029	5326
5326	2035
5326	2036
5326	2038
5326	2045
5326	2049
5326	2050
5326	2056
5326	2095
5326	2097
5326	2105
5326	2110
5326	2112
5326	2113
2030	5327
2031	4194
2032	4195
2033	4196
2033	5328
5328	4806
2034	4197
2035	4198
4198	2173
2036	4199
2037	4200
2037	5329
5329	4806
2038	4201
4201	2039
2039	5330
5330	2287
5330	2519
5330	2520
5330	4806
2040	5331
5331	2041
5331	2042
2042	4202
4202	2043
2044	4203
2044	5332
5332	4806
2045	4204
2046	4205
2047	4206
2048	4207
4207	2706
2049	4208
2050	4209
4209	2052
2051	4210
4210	2053
4210	2372
2054	4211
4211	2055
2055	5333
2056	4212
4212	2057
2058	4213
2058	5334
5334	2083
5334	2084
5334	2085
5334	2086
5334	2088
5334	2089
5334	2096
5334	2106
5334	2107
5334	2109
5334	2709
5334	2716
5334	4806
2059	4214
2060	4215
2060	5335
5335	2061
5335	2062
5335	2063
5335	2064
5335	2065
5335	2068
5335	2069
5335	2070
5335	2071
5335	2072
5335	2076
5335	2077
5335	2078
5335	2079
5335	2081
5335	2087
5335	2115
5335	2127
5335	2128
5335	2129
5335	2130
5335	4806
2061	4216
2062	4217
2063	4218
2064	4219
2065	4220
2066	4221
2067	4222
2067	5336
4222	2572
4222	2708
2068	4223
2069	4224
2070	4225
2071	4226
4226	2805
2072	4227
2073	4228
4228	2082
2074	4229
2075	4230
4230	2164
2076	4231
2077	4232
4232	2310
2078	4233
4233	2079
2080	5337
5337	4806
2081	4234
4234	2089
4234	2611
2083	4235
2085	4236
2086	4237
2087	4238
2088	4239
2090	4240
2091	4241
2091	5338
5338	4806
2092	5339
2093	4242
4242	2094
4242	2096
2095	4243
2097	4244
2098	4245
2098	5340
4245	2679
5340	4806
2099	5341
2100	4246
2101	4247
2101	5342
4247	2637
2102	4248
2103	4249
2104	4250
2104	5343
5343	4806
2105	4251
2106	4252
2107	4253
2108	4254
2108	5344
5344	2268
5344	2269
5344	2550
5344	2551
5344	2553
5344	2554
5344	2555
5344	2556
5344	2557
5344	2558
5344	2559
5344	2560
5344	2561
5344	2562
5344	2564
5344	2566
5344	2567
5344	2568
5344	2569
5344	2570
5344	2572
5344	2576
5344	2577
5344	2579
5344	2580
5344	2581
5344	2582
5344	2584
5344	2585
5344	2587
5344	2590
5344	2591
5344	2593
5344	2595
5344	2599
5344	2600
5344	2601
5344	2603
5344	2605
5344	2607
5344	2608
5344	2609
5344	2610
5344	2612
5344	2613
5344	2614
5344	2618
5344	2619
5344	2620
5344	2621
5344	2622
5344	2623
5344	2625
5344	2626
5344	2631
5344	2634
5344	2635
5344	2636
5344	2638
5344	2642
5344	2644
5344	2645
5344	2646
5344	2648
5344	2649
5344	2651
5344	2652
5344	2653
5344	2655
5344	2657
5344	2658
5344	2660
5344	2663
5344	2664
5344	2665
5344	2666
5344	2669
5344	2670
5344	2671
5344	2672
5344	2673
5344	2674
5344	2675
5344	2676
5344	2677
5344	2678
5344	2680
5344	2681
5344	2683
5344	2686
5344	2688
5344	2690
5344	2692
5344	2696
5344	2704
5344	4806
2109	4255
2110	4256
2111	4257
2112	4258
2113	4259
2114	4260
2115	4261
2116	4262
2117	4263
2117	5345
5345	2148
5345	4806
2118	4264
4264	2122
2119	5346
5346	4806
2120	5347
2121	4265
2122	5348
5348	2236
5348	2237
5348	2418
5348	4806
2123	5349
5349	2124
2125	4266
2126	4267
4267	2194
2127	4268
4268	2165
2128	4269
4269	2134
2129	4270
2130	4271
2131	4272
2132	4273
2133	5350
2134	5351
5351	4806
2135	4274
2135	5352
4274	2141
5352	2155
5352	2156
5352	2307
5352	2372
5352	4806
2136	4275
4275	2137
2137	5353
5353	4806
2138	4276
2138	5354
5354	4806
2139	5355
5355	2191
5355	2192
5355	2792
5355	2793
5355	4806
2140	4277
2142	4278
2143	4279
2143	5356
4279	2166
2144	4280
2145	5357
2146	4281
2147	4282
2148	4283
4283	2685
2149	4284
2150	4285
2151	4286
4286	2158
2152	4287
2153	4288
2155	4289
2156	4290
4290	2180
2157	4291
4291	2793
2158	5358
5358	2159
5358	4806
2159	4292
2160	4293
2161	4294
2161	5359
5359	2244
5359	2245
5359	2261
5359	2262
5359	2263
5359	2280
5359	2289
5359	2290
5359	2321
5359	2322
5359	2323
5359	2331
5359	2335
5359	2336
5359	2338
5359	2340
5359	2345
5359	2360
5359	2371
5359	2373
5359	2374
5359	2375
5359	2381
5359	2382
5359	2399
5359	2400
5359	2412
5359	2427
5359	2434
5359	2446
5359	2505
5359	2526
5359	2650
5359	2740
5359	2761
5359	2815
2162	4295
2162	5360
5360	4806
2163	4296
2164	5361
5361	4806
2165	5362
5362	2172
2166	5363
5363	4806
2167	4297
4297	2170
2168	4298
4298	2174
4298	2544
4298	2783
2169	4299
4299	2710
2170	5364
2171	4300
2172	4301
2173	5365
2174	5366
2175	4302
2177	4303
2180	5367
2181	4304
2182	4305
2183	4306
2184	4307
4307	2299
2185	4308
2186	4309
2187	4310
2188	4311
2188	5368
4311	2189
4311	2202
2190	5369
2193	4312
2193	5370
5370	2194
2195	4313
2196	4314
2196	5371
5371	2198
5371	2199
5371	4806
2197	5372
5372	4806
2198	4315
2199	4316
2200	4317
2201	4318
2202	5373
2203	4319
2204	4320
2205	5374
2206	4321
2206	5375
5375	4806
2207	4322
2207	5376
4322	2471
4322	2488
2208	4323
2208	5377
5377	2212
5377	2215
2209	4324
2209	5378
5378	4806
2210	5379
2211	4325
2212	4326
4326	2213
2213	5380
5380	2214
5380	4806
2215	4327
2216	4328
2217	4329
2217	5381
4329	2218
2219	4330
2220	4331
2221	4332
2222	4333
2224	4334
2225	4335
2226	4336
2226	5382
5382	4806
2227	4337
2228	5383
5383	2477
5383	2685
5383	2706
5383	2801
5383	2812
2229	4338
2229	5384
5384	2232
5384	2243
5384	2246
5384	2251
5384	2258
5384	2265
5384	2361
5384	2369
5384	4806
2230	4339
2230	5385
4339	2237
5385	2298
2231	4340
2232	4341
2233	4342
2234	4343
2235	5386
5386	4806
2236	4344
2238	4345
2239	4346
2240	4347
2240	5387
4347	2242
2241	4348
2241	5388
5388	2242
5388	4806
2243	4349
2244	4350
2245	4351
2246	4352
4352	2731
2247	4353
4353	2354
4353	2356
2248	4354
2249	4355
2250	4356
2250	5389
5389	4806
2251	4357
2252	4358
2252	5390
5390	2253
5390	2255
5390	2272
5390	2274
5390	2275
5390	2279
5390	2282
5390	2283
5390	2285
5390	2288
5390	2291
5390	2292
5390	2303
5390	2310
5390	2332
5390	2337
5390	2341
5390	4806
2253	4359
2254	4360
2255	4361
2256	4362
2257	4363
2257	5391
5391	4806
2258	4364
2259	4365
2259	5392
5392	4806
2260	4366
2261	4367
2262	4368
2263	4369
2264	4370
2265	4371
2266	4372
2267	4373
2267	5393
5393	4806
2268	4374
2269	4375
2270	4376
2270	5394
5394	2271
2271	4377
4377	2578
2272	4378
2273	4379
2273	5395
4379	2274
4379	2277
2275	4380
2276	4381
2276	5396
5396	4806
2277	5397
2278	4382
2278	5398
4382	2309
4382	2393
5398	2410
2279	4383
4383	2281
2280	4384
2281	5399
5399	4806
2282	4385
2283	4386
2284	5400
2285	4387
2286	4388
2287	4389
2288	4390
2289	4391
2290	4392
4392	2503
2291	4393
2292	4394
2293	4395
2294	4396
4396	2632
2295	4397
2295	5401
4397	2296
2296	5402
5402	2297
5402	2300
5402	2304
5402	2309
5402	2385
5402	2389
5402	2394
5402	2395
5402	2397
5402	2403
5402	2404
5402	2405
5402	2411
5402	2512
5402	4806
2297	4398
2298	4399
2300	4400
4400	2301
2302	4401
2302	5403
4401	2786
2303	4402
2304	4403
2305	4404
2305	5404
5404	2313
5404	2366
5404	4806
2306	5405
2307	4405
2308	4406
2308	5406
4406	2314
2311	4407
2311	5407
5407	2312
5407	4806
2312	4408
2313	4409
2315	4410
2316	5408
5408	2317
5408	2318
5408	2325
5408	2328
5408	2329
2317	4411
2318	4412
2319	4413
2319	5409
5409	4806
2320	4414
2320	5410
5410	4806
2321	4415
4415	2536
2322	4416
2323	4417
2324	4418
4418	2325
2326	4419
2326	5411
5411	2348
5411	2359
5411	2378
5411	2483
5411	2742
5411	2822
2327	4420
2328	4421
2329	4422
2330	4423
2331	4424
2332	4425
2333	4426
2333	5412
4426	2334
5412	4806
2334	5413
2335	4427
2336	4428
2337	4429
2338	4430
2339	4431
2340	4432
2341	4433
2342	4434
2342	5414
4434	2343
2344	4435
2345	4436
2346	4437
2347	4438
4438	2353
2348	4439
4439	2349
2350	4440
4440	2352
2351	4441
2352	5415
2355	4442
2357	4443
2357	5416
5416	4806
2358	4444
4444	2365
2359	4445
2360	4446
2361	4447
2362	4448
2362	5417
4448	2363
4448	2370
5417	4806
2363	5418
2364	4449
2365	5419
2366	4450
2368	4451
2369	4452
2371	4453
2374	4454
2375	4455
2376	4456
2376	5420
4456	2451
5420	2390
2377	4457
2378	4458
2379	4459
2379	5421
5421	4806
2380	4460
2380	5422
5422	4806
2381	4461
2382	4462
2383	5423
2384	4463
2385	4464
2386	4465
2386	5424
5424	2406
5424	2409
5424	2413
5424	2445
5424	2449
5424	2460
5424	2602
5424	2756
5424	2766
5424	2830
5424	4806
2387	4466
2387	5425
4466	2402
5425	2388
2388	4467
4467	2389
2390	4468
2391	4469
2392	4470
2394	4471
4471	2396
4471	2399
2395	4472
2396	5426
5426	2407
5426	2467
5426	2470
5426	2471
5426	2472
5426	2528
5426	2531
5426	2534
5426	2543
5426	2565
5426	2729
5426	2731
5426	2760
5426	2778
5426	2782
5426	4806
2398	5427
2400	4473
2401	4474
2402	5428
5428	4806
2404	4475
2405	4476
4476	2406
2408	4477
2409	4478
2410	4479
4479	2412
2411	4480
4480	2413
2414	4481
2414	5429
5429	4806
2415	4482
2416	4483
2417	4484
2418	4485
2419	4486
2419	5430
4486	2421
2420	4487
2420	5431
5431	4806
2422	4488
2422	5432
5432	4806
2423	4489
2424	4490
2424	5433
4490	2475
2425	4491
2426	4492
4492	2427
2428	4493
2428	5434
5434	2431
5434	2432
5434	2433
5434	2435
5434	2436
5434	2437
5434	2438
5434	2439
5434	2440
5434	2441
5434	2442
5434	2443
5434	2448
5434	2450
5434	2451
5434	2606
5434	2611
5434	2615
5434	2624
5434	2630
5434	2691
5434	2694
5434	2695
5434	2712
5434	2713
5434	4806
2429	4494
2430	4495
2431	4496
2432	4497
2433	4498
2434	4499
2435	4500
4500	2531
2436	4501
2437	4502
2438	4503
4503	2445
4503	2491
2439	4504
2440	4505
4505	2479
2441	4506
4506	2560
2442	4507
4507	2446
2443	4508
2444	4509
2447	4510
2447	5435
5435	4806
2448	4511
2449	4512
2450	4513
2452	4514
2453	4515
2454	4516
4516	2456
2455	4517
2457	4518
4518	2458
2459	4519
2460	4520
4520	2467
2461	4521
2462	4522
4522	2490
2463	4523
4523	2470
4523	2485
2464	4524
2465	4525
2466	4526
2468	4527
2469	4528
2469	5436
5436	4806
2472	4529
4529	2476
2473	4530
4530	2487
2474	4531
2474	5437
4531	2480
5437	2484
5437	2497
5437	2498
5437	2508
5437	2509
5437	2510
5437	2517
5437	2523
2476	5438
5438	4806
2477	4532
2478	4533
2479	5439
5439	2480
5439	2481
5439	2482
5439	2504
5439	2514
5439	2515
5439	2516
5439	2540
5439	2544
5439	2571
5439	2575
5439	2583
5439	2586
5439	2596
5439	2597
5439	2598
5439	2604
5439	2705
5439	4806
2481	4534
4534	2486
2482	4535
2483	4536
2484	4537
2485	5440
5440	2486
5440	2487
5440	2488
5440	2489
5440	2490
5440	2491
5440	2492
5440	2493
5440	2494
5440	2495
5440	2499
5440	2500
5440	2501
5440	2502
5440	2503
5440	2506
5440	2513
5440	2518
5440	2521
5440	2522
5440	2537
5440	2538
5440	2542
5440	2547
5440	2552
5440	2563
5440	2574
2489	4538
2492	4539
2493	4540
2494	4541
2495	4542
2496	4543
2497	4544
2498	4545
2499	4546
2500	4547
2501	4548
4548	2504
2502	4549
2505	4550
2506	4551
4551	2557
2507	4552
2508	4553
2509	4554
2510	4555
2511	4556
2512	4557
2513	4558
4558	2517
2514	4559
2515	4560
2516	4561
4561	2520
2518	4562
4562	2549
2519	4563
2521	4564
2522	4565
2523	4566
2524	4567
2525	4568
2526	4569
2527	4570
2528	4571
2529	4572
2530	4573
2532	4574
2532	5441
4574	2552
2533	4575
2533	5442
5442	4806
2534	4576
2535	4577
2536	5443
5443	4806
2537	4578
4578	2539
2538	4579
4579	2573
2539	5444
2540	4580
2541	4581
2541	5445
5445	2667
5445	2668
2542	4582
2543	4583
2545	4584
2546	4585
4585	2547
2548	4586
2549	5446
5446	4806
2550	4587
2551	4588
2553	4589
2554	4590
2555	4591
2556	4592
4592	2832
2558	4593
2559	4594
4594	2565
2561	4595
4595	2563
2562	4596
2564	4597
2566	4598
2567	4599
4599	2571
2568	4600
2569	4601
2570	4602
2573	5447
5447	4806
2574	4603
2575	4604
2576	4605
2577	4606
2579	4607
2580	4608
2581	4609
2582	4610
4610	2586
2583	4611
4611	2585
2584	4612
2587	4613
4613	2592
2588	4614
4614	2589
4614	2591
2589	5448
2590	4615
2593	4616
2594	4617
2594	5449
5449	4806
2595	4618
4618	2602
4618	2739
2596	4619
2597	4620
2598	4621
2599	4622
2600	4623
2601	4624
4624	2659
2603	4625
2604	4626
2605	4627
2606	4628
2607	4629
2608	4630
2609	4631
2610	4632
2612	4633
2613	4634
2614	4635
4635	2615
2616	4636
2616	5450
4636	2617
5450	2617
5450	4806
2618	4637
2620	4638
2621	4639
2622	4640
2623	4641
4641	2629
2624	4642
2625	4643
2626	4644
4644	2627
2627	5451
5451	2628
5451	2632
2628	4645
2629	5452
5452	4806
2630	4646
4646	2631
2633	4647
2633	5453
5453	4806
2634	4648
2635	4649
2636	4650
2637	5454
5454	2639
5454	2640
5454	2641
5454	4806
2638	4651
2639	4652
2640	4653
2641	4654
4654	2684
2642	4655
2643	4656
2644	4657
2645	4658
4658	2654
2646	4659
2647	4660
4660	2648
2649	4661
4661	2656
2651	4662
2652	4663
2653	4664
2654	5455
2655	4665
2656	5456
2657	4666
2658	4667
2659	5457
5457	2661
2660	4668
2661	4669
2662	4670
2662	5458
5458	4806
2663	4671
2664	4672
2665	4673
2666	4674
4674	2667
2668	4675
2669	4676
2670	4677
2671	4678
2672	4679
2673	4680
2674	4681
2675	4682
2676	4683
2677	4684
4684	2682
2678	4685
2679	5459
5459	4806
2680	4686
2681	4687
2682	5460
5460	4806
2683	4688
2684	5461
2686	4689
2687	4690
2687	5462
5462	2698
5462	2701
5462	2707
5462	2720
5462	4806
2688	4691
2690	4692
2691	4693
4693	2692
2693	4694
2693	5463
4694	2694
4694	2722
2695	4695
2696	4696
2697	4697
2698	4698
4698	2703
2699	4699
2699	5464
5464	4806
2700	4700
2700	5465
5465	4806
2701	4701
2702	5466
5466	4806
2703	5467
2704	4702
2705	4703
2707	4704
2708	5468
2709	4705
4705	2719
2710	5469
2711	4706
2712	4707
2713	4708
2714	4709
2715	5470
2716	4710
2717	4711
2717	5471
5471	4806
2718	4712
2718	5472
5472	4806
2720	4713
2721	4714
2722	5473
5473	4806
2723	4715
2723	5474
4715	2725
4715	2727
5474	2724
2724	4716
4716	2728
2725	5475
5475	4806
2726	4717
2726	5476
5476	4806
2729	4718
2730	5477
2732	4719
2733	4720
2734	4721
4721	2736
2735	4722
2735	5478
5478	2736
5478	2737
5478	2738
5478	2785
2737	4723
2738	4724
2739	5479
2740	4725
4725	2747
4725	2850
2741	4726
2742	4727
4727	2743
4727	2744
2743	5480
2744	5481
2745	4728
2746	4729
2747	5482
5482	4806
2748	4730
4730	2750
4730	2773
2749	4731
4731	2753
4731	2755
2751	4732
2752	4733
2752	5483
4733	2774
2754	4734
2754	5484
4734	2757
5484	2757
5484	4806
2756	4735
4735	2759
2758	4736
2759	5485
5485	4806
2760	4737
2761	4738
2762	4739
2763	4740
2764	4741
2765	4742
2766	4743
2767	5486
2768	4744
2768	5487
5487	2769
5487	2770
5487	2772
5487	2773
5487	2774
5487	2775
5487	4806
2769	4745
2770	4746
2771	4747
4747	2775
4747	2785
4747	2825
2772	4748
2776	4749
2776	5488
5488	4806
2777	4750
2778	4751
2779	4752
2780	4753
2781	4754
2781	5489
5489	4806
2782	4755
2783	5490
2784	4756
2787	4757
2787	5491
5491	4806
2788	5492
2789	4758
2790	4759
2790	5493
5493	4806
2791	5494
5494	4806
2794	4760
2795	4761
2795	5495
5495	4806
2796	4762
2796	5496
5496	2797
5496	2799
5496	2800
5496	2806
5496	2808
5496	2820
5496	2821
5496	2823
5496	2824
5496	2832
5496	2844
5496	2848
5496	2849
2797	4763
2798	4764
2799	4765
2800	4766
2801	4767
2802	4768
2803	4769
2804	4770
2805	5497
5497	2810
5497	2811
5497	2816
5497	2817
5497	2819
5497	2836
5497	2837
5497	2838
5497	2839
5497	2853
2806	4771
2807	4772
2807	5498
5498	4806
2808	4773
4773	2809
2809	5499
5499	4806
2810	4774
2811	4775
2812	4776
2813	5500
2814	4777
2814	5501
5501	4806
2815	4778
2816	4779
2817	4780
2818	4781
2818	5502
5502	4806
2819	4782
2820	4783
2821	4784
2822	4785
2823	4786
2824	4787
2826	5503
2827	4788
2828	4789
2828	5504
5504	2829
2829	4790
4790	2833
2830	4791
2831	4792
2831	5505
4792	2839
5505	2841
5505	2842
2833	5506
5506	4806
2834	4793
2834	5507
4793	2838
4793	2841
2835	4794
2835	5508
5508	4806
2836	4795
2837	4796
2840	4797
2842	4798
2843	4799
2844	4800
2845	5509
2846	4801
2847	4802
2848	4803
2849	4804
2850	5510
2851	4805
2851	5511
4805	2852
2853	4806
4806	5512
4806	5513
4806	5514
4806	5515
4806	5516
4806	5517
4806	5518
4806	5519
4806	5520
4806	5521
4806	5522
4806	5523
4806	5524
4806	5525
4806	5526
4806	5527
4806	5528
4806	5529
4806	5530
4806	5531
4806	5532
4806	5533
4806	5534
4806	5535
4806	5536
4806	5537
4806	5538
4806	5539
4806	5540
4806	5541
4806	5542
4806	5543
4806	5544
4806	5545
4806	5546
4806	5547
4806	5548
4806	5549
4806	5550
4806	5551
4806	5552
4806	5553
4806	5554
4806	5555
4806	5556
4806	5557
4806	5558
4806	5559
4806	5560
4806	5561
4806	5562
4806	5563
4806	5564
4806	5565
4806	5566
4806	5567
4806	5568
4806	5569
4806	5570
4806	5571
4806	5572
4806	5573
4806	5574
4806	5575
4806	5576
4806	5577
4806	5578
4806	5579
4806	5580
4806	5581
4806	5582
4806	5583
4806	5584
4806	5585
4806	5586
4806	5587
4806	5588
4806	5589
4806	5590
4806	5591
4806	5592
4806	5593
4806	5594
4806	5595
4806	5596
4806	5597
4806	5598
4806	5599
4806	5600
4806	5601
4806	5602
4806	5603
4806	5604
4806	5605
4806	5606
4806	5607
4806	5608
4806	5609
4806	5610
4806	5611
4806	5612
4806	5613
4806	5614
4806	5615
4806	5616
4806	5617
4806	5618
4806	5619
4806	5620
4806	5621
4806	5622
4806	5623
4806	5624
4806	5625
4806	5626
4806	5627
4806	5628
4806	5629
4806	5630
4806	5631
4806	5632
4806	5633
4806	5634
4806	5635
4806	5636
4806	5637
4806	5638
4806	5639
4806	5640
4806	5641
4806	5642
4806	5643
4806	5644
4806	5645
4806	5646
4806	5647
4806	5648
4806	5649
4806	5650
4806	5651
4806	5652
4806	5653
4806	5654
4806	5655
4806	5656
4806	5657
4806	5658
4806	5659
4806	5660
4806	5661
4806	5662
4806	5663
4806	5664
4806	5665
4806	5666
4806	5667
4806	5668
4806	5669
4806	5670
4806	5671
4806	5672
4806	5673
4806	5674
4806	5675
4806	5676
4806	5677
4806	5678
4806	5679
4806	5680
4806	5681
4806	5682
4806	5683
4806	5684
4806	5685
4806	5686
4806	5687
4806	5688
4806	5689
4806	5690
4806	5691
4806	5692
4806	5693
4806	5694
4806	5695
4806	5696
4806	5697
4806	5698
4806	5699
4806	5700
4806	5701
4806	5702
4806	5703
4806	5704
4806	5705
4806	5706
4806	5707
4806	5708
4806	5709
4806	5710
4806	5711
4806	5712
4806	5713
4806	5714
4806	5715
4806	5716
4806	5717
4806	5718
4806	5719
4806	5720
4806	5721
4806	5722
4806	5723
4806	5724
4806	5725
4806	5726
4806	5727
4806	5728
4806	5729
4806	5730
4806	5731
4806	5732
4806	5733
4806	5734
4806	5735
4806	5736
4806	5737
4806	5738
4806	5739
4806	5740
4806	5741
4806	5742
4806	5743
4806	5744
4806	5745
4806	5746
4806	5747
4806	5748
4806	5749
4806	5750
4806	5751
4806	5752
4806	5753
4806	5754
4806	5755
4806	5756
4806	5757
4806	5758
4806	5759
4806	5760
4806	5761
4806	5762
4806	5763
4806	5764
4806	5765
4806	5766
4806	5767
4806	5768
4806	5769
4806	5770
4806	5771
4806	5772
4806	5773
4806	5774
4806	5775
4806	5776
4806	5777
4806	5778
4806	5779
4806	5780
4806	5781
4806	5782
4806	5783
4806	5784
4806	5785
4806	5786
4806	5787
4806	5788
4806	5789
4806	5790
4806	5791
4806	5792
4806	5793
4806	5794
4806	5795
4806	5796
4806	5797
4806	5798
4806	5799
4806	5800
4806	5801
4806	5802
4806	5803
4806	5804
4806	5805
4806	5806
4806	5807
4806	5808
4806	5809
4806	5810
4806	5811
4806	5812
4806	5813
4806	5814
4806	5815
4806	5816
4806	5817
4806	5818
4806	5819
4806	5820
4806	5821
4806	5822
4806	5823
4806	5824
4806	5825
4806	5826
4806	5827
4806	5828
4806	5829
4806	5830
4806	5831
4806	5832
4806	5833
4806	5834
4806	5835
4806	5836
4806	5837
4806	5838
4806	5839
4806	5840
4806	5841
4806	5842
4806	5843
4806	5844
4806	5845
4806	5846
4806	5847
4806	5848
4806	5849
4806	5850
4806	5851
4806	5852
4806	5853
4806	5854
4806	5855
4806	5856
4806	5857
4806	5858
4806	5859
4806	5860
4806	5861
4806	5862
4806	5863
4806	5864
4806	5865
4806	5866
4806	5867
4806	5868
4806	5869
4806	5870
4806	5871
4806	5872
4806	5873
4806	5874
4806	5875
4806	5876
4806	5877
4806	5878
4806	5879
4806	5880
4806	5881
4806	5882
4806	5883
4806	5884
4806	5885
4806	5886
4806	5887
4806	5888
4806	5889
4806	5890
4806	5891
4806	5892
4806	5893
4806	5894
4806	5895
4806	5896
4806	5897
4806	5898
4806	5899
4806	5900
4806	5901
4806	5902
4806	5903
4806	5904
4806	5905
4806	5906
4806	5907
4806	5908
4806	5909
4806	5910
4806	5911
4806	5912
4806	5913
4806	5914
4806	5915
4806	5916
4806	5917
4806	5918
4806	5919
4806	5920
4806	5921
4806	5922
4806	5923
4806	5924
4806	5925
4806	5926
4806	5927
4806	5928
4806	5929
4806	5930
4806	5931
4806	5932
4806	5933
4806	5934
4806	5935
4806	5936
4806	5937
4806	5938
4806	5939
4806	5940
4806	5941
4806	5942
4806	5943
4806	5944
4806	5945
4806	5946
4806	5947
4806	5948
4806	5949
4806	5950
4806	5951
4806	5952
4806	5953
4806	5954
4806	5955
4806	5956
4806	5957
4806	5958
4806	5959
4806	5960
4806	5961
4806	5962
4806	5963
4806	5964
4806	5965
4806	5966
4806	5967
4806	5968
4806	5969
4806	5970
4806	5971
4806	5972
4806	5973
4806	5974
4806	5975
4806	5976
4806	5977
4806	5978
4806	5979
4806	5980
4806	5981
4806	5982
4806	5983
4806	5984
4806	5985
4806	5986
4806	5987
4806	5988
4806	5989
4806	5990
4806	5991
4806	5992
4806	5993
4806	5994
4806	5995
4806	5996
4806	5997
4806	5998
4806	5999
4806	6000
4806	6001
4806	6002
4806	6003
4806	6004
4806	6005
4806	6006
4806	6007
4806	6008
4806	6009
4806	6010
4806	6011
4806	6012
4806	6013
4806	6014
4806	6015
4806	6016
4806	6017
4806	6018
4806	6019
4806	6020
4806	6021
4806	6022
4806	6023
4806	6024
4806	6025
4806	6026
4806	6027
4806	6028
4806	6029
4806	6030
4806	6031
4806	6032
4806	6033
4806	6034
4806	6035
4806	6036
4806	6037
4806	6038
4806	6039
4806	6040
4806	6041
4806	6042
4806	6043
4806	6044
4806	6045
4806	6046
4806	6047
4806	6048
4806	6049
4806	6050
4806	6051
4806	6052
4806	6053
4806	6054
4806	6055
4806	6056
4806	6057
4806	6058
4806	6059
4806	6060
4806	6061
4806	6062
4806	6063
4806	6064
4806	6065
4806	6066
4806	6067
4806	6068
4806	6069
4806	6070
4806	6071
4806	6072
4806	6073
4806	6074
4806	6075
4806	6076
4806	6077
4806	6078
4806	6079
4806	6080
4806	6081
4806	6082
4806	6083
4806	6084
4806	6085
4806	6086
4806	6087
4806	6088
4806	6089
4806	6090
4806	6091
4806	6092
4806	6093
4806	6094
4806	6095
4806	6096
4806	6097
4806	6098
4806	6099
4806	6100
4806	6101
4806	6102
4806	6103
4806	6104
4806	6105
4806	6106
4806	6107
4806	6108
4806	6109
4806	6110
4806	6111
4806	6112
4806	6113
4806	6114
4806	6115
4806	6116
4806	6117
4806	6118
4806	6119
4806	6120
4806	6121
4806	6122
4806	6123
4806	6124
4806	6125
4806	6126
4806	6127
4806	6128
4806	6129
4806	6130
4806	6131
4806	6132
4806	6133
4806	6134
4806	6135
4806	6136
4806	6137
4806	6138
4806	6139
4806	6140
4806	6141
4806	6142
4806	6143
4806	6144
4806	6145
4806	6146
4806	6147
4806	6148
4806	6149
4806	6150
4806	6151
4806	6152
4806	6153
4806	6154
4806	6155
4806	6156
4806	6157
4806	6158
4806	6159
4806	6160
4806	6161
4806	6162
4806	6163
4806	6164
4806	6165
4806	6166
4806	6167
4806	6168
4806	6169
4806	6170
4806	6171
4806	6172
4806	6173
4806	6174
4806	6175
4806	6176
4806	6177
4806	6178
4806	6179
4806	6180
4806	6181
4806	6182
4806	6183
4806	6184
4806	6185
4806	6186
4806	6187
4806	6188
4806	6189
4806	6190
4806	6191
4806	6192
4806	6193
4806	6194
4806	6195
4806	6196
4806	6197
4806	6198
4806	6199
4806	6200
4806	6201
4806	6202
4806	6203
4806	6204
4806	6205
4806	6206
4806	6207
4806	6208
4806	6209
4806	6210
4806	6211
4806	6212
4806	6213
4806	6214
4806	6215
4806	6216
4806	6217
4806	6218
4806	6219
4806	6220
4806	6221
4806	6222
4806	6223
4806	6224
4806	6225
4806	6226
4806	6227
4806	6228
4806	6229
4806	6230
4806	6231
4806	6232
4806	6233
4806	6234
4806	6235
4806	6236
4806	6237
4806	6238
4806	6239
4806	6240
4806	6241
4806	6242
4806	6243
4806	6244
4806	6245
4806	6246
4806	6247
4806	6248
4806	6249
4806	6250
4806	6251
4806	6252
4806	6253
4806	6254
4806	6255
4806	6256
4806	6257
4806	6258
4806	6259
4806	6260
4806	6261
4806	6262
4806	6263
4806	6264
4806	6265
4806	6266
4806	6267
4806	6268
4806	6269
4806	6270
4806	6271
4806	6272
4806	6273
4806	6274
4806	6275
4806	6276
4806	6277
4806	6278
4806	6279
4806	6280
4806	6281
4806	6282
4806	6283
4806	6284
4806	6285
4806	6286
4806	6287
4806	6288
4806	6289
4806	6290
4806	6291
4806	6292
4806	6293
4806	6294
4806	6295
4806	6296
4806	6297
4806	6298
4806	6299
4806	6300
4806	6301
4806	6302
4806	6303
4806	6304
4806	6305
4806	6306
4806	6307
4806	6308
4806	6309
4806	6310
4806	6311
4806	6312
4806	6313
4806	6314
4806	6315
4806	6316
4806	6317
4806	6318
4806	6319
4806	6320
4806	6321
4806	6322
4806	6323
4806	6324
4806	6325
4806	6326
4806	6327
4806	6328
4806	6329
4806	6330
4806	6331
4806	6332
4806	6333
4806	6334
4806	6335
4806	6336
4806	6337
4806	6338
4806	6339
4806	6340
4806	6341
4806	6342
4806	6343
4806	6344
4806	6345
4806	6346
4806	6347
4806	6348
4806	6349
4806	6350
4806	6351
4806	6352
4806	6353
4806	6354
4806	6355
4806	6356
4806	6357
4806	6358
4806	6359
4806	6360
4806	6361
4806	6362
4806	6363
4806	6364
4806	6365
4806	6366
4806	6367
4806	6368
4806	6369
4806	6370
4806	6371
4806	6372
4806	6373
4806	6374
4806	6375
4806	6376
4806	6377
4806	6378
4806	6379
4806	6380
4806	6381
4806	6382
4806	6383
4806	6384
4806	6385
4806	6386
4806	6387
4806	6388
4806	6389
4806	6390
4806	6391
4806	6392
4806	6393
4806	6394
4806	6395
4806	6396
4806	6397
4806	6398
4806	6399
4806	6400
4806	6401
4806	6402
4806	6403
4806	6404
4806	6405
4806	6406
4806	6407
4806	6408
4806	6409
4806	6410
4806	6411
4806	6412
4806	6413
4806	6414
4806	6415
4806	6416
4806	6417
4806	6418
4806	6419
4806	6420
4806	6421
4806	6422
4806	6423
4806	6424
4806	6425
4806	6426
4806	6427
4806	6428
4806	6429
4806	6430
4806	6431
4806	6432
4806	6433
4806	6434
4806	6435
4806	6436
4806	6437
4806	6438
4806	6439
4806	6440
4806	6441
4806	6442
4806	6443
4806	6444
4806	6445
4806	6446
4806	6447
4806	6448
4806	6449
4806	6450
4806	6451
4806	6452
4806	6453
4806	6454
4806	6455
4806	6456
4806	6457
4806	6458
4806	6459
4806	6460
4806	6461
4806	6462
4806	6463
4806	6464
4806	6465
4806	6466
4806	6467
4806	6468
4806	6469
4806	6470
4806	6471
4806	6472
4806	6473
4806	6474
4806	6475
4806	6476
4806	6477
4806	6478
4806	6479
4806	6480
4806	6481
4806	6482
4806	6483
4806	6484
4806	6485
4806	6486
4806	6487
4806	6488
4806	6489
4806	6490
4806	6491
4806	6492
4806	6493
4806	6494
4806	6495
4806	6496
4806	6497
4806	6498
4806	6499
4806	6500
4806	6501
4806	6502
4806	6503
4806	6504
4806	6505
4806	6506
4806	6507
4806	6508
4806	6509
4806	6510
4806	6511
4806	6512
4806	6513
4806	6514
4806	6515
4806	6516
4806	6517
4806	6518
4806	6519
4806	6520
4806	6521
4806	6522
4806	6523
4806	6524
4806	6525
4806	6526
4806	6527
4806	6528
4806	6529
4806	6530
4806	6531
4806	6532
4806	6533
4806	6534
4806	6535
4806	6536
4806	6537
4806	6538
4806	6539
4806	6540
4806	6541
4806	6542
4806	6543
4806	6544
4806	6545
4806	6546
4806	6547
4806	6548
4806	6549
4806	6550
4806	6551
4806	6552
4806	6553
4806	6554
4806	6555
4806	6556
4806	6557
4806	6558
4806	6559
4806	6560
4806	6561
4806	6562
4806	6563
4806	6564
4806	6565
4806	6566
4806	6567
4806	6568
4806	6569
4806	6570
4806	6571
4806	6572
4806	6573
4806	6574
4806	6575
4806	6576
4806	6577
4806	6578
4806	6579
4806	6580
4806	6581
4806	6582
4806	6583
4806	6584
4806	6585
4806	6586
4806	6587
4806	6588
4806	6589
4806	6590
4806	6591
4806	6592
4806	6593
4806	6594
4806	6595
4806	6596
4806	6597
4806	6598
4806	6599
4806	6600
4806	6601
4806	6602
4806	6603
4806	6604
4806	6605
4806	6606
4806	6607
4806	6608
4806	6609
4806	6610
4806	6611
4806	6612
4806	6613
4806	6614
4806	6615
4806	6616
4806	6617
4806	6618
4806	6619
4806	6620
4806	6621
4806	6622
4806	6623
4806	6624
4806	6625
4806	6626
4806	6627
4806	6628
4806	6629
4806	6630
4806	6631
4806	6632
4806	6633
4806	6634
4806	6635
4806	6636
4806	6637
4806	6638
4806	6639
4806	6640
4806	6641
4806	6642
4806	6643
4806	6644
4806	6645
4806	6646
4806	6647
4806	6648
4806	6649
4806	6650
4806	6651
4806	6652
4806	6653
4806	6654
4806	6655
4806	6656
4806	6657
4806	6658
4806	6659
4806	6660
4806	6661
4806	6662
4806	6663
4806	6664
4806	6665
4806	6666
4806	6667
4806	6668
4806	6669
4806	6670
4806	6671
4806	6672
4806	6673
4806	6674
4806	6675
4806	6676
4806	6677
4806	6678
4806	6679
4806	6680
4806	6681
4806	6682
4806	6683
4806	6684
4806	6685
4806	6686
4806	6687
4806	6688
4806	6689
4806	6690
4806	6691
4806	6692
4806	6693
4806	6694
4806	6695
4806	6696
4806	6697
4806	6698
4806	6699
4806	6700
4806	6701
4806	6702
4806	6703
4806	6704
4806	6705
4806	6706
4806	6707
4806	6708
4806	6709
4806	6710
4806	6711
4806	6712
4806	6713
4806	6714
4806	6715
4806	6716
4806	6717
4806	6718
4806	6719
4806	6720
4806	6721
4806	6722
4806	6723
4806	6724
4806	6725
4806	6726
4806	6727
4806	6728
4806	6729
4806	6730
4806	6731
4806	6732
4806	6733
4806	6734
4806	6735
4806	6736
4806	6737
4806	6738
4806	6739
4806	6740
4806	6741
4806	6742
4806	6743
4806	6744
4806	6745
4806	6746
4806	6747
4806	6748
4806	6749
4806	6750
4806	6751
4806	6752
4806	6753
4806	6754
4806	6755
4806	6756
4806	6757
4806	6758
4806	6759
4806	6760
4806	6761
4806	6762
4806	6763
4806	6764
4806	6765
4806	6766
4806	6767
4806	6768
4806	6769
4806	6770
4806	6771
4806	6772
4806	6773
4806	6774
4806	6775
4806	6776
4806	6777
4806	6778
4806	6779
4806	6780
4806	6781
4806	6782
4806	6783
4806	6784
4806	6785
4806	6786
4806	6787
4806	6788
4806	6789
4806	6790
4806	6791
4806	6792
4806	6793
4806	6794
4806	6795
4806	6796
4806	6797
4806	6798
4806	6799
4806	6800
4806	6801
4806	6802
4806	6803
4806	6804
4806	6805
4806	6806
4806	6807
4806	6808
4806	6809
4806	6810
4806	6811
4806	6812
4806	6813
4806	6814
4806	6815
4806	6816
4806	6817
4806	6818
4806	6819
4806	6820
4806	6821
4806	6822
4806	6823
4806	6824
4806	6825
4806	6826
4806	6827
4806	6828
4806	6829
4806	6830
4806	6831
4806	6832
4806	6833
4806	6834
4806	6835
4806	6836
4806	6837
4806	6838
4806	6839
4806	6840
4806	6841
4806	6842
4806	6843
4806	6844
4806	6845
4806	6846
4806	6847
4806	6848
4806	6849
4806	6850
4806	6851
4806	6852
4806	6853
4806	6854
4806	6855
4806	6856
4806	6857
4806	6858
4806	6859
4806	6860
4806	6861
4806	6862
4806	6863
4806	6864
4806	6865
4806	6866
4806	6867
4806	6868
4806	6869
4806	6870
4806	6871
4806	6872
4806	6873
4806	6874
4806	6875
4806	6876
4806	6877
4806	6878
4806	6879
4806	6880
4806	6881
4806	6882
4806	6883
4806	6884
4806	6885
4806	6886
4806	6887
4806	6888
4806	6889
4806	6890
4806	6891
4806	6892
4806	6893
4806	6894
4806	6895
4806	6896
4806	6897
4806	6898
4806	6899
4806	6900
4806	6901
4806	6902
4806	6903
4806	6904
4806	6905
4806	6906
4806	6907
4806	6908
4806	6909
4806	6910
4806	6911
4806	6912
4806	6913
4806	6914
4806	6915
4806	6916
4806	6917
4806	6918
4806	6919
4806	6920
4806	6921
4806	6922
4806	6923
4806	6924
4806	6925
4806	6926
4806	6927
4806	6928
4806	6929
4806	6930
4806	6931
4806	6932
4806	6933
4806	6934
4806	6935
4806	6936
4806	6937
4806	6938
4806	6939
4806	6940
4806	6941
4806	6942
4806	6943
4806	6944
4806	6945
4806	6946
4806	6947
4806	6948
4806	6949
4806	6950
4806	6951
4806	6952
4806	6953
4806	6954
4806	6955
4806	6956
4806	6957
4806	6958
4806	6959
4806	6960
4806	6961
4806	6962
4806	6963
4806	6964
4806	6965
4806	6966
4806	6967
4806	6968
4806	6969
4806	6970
4806	6971
4806	6972
4806	6973
4806	6974
4806	6975
4806	6976
4806	6977
4806	6978
4806	6979
4806	6980
4806	6981
4806	6982
4806	6983
4806	6984
4806	6985
4806	6986
4806	6987
4806	6988
4806	6989
4806	6990
4806	6991
4806	6992
4806	6993
4806	6994
4806	6995
4806	6996
4806	6997
4806	6998
4806	6999
4806	7000
4806	7001
4806	7002
4806	7003
4806	7004
4806	7005
4806	7006
4806	7007
4806	7008
4806	7009
4806	7010
4806	7011
4806	7012
4806	7013
4806	7014
4806	7015
4806	7016
4806	7017
4806	7018
4806	7019
4806	7020
4806	7021
4806	7022
4806	7023
4806	7024
4806	7025
4806	7026
4806	7027
4806	7028
4806	7029
4806	7030
4806	7031
4806	7032
4806	7033
4806	7034
4806	7035
4806	7036
4806	7037
4806	7038
4806	7039
4806	7040
4806	7041
4806	7042
4806	7043
4806	7044
4806	7045
4806	7046
4806	7047
4806	7048
4806	7049
4806	7050
4806	7051
4806	7052
4806	7053
4806	7054
4806	7055
4806	7056
4806	7057
4806	7058
4806	7059
4806	7060
4806	7061
4806	7062
4806	7063
4806	7064
4806	7065
4806	7066
4806	7067
4806	7068
4806	7069
4806	7070
4806	7071
4806	7072
4806	7073
4806	7074
4806	7075
4806	7076
4806	7077
4806	7078
4806	7079
4806	7080
4806	7081
4806	7082
4806	7083
4806	7084
4806	7085
4806	7086
4806	7087
4806	7088
4806	7089
4806	7090
4806	7091
4806	7092
4806	7093
4806	7094
4806	7095
4806	7096
4806	7097
4806	7098
4806	7099
4806	7100
4806	7101
4806	7102
4806	7103
4806	7104
4806	7105
4806	7106
4806	7107
4806	7108
4806	7109
4806	7110
4806	7111
4806	7112
4806	7113
4806	7114
4806	7115
4806	7116
4806	7117
4806	7118
4806	7119
4806	7120
4806	7121
4806	7122
4806	7123
4806	7124
4806	7125
4806	7126
4806	7127
4806	7128
4806	7129
4806	7130
4806	7131
4806	7132
4806	7133
4806	7134
4806	7135
4806	7136
4806	7137
4806	7138
4806	7139
4806	7140
4806	7141
4806	7142
4806	7143
4806	7144
4806	7145
4806	7146
4806	7147
4806	7148
4806	7149
4806	7150
4806	7151
4806	7152
4806	7153
4806	7154
4806	7155
4806	7156
4806	7157
4806	7158
4806	7159
4806	7160
4806	7161
4806	7162
4806	7163
4806	7164
4806	7165
4806	7166
4806	7167
4806	7168
4806	7169
4806	7170
4806	7171
4806	7172
4806	7173
4806	7174
4806	7175
4806	7176
4806	7177
4806	7178
4806	7179
4806	7180
4806	7181
4806	7182
4806	7183
4806	7184
4806	7185
4806	7186
4806	7187
4806	7188
4806	7189
4806	7190
4806	7191
4806	7192
4806	7193
4806	7194
4806	7195
4806	7196
4806	7197
4806	7198
4806	7199
4806	7200
4806	7201
4806	7202
4806	7203
4806	7204
4806	7205
4806	7206
4806	7207
4806	7208
4806	7209
4806	7210
4806	7211
4806	7212
4806	7213
4806	7214
4806	7215
4806	7216
4806	7217
4806	7218
4806	7219
4806	7220
4806	7221
4806	7222
4806	7223
4806	7224
4806	7225
4806	7226
4806	7227
4806	7228
4806	7229
4806	7230
4806	7231
4806	7232
4806	7233
4806	7234
4806	7235
4806	7236
4806	7237
4806	7238
4806	7239
4806	7240
4806	7241
4806	7242
4806	7243
4806	7244
4806	7245
4806	7246
4806	7247
4806	7248
4806	7249
4806	7250
4806	7251
4806	7252
4806	7253
4806	7254
4806	7255
4806	7256
4806	7257
4806	7258
4806	7259
4806	7260
4806	7261
4806	7262
4806	7263
4806	7264
4806	7265
4806	7266
4806	7267
4806	7268
4806	7269
4806	7270
4806	7271
4806	7272
4806	7273
4806	7274
4806	7275
4806	7276
4806	7277
4806	7278
4806	7279
4806	7280
4806	7281
4806	7282
4806	7283
4806	7284
4806	7285
4806	7286
4806	7287
4806	7288
4806	7289
4806	7290
4806	7291
4806	7292
4806	7293
4806	7294
4806	7295
4806	7296
4806	7297
4806	7298
4806	7299
4806	7300
4806	7301
4806	7302
4806	7303
4806	7304
4806	7305
4806	7306
4806	7307
4806	7308
4806	7309
4806	7310
4806	7311
4806	7312
4806	7313
4806	7314
4806	7315
4806	7316
4806	7317
4806	7318
4806	7319
4806	7320
4806	7321
4806	7322
4806	7323
4806	7324
4806	7325
4806	7326
4806	7327
4806	7328
4806	7329
4806	7330
4806	7331
4806	7332
4806	7333
4806	7334
4806	7335
4806	7336
4806	7337
4806	7338
4806	7339
4806	7340
4806	7341
4806	7342
4806	7343
4806	7344
4806	7345
4806	7346
4806	7347
4806	7348
4806	7349
4806	7350
4806	7351
4806	7352
4806	7353
4806	7354
4806	7355
4806	7356
4806	7357
4806	7358
4806	7359
4806	7360
4806	7361
4806	7362
4806	7363
4806	7364
4806	7365
4806	7366
4806	7367
4806	7368
4806	7369
4806	7370
4806	7371
4806	7372
4806	7373
4806	7374
4806	7375
4806	7376
4806	7377
4806	7378
4806	7379
4806	7380
4806	7381
4806	7382
4806	7383
4806	7384
4806	7385
4806	7386
4806	7387
4806	7388
4806	7389
4806	7390
4806	7391
4806	7392
4806	7393
4806	7394
4806	7395
4806	7396
4806	7397
4806	7398
4806	7399
4806	7400
4806	7401
4806	7402
4806	7403
4806	7404
4806	7405
4806	7406
4806	7407
4806	7408
4806	7409
4806	7410
4806	7411
4806	7412
4806	7413
4806	7414
4806	7415
4806	7416
4806	7417
4806	7418
4806	7419
4806	7420
4806	7421
4806	7422
4806	7423
4806	7424
4806	7425
4806	7426
4806	7427
4806	7428
4806	7429
4806	7430
4806	7431
4806	7432
4806	7433
4806	7434
4806	7435
4806	7436
4806	7437
4806	7438
4806	7439
4806	7440
4806	7441
4806	7442
4806	7443
4806	7444
4806	7445
4806	7446
4806	7447
4806	7448
4806	7449
4806	7450
4806	7451
4806	7452
4806	7453
4806	7454
4806	7455
4806	7456
4806	7457
4806	7458
4806	7459
4806	7460
4806	7461
4806	7462
4806	7463
4806	7464
4806	7465
4806	7466
4806	7467
4806	7468
4806	7469
4806	7470
4806	7471
4806	7472
4806	7473
4806	7474
4806	7475
4806	7476
4806	7477
4806	7478
4806	7479
4806	7480
4806	7481
4806	7482
4806	7483
4806	7484
4806	7485
4806	7486
4806	7487
4806	7488
4806	7489
4806	7490
4806	7491
4806	7492
4806	7493
4806	7494
4806	7495
4806	7496
4806	7497
4806	7498
4806	7499
4806	7500
4806	7501
4806	7502
4806	7503
4806	7504
4806	7505
4806	7506
4806	7507
4806	7508
4806	7509
4806	7510
4806	7511
4806	7512
4806	7513
4806	7514
4806	7515
4806	7516
4806	7517
4806	7518
4806	7519
4806	7520
4806	7521
4806	7522
4806	7523
4806	7524
4806	7525
4806	7526
4806	7527
4806	7528
4806	7529
