0	3944
0	4864
3944	8
3944	28
3944	167
3944	178
3944	430
3944	1264
3944	1343
3944	2014
3944	2016
4864	196
4864	206
4864	362
4864	556
4864	558
4864	560
4864	562
4864	577
4864	620
4864	633
4864	746
4864	966
4864	970
4864	971
4864	1013
4864	1155
4864	1159
4864	1182
4864	1189
4864	1358
4864	1359
4864	1360
4864	1371
4864	1426
4864	1482
4864	1540
4864	1541
4864	1542
4864	1614
4864	1681
4864	1682
4864	1856
4864	1857
4864	1902
4864	1903
4864	2112
4864	2123
4864	2232
4864	2359
4864	2360
4864	2408
4864	2609
4864	2615
4864	2690
4864	2718
4864	2764
4864	2801
4864	2802
4864	2823
4864	2889
4864	2899
4864	2949
4864	2960
4864	2971
4864	3037
4864	3041
4864	3154
4864	3281
4864	3474
4864	3728
4864	3760
4864	3766
4864	3786
4864	3871
4864	3874
4864	3893
4864	3936
4864	4361
1	3945
1	4865
3945	763
3945	772
3945	2601
4865	12
4865	35
4865	42
4865	72
4865	77
4865	102
4865	128
4865	138
4865	205
4865	293
4865	409
4865	547
4865	618
4865	708
4865	781
4865	837
4865	849
4865	857
4865	866
4865	895
4865	899
4865	982
4865	1038
4865	1565
4865	2095
4865	2107
4865	2255
4865	2415
4865	3508
4865	4361
2	3946
2	4866
3946	3
3946	4
3946	9
3946	53
3946	179
3946	2067
3946	2602
4866	11
4866	15
4866	16
4866	40
4866	45
4866	74
4866	83
4866	104
4866	112
4866	118
4866	133
4866	136
4866	158
4866	171
4866	182
4866	183
4866	185
4866	199
4866	201
4866	202
4866	218
4866	219
4866	228
4866	250
4866	260
4866	280
4866	300
4866	309
4866	336
4866	344
4866	347
4866	364
4866	381
4866	411
4866	420
4866	433
4866	472
4866	473
4866	487
4866	488
4866	509
4866	519
4866	545
4866	585
4866	586
4866	597
4866	611
4866	628
4866	640
4866	702
4866	706
4866	713
4866	726
4866	741
4866	785
4866	821
4866	865
4866	867
4866	871
4866	880
4866	902
4866	907
4866	930
4866	944
4866	961
4866	968
4866	1000
4866	1003
4866	1032
4866	1042
4866	1070
4866	1104
4866	1109
4866	1141
4866	1142
4866	1153
4866	1190
4866	1215
4866	1245
4866	1247
4866	1271
4866	1295
4866	1312
4866	1342
4866	1365
4866	1402
4866	1456
4866	1469
4866	1492
4866	1503
4866	1519
4866	1636
4866	1660
4866	1688
4866	1698
4866	1738
4866	1747
4866	1748
4866	1749
4866	1781
4866	1800
4866	1827
4866	1850
4866	1861
4866	1867
4866	1883
4866	1905
4866	1934
4866	1949
4866	1968
4866	1973
4866	1982
4866	1983
4866	1984
4866	1996
4866	2002
4866	2011
4866	2012
4866	2041
4866	2068
4866	2071
4866	2073
4866	2076
4866	2103
4866	2132
4866	2188
4866	2215
4866	2220
4866	2223
4866	2224
4866	2225
4866	2247
4866	2258
4866	2276
4866	2282
4866	2314
4866	2322
4866	2323
4866	2325
4866	2332
4866	2346
4866	2348
4866	2349
4866	2413
4866	2420
4866	2428
4866	2444
4866	2484
4866	2517
4866	2527
4866	2547
4866	2559
4866	2624
4866	2677
4866	2680
4866	2719
4866	2726
4866	2776
4866	2777
4866	2792
4866	2793
4866	2794
4866	2799
4866	2821
4866	2838
4866	2882
4866	2917
4866	2935
4866	2956
4866	2980
4866	2984
4866	3001
4866	3006
4866	3023
4866	3047
4866	3050
4866	3058
4866	3092
4866	3100
4866	3104
4866	3119
4866	3165
4866	3171
4866	3192
4866	3218
4866	3221
4866	3230
4866	3234
4866	3240
4866	3258
4866	3267
4866	3288
4866	3298
4866	3301
4866	3313
4866	3318
4866	3320
4866	3345
4866	3346
4866	3361
4866	3375
4866	3407
4866	3409
4866	3413
4866	3431
4866	3449
4866	3466
4866	3472
4866	3480
4866	3486
4866	3494
4866	3509
4866	3517
4866	3522
4866	3525
4866	3528
4866	3532
4866	3536
4866	3538
4866	3542
4866	3554
4866	3557
4866	3572
4866	3575
4866	3583
4866	3602
4866	3610
4866	3617
4866	3618
4866	3627
4866	3637
4866	3645
4866	3647
4866	3648
4866	3651
4866	3670
4866	3672
4866	3678
4866	3687
4866	3695
4866	3698
4866	3700
4866	3710
4866	3719
4866	3725
4866	3751
4866	3752
4866	3763
4866	3767
4866	3771
4866	3783
4866	3785
4866	3789
4866	3790
4866	3798
4866	3800
4866	3805
4866	3814
4866	3821
4866	3829
4866	3830
4866	3838
4866	3866
4866	3867
4866	3869
4866	3878
4866	3882
4866	3884
4866	3906
4866	3908
4866	3911
4866	3916
4866	3919
4866	3930
4866	4361
3	4867
4867	13
4867	36
4867	37
4867	49
4867	75
4867	97
4867	99
4867	149
4867	237
4867	303
4867	323
4867	330
4867	333
4867	404
4867	413
4867	451
4867	506
4867	508
4867	671
4867	917
4867	1079
4867	1345
4867	1505
4867	1576
4867	1584
4867	1624
4867	1680
4867	1718
4867	1731
4867	1790
4867	1811
4867	1812
4867	1823
4867	1853
4867	2245
4867	3116
4867	3117
4867	4361
4	4868
4868	31
4868	165
4868	1106
4868	1114
4868	1121
4868	1256
4868	1313
4868	2858
5	3947
5	4869
3947	6
3947	17
3947	18
3947	31
3947	34
3947	57
3947	60
3947	70
3947	380
3947	383
3947	456
3947	489
3947	810
3947	812
3947	839
3947	864
3947	1764
3947	1844
3947	2079
3947	2081
3947	2507
3947	2508
3947	2509
3947	2674
3947	2675
3947	2743
4869	7
4869	8
4869	19
6	4870
7	3948
3948	50
3948	352
3948	382
3948	654
3948	1275
9	4871
4871	66
4871	69
4871	207
4871	246
4871	349
4871	998
4871	1517
4871	1774
4871	1775
4871	4361
10	3949
10	4872
3949	11
3949	30
3949	182
3949	184
3949	209
3949	212
3949	221
3949	3674
12	3950
3950	13
3950	15
3950	86
3950	125
3950	326
3950	367
3950	370
3950	537
3950	592
3950	3875
14	3951
14	4873
3951	16
3951	24
3951	39
3951	291
3951	417
3951	418
3951	459
4873	76
4873	85
4873	4361
17	4874
4874	20
4874	46
4874	47
4874	67
4874	79
4874	116
4874	121
4874	137
4874	152
4874	153
4874	235
4874	244
4874	320
4874	334
4874	339
4874	351
4874	355
4874	431
4874	567
4874	568
4874	614
4874	676
4874	682
4874	712
4874	740
4874	774
4874	808
4874	878
4874	879
4874	1096
4874	1116
4874	1123
4874	1143
4874	1383
4874	2033
4874	2177
4874	2200
4874	2936
4874	3024
4874	3215
4874	3283
4874	3286
4874	3353
4874	3419
4874	3596
4874	3881
4874	4361
18	4875
4875	22
4875	28
4875	32
4875	39
4875	50
4875	52
4875	58
4875	78
4875	87
4875	114
4875	122
4875	125
4875	127
4875	146
4875	147
4875	159
4875	161
4875	168
4875	169
4875	173
4875	184
4875	190
4875	203
4875	210
4875	211
4875	225
4875	227
4875	229
4875	230
4875	242
4875	270
4875	275
4875	294
4875	307
4875	308
4875	310
4875	328
4875	335
4875	340
4875	346
4875	350
4875	377
4875	385
4875	386
4875	408
4875	414
4875	438
4875	463
4875	464
4875	471
4875	481
4875	486
4875	544
4875	561
4875	598
4875	637
4875	643
4875	661
4875	667
4875	683
4875	709
4875	751
4875	753
4875	764
4875	925
4875	935
4875	937
4875	949
4875	1100
4875	1154
4875	1165
4875	1310
4875	1316
4875	1327
4875	1339
4875	1376
4875	1395
4875	1420
4875	1458
4875	1475
4875	2446
4875	2459
4875	2462
4875	2536
4875	2702
4875	2770
4875	2855
4875	2859
4875	4361
19	3952
3952	27
3952	44
3952	648
3952	649
3952	651
3952	658
3952	1666
3952	1668
20	3953
3953	21
3953	22
3953	23
3953	25
3953	26
3953	29
3953	66
21	4876
4876	24
4876	62
23	4877
4877	27
4877	51
4877	53
4877	81
4877	82
4877	108
4877	186
4877	220
4877	239
4877	341
4877	343
4877	466
4877	467
4877	468
4877	495
4877	497
4877	501
4877	817
4877	1204
4877	1280
4877	1283
4877	1294
4877	1431
4877	1438
4877	1443
4877	1508
4877	1652
4877	1653
4877	1672
4877	1750
4877	1797
4877	1798
4877	1987
4877	2514
4877	2555
4877	2765
4877	2862
4877	2937
4877	3136
4877	3137
4877	3464
4877	3465
4877	4361
25	4878
26	4879
4879	59
4879	60
4879	65
4879	80
4879	92
4879	94
4879	113
4879	164
4879	197
4879	204
4879	249
4879	291
4879	1870
4879	1887
4879	4361
29	4880
4880	30
4880	33
4880	38
4880	44
4880	48
4880	100
4880	123
4880	162
4880	163
4880	198
4880	233
4880	259
4880	288
4880	311
4880	321
4880	322
4880	436
4880	790
4880	816
4880	882
4880	883
4880	885
4880	947
4880	1034
4880	1848
4880	1884
4880	1985
4880	1999
4880	2013
4880	2044
4880	2055
4880	2284
4880	2289
4880	2356
4880	2447
4880	2457
4880	2458
4880	2528
4880	2783
4880	2824
4880	2988
4880	3135
4880	3166
4880	3198
4880	3204
4880	3326
4880	3831
4880	4361
32	3954
3954	36
3954	2313
33	3955
3955	37
3955	2334
34	4881
4881	4361
35	3956
3956	56
38	3957
3957	245
3957	360
3957	788
3957	824
3957	825
3957	826
3957	3289
40	3958
3958	1005
3958	1980
41	3959
41	4882
3959	264
3959	277
4882	63
4882	124
4882	836
4882	4361
42	3960
43	3961
43	4883
3961	46
3961	62
3961	342
3961	1373
3961	1465
4883	105
4883	625
45	3962
47	3963
3963	48
3963	49
3963	51
3963	52
3963	54
3963	642
3963	672
3963	2605
54	4884
4884	56
4884	126
55	3964
55	4885
3964	656
3964	3261
3964	3312
57	4886
4886	170
4886	200
58	3965
3965	831
59	3966
3966	64
3966	231
61	3967
61	4887
3967	89
3967	95
4887	93
4887	119
4887	129
4887	145
4887	154
4887	180
4887	188
4887	189
4887	194
4887	226
4887	236
4887	274
4887	297
4887	298
4887	302
4887	313
4887	356
4887	368
4887	426
4887	430
4887	432
4887	441
4887	461
4887	479
4887	503
4887	535
4887	546
4887	639
4887	668
4887	691
4887	728
4887	767
4887	773
4887	803
4887	810
4887	838
4887	919
4887	920
4887	932
4887	993
4887	1010
4887	1067
4887	1146
4887	1174
4887	1217
4887	1238
4887	1248
4887	1251
4887	1286
4887	1304
4887	1355
4887	1361
4887	1363
4887	1391
4887	1392
4887	1393
4887	1483
4887	1769
4887	2004
4887	2180
4887	2211
4887	2250
4887	2256
4887	2266
4887	2952
4887	3191
4887	4361
63	3968
3968	72
3968	156
3968	157
3968	159
3968	172
3968	475
64	4888
4888	88
4888	111
4888	693
65	3969
3969	68
3969	107
67	3970
3970	69
68	4889
4889	98
4889	160
4889	299
4889	477
4889	711
4889	4361
70	4890
4890	96
4890	120
4890	284
4890	359
4890	805
4890	1224
4890	1396
4890	1470
4890	1493
4890	1629
4890	2674
4890	4361
71	3971
71	4891
4891	4361
73	3972
73	4892
3972	74
3972	75
3972	82
3972	283
3972	395
3972	397
3972	403
3972	407
3972	455
3972	1092
3972	1095
4892	166
4892	2467
4892	2470
76	3973
3973	79
3973	80
77	3974
3974	91
3974	97
3974	2611
78	3975
3975	81
3975	99
3975	115
3975	1981
3975	2595
3975	2596
3975	2960
83	3976
3976	84
3976	85
3976	88
3976	96
3976	105
3976	106
3976	147
3976	289
3976	375
3976	604
3976	621
3976	681
3976	767
3976	1229
3976	1231
84	4893
86	4894
4894	117
4894	496
4894	1421
4894	2018
4894	3275
4894	3888
87	3977
3977	267
3977	376
89	4895
4895	90
4895	251
4895	3386
4895	4361
90	3978
3978	92
91	4896
4896	103
93	3979
3979	112
3979	493
94	3980
3980	685
3980	686
3980	1334
3980	1335
95	4897
4897	101
4897	110
4897	2393
4897	2425
4897	4361
98	3981
3981	101
3981	102
3981	103
3981	108
3981	109
3981	117
3981	143
3981	215
3981	446
3981	1008
3981	1522
100	3982
104	3983
3983	114
3983	166
3983	193
3983	613
106	4898
4898	107
4898	130
4898	131
4898	132
4898	134
4898	135
4898	151
4898	155
4898	156
4898	157
4898	174
4898	181
4898	261
4898	287
4898	305
4898	306
4898	687
4898	701
4898	703
4898	989
4898	1006
4898	1081
4898	1085
4898	1092
4898	1105
4898	1127
4898	1129
4898	1198
4898	1199
4898	1201
4898	1203
4898	1208
4898	1218
4898	1219
4898	1225
4898	1229
4898	1249
4898	1255
4898	1257
4898	1287
4898	1300
4898	1301
4898	1306
4898	1309
4898	1314
4898	1319
4898	1320
4898	1326
4898	1331
4898	1332
4898	1334
4898	1335
4898	1353
4898	1354
4898	1372
4898	1373
4898	1377
4898	1378
4898	1380
4898	1385
4898	1439
4898	1463
4898	1486
4898	1488
4898	1491
4898	1497
4898	1499
4898	1516
4898	1526
4898	1530
4898	1531
4898	1534
4898	1551
4898	1554
4898	1568
4898	1573
4898	1574
4898	1579
4898	1581
4898	1588
4898	1590
4898	1608
4898	1625
4898	1635
4898	1641
4898	1642
4898	1646
4898	1659
4898	1666
4898	1676
4898	1679
4898	1689
4898	1696
4898	1702
4898	1708
4898	1720
4898	1740
4898	1742
4898	1746
4898	1751
4898	1754
4898	1756
4898	1763
4898	1770
4898	1777
4898	1792
4898	1799
4898	1809
4898	1810
4898	1817
4898	1822
4898	1832
4898	1839
4898	1859
4898	1865
4898	1868
4898	1872
4898	1878
4898	1880
4898	1881
4898	1888
4898	1889
4898	1899
4898	1900
4898	1901
4898	1911
4898	1916
4898	1925
4898	1931
4898	1933
4898	1939
4898	1963
4898	1965
4898	1966
4898	1967
4898	1976
4898	1979
4898	1980
4898	1997
4898	1998
4898	2024
4898	2051
4898	2059
4898	2151
4898	2152
4898	2169
4898	2186
4898	2191
4898	2219
4898	2290
4898	2307
4898	2308
4898	2327
4898	2328
4898	2334
4898	2341
4898	2405
4898	2550
4898	2595
4898	2617
4898	2622
4898	2648
4898	2681
4898	2696
4898	2704
4898	2716
4898	2723
4898	2725
4898	2736
4898	2843
4898	2860
4898	2861
4898	2875
4898	2891
4898	2894
4898	2895
4898	2909
4898	2910
4898	2948
4898	2953
4898	2961
4898	2974
4898	2975
4898	3003
4898	3019
4898	3034
4898	3060
4898	3091
4898	3097
4898	3144
4898	3145
4898	3150
4898	3158
4898	3164
4898	3190
4898	3228
4898	3264
4898	3310
4898	3317
4898	3329
4898	3337
4898	3349
4898	3433
4898	3436
4898	3462
4898	3468
4898	3500
4898	3555
4898	3564
4898	3615
4898	3623
4898	3624
4898	3655
4898	3656
4898	3691
4898	3697
4898	3699
4898	3715
4898	3797
4898	3834
4898	3847
4898	4361
109	4899
4899	150
4899	1410
4899	1412
4899	1414
110	3984
3984	111
113	3985
3985	116
3985	149
3985	335
3985	336
3985	384
115	4900
4900	582
4900	4361
118	3986
3986	119
3986	168
3986	170
120	3987
3987	121
3987	122
3987	135
3987	2604
123	3988
3988	124
3988	325
3988	587
3988	594
3988	601
3988	603
3988	927
3988	1244
3988	1540
3988	1578
3988	2608
126	3989
3989	139
3989	155
3989	175
3989	344
3989	444
127	3990
3990	128
3990	130
3990	131
3990	132
3990	134
3990	136
3990	141
3990	406
3990	701
3990	1574
3990	2104
3990	2760
3990	3468
3990	3474
3990	3478
3990	3597
3990	3600
3990	3658
129	3991
3991	133
3991	324
3991	2404
3991	2603
137	3992
3992	142
3992	151
3992	908
3992	2607
3992	3895
138	3993
3993	146
139	4901
4901	574
4901	4361
140	3994
140	4902
3994	169
3994	214
4902	143
4902	1695
141	4903
4903	142
144	3995
144	4904
3995	148
3995	150
3995	257
3995	1181
3995	1182
4904	4361
145	3996
3996	181
148	4905
4905	301
4905	570
152	3997
3997	158
3997	162
3997	164
3997	174
3997	737
3997	963
153	3998
3998	154
160	3999
3999	161
3999	163
3999	165
3999	176
3999	213
167	4906
171	4000
4000	387
4000	393
172	4907
173	4001
175	4908
4908	176
4908	177
4908	178
4908	179
4908	191
4908	192
4908	193
4908	223
4908	240
4908	241
4908	247
4908	248
4908	269
4908	278
4908	295
4908	314
4908	318
4908	329
4908	378
4908	400
4908	417
4908	494
4908	500
4908	566
4908	650
4908	765
4908	1026
4908	1036
4908	1071
4908	1171
4908	1213
4908	1227
4908	1297
4908	1318
4908	1427
4908	2062
4908	2091
4908	2195
4908	2235
4908	2236
4908	2240
4908	2271
4908	2394
4908	2430
4908	2433
4908	2436
4908	2448
4908	2449
4908	2456
4908	2493
4908	2532
4908	2548
4908	2590
4908	2599
4908	2657
4908	2707
4908	2717
4908	2727
4908	2775
4908	2904
4908	2914
4908	2918
4908	2919
4908	2939
4908	3017
4908	3175
4908	3208
4908	3217
4908	3227
4908	3256
4908	3257
4908	3321
4908	3352
4908	3369
4908	3499
4908	3503
4908	3540
4908	3601
4908	4361
177	4002
180	4003
4003	234
183	4004
4004	186
4004	1180
4004	1194
4004	1196
185	4005
4005	187
4005	188
4005	196
4005	241
4005	1220
4005	1223
187	4909
4909	353
189	4006
4006	190
4006	290
4006	1172
4006	2273
191	4007
4007	803
192	4008
4008	195
4008	222
4008	271
4008	577
4008	589
4008	679
4008	707
4008	724
4008	761
4008	1504
4008	1982
4008	1983
4008	1994
4008	3444
4008	3447
194	4009
4009	1585
4009	1586
4009	3873
195	4910
4910	352
4910	354
4910	358
4910	389
4910	393
4910	405
4910	412
4910	418
4910	419
4910	440
4910	465
4910	470
4910	478
4910	492
4910	493
4910	511
4910	536
4910	537
4910	554
4910	590
4910	651
4910	735
4910	950
4910	986
4910	1424
4910	1428
4910	1479
4910	1480
4910	1583
4910	1807
4910	1969
197	4010
4010	198
199	4011
4011	200
4011	203
4011	204
4011	217
4011	255
4011	391
4011	442
4011	457
201	4012
4012	220
4012	798
4012	802
202	4013
4013	278
205	4014
4014	206
4014	208
4014	216
4014	256
4014	273
4014	327
4014	399
4014	606
4014	793
4014	829
4014	835
4014	1531
4014	1537
4014	1538
207	4015
4015	1251
208	4911
209	4912
4912	224
4912	232
4912	243
4912	252
4912	292
4912	531
4912	549
4912	632
4912	704
4912	715
4912	731
4912	739
4912	859
4912	898
4912	964
4912	1004
4912	1015
4912	1017
4912	1053
4912	1163
4912	1170
4912	1196
4912	1209
4912	1328
4912	1341
4912	1366
4912	1367
4912	1511
4912	1575
4912	1734
4912	2049
4912	2338
4912	2490
4912	3068
4912	3069
4912	3242
4912	3489
4912	3585
4912	3666
4912	4361
210	4016
4016	219
4016	2399
4016	3242
211	4017
4017	218
212	4913
4913	213
4913	214
4913	215
4913	216
4913	217
4913	231
4913	829
221	4914
4914	222
4914	523
4914	1018
4914	1019
4914	1020
4914	1021
4914	2785
4914	3497
4914	3498
4914	4361
223	4018
4018	227
4018	372
224	4019
4019	230
4019	253
4019	261
225	4020
4020	238
4020	602
226	4021
4021	228
4021	232
4021	258
4021	262
4021	1252
229	4022
233	4023
4023	1241
234	4915
4915	245
4915	4361
235	4024
4024	242
236	4025
4025	237
4025	239
4025	240
4025	243
4025	281
4025	620
4025	650
4025	732
4025	757
4025	1090
238	4916
244	4026
246	4027
4027	247
4027	249
4027	250
4027	263
248	4028
4028	2140
251	4029
4029	252
4029	319
253	4917
4917	254
4917	255
4917	256
4917	257
4917	258
254	4030
4030	797
259	4031
4031	260
4031	268
4031	270
4031	458
4031	858
4031	1001
4031	1656
4031	1739
4031	2319
4031	2333
262	4918
263	4919
264	4920
4920	267
265	4032
265	4921
4032	992
4032	993
4032	994
4032	995
4032	1006
4921	823
4921	4361
266	4033
266	4922
4033	269
4033	2606
268	4923
271	4924
272	4034
272	4925
4034	504
4034	505
4925	4361
273	4926
4926	603
4926	605
4926	609
4926	610
4926	612
4926	659
4926	1665
274	4035
4035	275
4035	276
4035	279
4035	280
4035	284
4035	285
4035	287
4035	1086
4035	1206
4035	1207
276	4927
4927	819
277	4928
4928	290
4928	304
279	4929
281	4930
282	4036
282	4931
4036	293
4036	294
283	4932
4932	972
285	4933
286	4037
286	4934
4037	288
4037	338
289	4935
4935	4361
292	4038
4038	304
295	4039
4039	300
4039	322
296	4040
296	4936
4040	297
4936	348
4936	357
4936	361
4936	1083
4936	1784
298	4041
4041	303
4041	308
4041	1053
299	4042
4042	301
4042	317
4042	331
302	4043
4043	310
4043	312
4043	315
4043	2066
305	4044
4044	313
4044	314
4044	316
4044	1232
4044	1236
306	4045
4045	307
4045	309
4045	333
4045	337
4045	343
4045	699
4045	1125
4045	1164
311	4046
4046	334
4046	698
312	4937
315	4938
316	4939
4939	317
4939	319
318	4047
4047	320
4047	321
4047	607
323	4048
324	4940
4940	325
4940	326
4940	327
4940	331
4940	332
4940	337
4940	338
4940	342
4940	1381
4940	2678
4940	2688
4940	3912
4940	4361
328	4049
4049	329
4049	332
4049	1225
4049	1235
4049	1237
4049	2789
330	4050
4050	569
339	4051
4051	340
4051	341
4051	349
4051	373
4051	428
4051	491
4051	664
4051	1277
4051	3492
4051	3721
345	4052
345	4941
4052	410
4052	423
4941	2175
4941	3626
4941	3845
4941	4361
346	4053
4053	348
347	4054
350	4055
4055	846
4055	852
351	4056
4056	362
353	4057
4057	354
4057	1240
355	4058
4058	356
4058	357
4058	358
4058	377
4058	381
359	4059
4059	361
4059	363
4059	364
4059	365
4059	366
4059	371
4059	374
4059	379
4059	388
4059	390
4059	392
4059	396
4059	398
4059	422
4059	445
4059	452
4059	480
4059	512
4059	523
4059	562
4059	610
4059	872
4059	874
360	4942
4942	550
4942	795
4942	796
4942	852
4942	933
4942	996
4942	1156
4942	4361
363	4943
4943	372
4943	591
4943	875
4943	1337
4943	1387
4943	1403
4943	1722
4943	2421
4943	2471
4943	2500
4943	2519
4943	2540
4943	2570
4943	2863
4943	3027
4943	3726
365	4944
366	4945
367	4946
4946	373
4946	427
4946	429
4946	462
4946	743
4946	754
4946	850
4946	893
4946	894
4946	909
4946	4361
368	4060
4060	369
4060	451
4060	522
4060	1257
369	4947
4947	370
4947	371
4947	383
4947	384
4947	1819
374	4948
375	4949
4949	376
378	4061
4061	1619
4061	1620
4061	2893
4061	2894
379	4950
380	4951
382	4952
385	4062
4062	389
4062	394
4062	402
4062	1115
4062	2194
4062	2196
4062	2197
4062	2199
386	4063
4063	684
387	4953
4953	416
388	4954
4954	410
4954	540
4954	543
4954	579
4954	581
4954	980
4954	981
4954	994
4954	1033
4954	1066
4954	4361
390	4955
4955	394
391	4956
392	4957
4957	424
4957	425
4957	449
4957	529
4957	623
4957	1178
4957	2886
4957	2892
4957	2893
4957	2901
4957	3598
395	4958
4958	527
4958	4361
396	4959
4959	1273
4959	1962
4959	2171
397	4960
398	4961
399	4962
4962	658
4962	2043
4962	2481
4962	2636
400	4064
4064	404
4064	405
4064	425
401	4065
401	4963
4963	959
402	4964
4964	2088
403	4965
406	4966
4966	407
408	4066
4066	412
4066	416
4066	443
4066	485
4066	560
4066	1447
409	4067
4067	411
4067	413
4067	414
4067	415
4067	424
4067	426
4067	429
4067	435
4067	447
4067	448
4067	450
4067	453
4067	466
4067	476
4067	521
4067	745
415	4967
4967	552
4967	565
4967	946
4967	1115
4967	1429
4967	1433
4967	1604
4967	1732
4967	1978
4967	2142
4967	3233
4967	3236
4967	3737
4967	3889
419	4068
4068	420
4068	421
4068	427
4068	467
4068	1078
421	4968
422	4969
4969	530
4969	1049
4969	1445
4969	2031
4969	2084
423	4970
428	4971
4971	437
431	4069
4069	432
4069	433
4069	436
4069	438
4069	439
4069	468
434	4070
434	4972
4070	449
4070	2455
4070	2462
4070	2463
4070	2466
4070	2486
4972	4361
435	4973
4973	3526
437	4071
4071	440
4071	441
4071	454
4071	792
439	4974
4974	988
442	4975
4975	443
4975	444
445	4976
446	4977
4977	460
4977	551
4977	705
4977	890
4977	1258
4977	1259
4977	1260
4977	1524
4977	1591
4977	1871
4977	2001
4977	3782
447	4978
448	4979
4979	583
450	4980
4980	1618
452	4981
4981	4361
453	4982
4982	454
4982	455
4982	456
4982	457
4982	458
4982	459
4982	483
4982	485
4982	563
4982	564
4982	599
4982	636
4982	698
4982	699
4982	744
4982	762
4982	777
4982	848
4982	861
4982	862
4982	876
4982	877
4982	896
4982	901
4982	924
4982	965
4982	1022
4982	1051
4982	1073
4982	1089
4982	1098
4982	1113
4982	1128
4982	1150
4982	1151
4982	1210
4982	1211
4982	1233
4982	1329
4982	1330
4982	1407
4982	1408
4982	1437
4982	1474
4982	1490
4982	1772
4982	1854
4982	1993
4982	2117
4982	2653
4982	2686
4982	2689
4982	2749
4982	2954
4982	3025
4982	3099
4982	3209
4982	3382
4982	3383
4982	3558
4982	4361
460	4072
4072	461
4072	462
4072	483
4072	490
4072	501
4072	519
4072	527
4072	539
4072	3436
4072	3440
463	4073
4073	465
4073	518
464	4074
469	4075
469	4983
4075	472
4075	997
4075	1019
4075	1044
4983	4361
470	4076
4076	471
4076	473
474	4077
474	4984
4077	765
4077	1513
4984	475
4984	476
4984	538
4984	663
4984	4361
477	4078
4078	478
4078	479
4078	481
4078	482
4078	484
4078	488
4078	499
4078	510
4078	514
4078	515
4078	517
4078	525
4078	526
4078	530
4078	533
4078	558
4078	2877
4078	3915
480	4985
4985	677
4985	679
4985	4361
482	4986
484	4987
4987	1941
486	4079
4079	487
4079	495
4079	506
4079	531
489	4988
4988	490
4988	491
492	4080
4080	497
4080	502
4080	503
4080	507
4080	508
4080	513
4080	516
4080	520
4080	524
4080	528
4080	532
4080	534
4080	540
4080	556
4080	559
4080	566
4080	1331
4080	1397
4080	1412
494	4081
4081	496
4081	498
498	4989
499	4990
500	4082
4082	529
502	4991
504	4992
4992	505
4992	1662
4992	2730
4992	2740
4992	3609
507	4993
4993	1347
509	4083
4083	511
4083	567
510	4994
4994	512
4994	1858
4994	1891
513	4995
514	4996
515	4997
4997	3842
516	4998
517	4999
4999	573
518	5000
520	5001
5001	524
521	5002
5002	522
525	5003
526	5004
528	5005
532	5006
5006	660
533	5007
534	5008
535	4084
4084	536
4084	538
4084	541
4084	544
4084	549
4084	550
4084	557
4084	564
4084	578
4084	583
4084	591
4084	595
4084	624
539	5009
541	5010
542	4085
542	5011
4085	543
4085	551
4085	561
4085	563
4085	565
4085	571
4085	572
4085	573
4085	574
4085	575
4085	576
4085	580
4085	593
4085	596
4085	600
4085	619
4085	1105
545	4086
4086	546
4086	547
4086	548
4086	552
4086	553
4086	554
4086	555
4086	568
4086	582
4086	906
548	5012
553	5013
555	5014
557	5015
559	5016
569	5017
5017	833
570	4087
4087	669
4087	674
4087	1753
4087	1756
4087	3814
571	5018
572	5019
575	5020
576	5021
5021	1148
5021	1714
5021	1804
5021	2987
5021	3080
578	5022
579	4088
4088	738
4088	739
580	5023
581	4089
4089	584
4089	590
4089	1088
4089	3163
4089	3164
584	5024
5024	589
5024	592
5024	594
5024	622
5024	649
5024	654
5024	692
5024	749
5024	763
5024	800
5024	809
5024	831
5024	846
5024	4361
585	4090
4090	588
4090	599
4090	794
586	4091
4091	598
4091	616
4091	622
4091	791
4091	827
587	5025
5025	588
5025	608
5025	613
5025	997
5025	1008
5025	1011
5025	1012
5025	1014
5025	1027
5025	1035
5025	1061
5025	3530
5025	3531
5025	4361
593	5026
595	5027
596	5028
5028	948
5028	1694
597	4092
4092	617
4092	623
4092	659
4092	678
4092	722
4092	3707
600	5029
601	5030
5030	602
5030	606
5030	607
5030	617
5030	645
5030	1122
5030	1221
5030	2273
5030	2274
5030	4361
604	5031
605	4093
4093	643
4093	645
4093	657
608	4094
4094	612
4094	636
4094	655
4094	661
4094	665
4094	666
609	4095
4095	611
4095	615
4095	626
4095	629
4095	630
4095	641
4095	646
4095	647
4095	652
4095	662
4095	670
614	4096
4096	618
4096	631
4096	634
4096	644
4096	700
4096	721
615	5032
616	5033
619	5034
621	5035
5035	642
5035	2030
5035	2497
624	5036
625	4097
4097	627
4097	628
4097	632
4097	633
4097	635
4097	637
4097	638
4097	639
4097	653
4097	3491
626	5037
627	5038
629	5039
630	5040
5040	760
5040	1097
5040	1946
631	5041
5041	1029
634	5042
635	5043
638	5044
5044	1072
5044	1158
5044	1226
5044	2827
640	4098
4098	660
4098	1137
4098	1521
641	5045
5045	656
5045	657
5045	673
5045	674
5045	675
5045	686
5045	721
5045	722
5045	723
5045	724
5045	770
5045	771
5045	772
5045	3529
5045	3591
644	5046
646	5047
647	5048
5048	736
5048	1370
5048	1500
648	5049
5049	666
5049	680
5049	689
5049	4361
652	5050
653	5051
655	5052
5052	672
5052	4361
662	5053
5053	664
5053	665
5053	757
5053	758
5053	789
5053	791
5053	792
5053	793
663	4099
667	4100
4100	675
4100	693
4100	695
668	4101
4101	671
4101	673
4101	677
4101	688
4101	690
4101	696
4101	716
4101	718
4101	1230
4101	1594
669	5054
5054	670
5054	678
5054	681
5054	684
5054	700
5054	710
5054	714
5054	719
5054	729
5054	761
5054	780
5054	782
5054	798
5054	802
5054	804
5054	807
5054	811
5054	814
5054	839
5054	844
5054	856
5054	858
5054	860
5054	863
5054	868
5054	874
5054	881
5054	892
5054	903
5054	912
5054	913
5054	914
5054	921
5054	931
5054	939
5054	945
5054	956
5054	962
5054	973
5054	992
5054	995
5054	1007
5054	1016
5054	1028
5054	1030
5054	1031
5054	1052
5054	1058
5054	1075
5054	1082
5054	1084
5054	1088
5054	1099
5054	1108
5054	1110
5054	1111
5054	1120
5054	1132
5054	1149
5054	1175
5054	1176
5054	1195
5054	1197
5054	1205
5054	1212
5054	1237
5054	1250
5054	1252
5054	1261
5054	1264
5054	1293
5054	1305
5054	1311
5054	1315
5054	1323
5054	1325
5054	1333
5054	1338
5054	1349
5054	1351
5054	1386
5054	1394
5054	1400
5054	1432
5054	1444
5054	1453
5054	1459
5054	1476
5054	1478
5054	1481
5054	1484
5054	1494
5054	1498
5054	1502
5054	1510
5054	1514
5054	1533
5054	1535
5054	1536
5054	1552
5054	1566
5054	1567
5054	1580
5054	1598
5054	1599
5054	1610
5054	1616
5054	1632
5054	1634
5054	1644
5054	1645
5054	1649
5054	1657
5054	1668
5054	1671
5054	1685
5054	1687
5054	1690
5054	1697
5054	1703
5054	1705
5054	1737
5054	1741
5054	1744
5054	1745
5054	1755
5054	1758
5054	1760
5054	1761
5054	1762
5054	1776
5054	1778
5054	1785
5054	1793
5054	1795
5054	1806
5054	1814
5054	1818
5054	1820
5054	1824
5054	1849
5054	1855
5054	1860
5054	1869
5054	1873
5054	1874
5054	1885
5054	1893
5054	1895
5054	1896
5054	1897
5054	1898
5054	1904
5054	1914
5054	1917
5054	1929
5054	1930
5054	1935
5054	1936
5054	1938
5054	1940
5054	1945
5054	1950
5054	1956
5054	1961
5054	1964
5054	1970
5054	1977
5054	1986
5054	2000
5054	2005
5054	2008
5054	2010
5054	2014
5054	2019
5054	2021
5054	2023
5054	2029
5054	2037
5054	2040
5054	2042
5054	2050
5054	2052
5054	2058
5054	2061
5054	2064
5054	2072
5054	2074
5054	2081
5054	2092
5054	2102
5054	2105
5054	2113
5054	2115
5054	2131
5054	2145
5054	2157
5054	2161
5054	2164
5054	2174
5054	2189
5054	2192
5054	2197
5054	2205
5054	2206
5054	2213
5054	2214
5054	2217
5054	2218
5054	2222
5054	2228
5054	2233
5054	2242
5054	2246
5054	2251
5054	2252
5054	2257
5054	2265
5054	2275
5054	2281
5054	2287
5054	2291
5054	2293
5054	2294
5054	2309
5054	2312
5054	2320
5054	2324
5054	2326
5054	2331
5054	2335
5054	2337
5054	2347
5054	2350
5054	2352
5054	2361
5054	2362
5054	2365
5054	2373
5054	2382
5054	2383
5054	2386
5054	2389
5054	2397
5054	2400
5054	2412
5054	2416
5054	2419
5054	2427
5054	2441
5054	2445
5054	2454
5054	2460
5054	2461
5054	2463
5054	2469
5054	2478
5054	2479
5054	2483
5054	2494
5054	2503
5054	2511
5054	2513
5054	2523
5054	2526
5054	2533
5054	2535
5054	2539
5054	2542
5054	2544
5054	2545
5054	2549
5054	2551
5054	2557
5054	2587
5054	2596
5054	2597
5054	2600
5054	2601
5054	2602
5054	2603
5054	2604
5054	2605
5054	2606
5054	2607
5054	2608
5054	2611
5054	2612
5054	2616
5054	2619
5054	2621
5054	2628
5054	2634
5054	2635
5054	2637
5054	2647
5054	2658
5054	2661
5054	2666
5054	2676
5054	2679
5054	2695
5054	2700
5054	2701
5054	2705
5054	2706
5054	2710
5054	2712
5054	2714
5054	2715
5054	2721
5054	2724
5054	2733
5054	2758
5054	2759
5054	2763
5054	2769
5054	2774
5054	2778
5054	2779
5054	2781
5054	2782
5054	2784
5054	2790
5054	2791
5054	2795
5054	2796
5054	2798
5054	2809
5054	2825
5054	2836
5054	2839
5054	2844
5054	2857
5054	2865
5054	2874
5054	2876
5054	2881
5054	2896
5054	2900
5054	2903
5054	2905
5054	2908
5054	2911
5054	2916
5054	2922
5054	2923
5054	2930
5054	2931
5054	2941
5054	2942
5054	2950
5054	2958
5054	2962
5054	2964
5054	2967
5054	2972
5054	2976
5054	2978
5054	2996
5054	2998
5054	3002
5054	3004
5054	3008
5054	3039
5054	3042
5054	3043
5054	3045
5054	3051
5054	3064
5054	3066
5054	3067
5054	3070
5054	3084
5054	3089
5054	3090
5054	3094
5054	3095
5054	3098
5054	3101
5054	3102
5054	3103
5054	3105
5054	3115
5054	3127
5054	3130
5054	3141
5054	3146
5054	3168
5054	3170
5054	3174
5054	3177
5054	3180
5054	3201
5054	3202
5054	3216
5054	3220
5054	3226
5054	3229
5054	3235
5054	3239
5054	3243
5054	3245
5054	3259
5054	3266
5054	3269
5054	3284
5054	3287
5054	3293
5054	3297
5054	3300
5054	3303
5054	3306
5054	3311
5054	3314
5054	3319
5054	3323
5054	3335
5054	3336
5054	3341
5054	3342
5054	3344
5054	3350
5054	3358
5054	3363
5054	3367
5054	3370
5054	3371
5054	3372
5054	3374
5054	3379
5054	3385
5054	3387
5054	3394
5054	3404
5054	3406
5054	3408
5054	3412
5054	3416
5054	3427
5054	3429
5054	3432
5054	3437
5054	3438
5054	3441
5054	3452
5054	3454
5054	3467
5054	3473
5054	3475
5054	3495
5054	3504
5054	3510
5054	3513
5054	3518
5054	3520
5054	3521
5054	3527
5054	3533
5054	3534
5054	3537
5054	3543
5054	3549
5054	3551
5054	3556
5054	3576
5054	3595
5054	3608
5054	3612
5054	3614
5054	3622
5054	3632
5054	3676
5054	3693
5054	3694
5054	3696
5054	3701
5054	3716
5054	3723
5054	3744
5054	3768
5054	3788
5054	3793
5054	3794
5054	3799
5054	3804
5054	3819
5054	3820
5054	3822
5054	3828
5054	3836
5054	3844
5054	3860
5054	3861
5054	3865
5054	3868
5054	3870
5054	3880
5054	3887
5054	3892
5054	3896
5054	3907
5054	3909
5054	3917
5054	3918
5054	3935
5054	4361
676	4102
4102	683
680	4103
4103	682
4103	1606
4103	1617
685	5055
5055	707
5055	725
5055	727
5055	801
5055	1397
5055	1398
5055	1435
687	4104
688	5056
689	4105
4105	691
4105	692
4105	694
4105	697
4105	887
690	5057
694	5058
695	5059
5059	2631
5059	2632
5059	2633
696	5060
5060	697
702	4106
4106	703
4106	704
4106	705
4106	709
4106	730
4106	734
4106	736
4106	873
706	4107
4107	708
4107	715
4107	717
4107	720
4107	733
710	4108
711	4109
4109	719
4109	723
4109	743
4109	787
4109	855
4109	1228
4109	1282
4109	2617
712	4110
4110	714
713	4111
4111	758
716	5061
5061	783
5061	784
5061	884
5061	922
5061	951
5061	969
5061	985
5061	1025
5061	1112
5061	1298
5061	1379
5061	1399
5061	1401
5061	1430
5061	1509
5061	1558
5061	1612
5061	1669
5061	1712
5061	1715
5061	1730
5061	1757
5061	1765
5061	1796
5061	1845
5061	1951
5061	2128
5061	2210
5061	2230
5061	2366
5061	2450
5061	2552
5061	2947
5061	4361
717	5062
5062	1390
5062	2372
718	5063
5063	1550
5063	1640
720	5064
725	4112
726	4113
4113	727
4113	728
4113	729
4113	731
4113	747
4113	755
4113	1073
4113	1091
730	5065
5065	732
5065	737
5065	738
5065	752
5065	788
5065	3131
5065	3132
5065	3133
5065	3179
5065	4361
733	5066
5066	2202
5066	2203
5066	2204
5066	2963
5066	3463
5066	3541
734	5067
735	4114
4114	764
4114	956
740	4115
4115	741
4115	742
4115	744
4115	750
4115	766
4115	768
4115	775
742	5068
745	5069
5069	747
746	4116
4116	748
4116	749
4116	751
4116	754
4116	756
4116	759
4116	760
4116	762
4116	769
4116	770
4116	776
4116	796
748	5070
5070	778
5070	806
5070	4361
750	5071
752	4117
4117	753
4117	795
4117	905
4117	2688
755	5072
756	5073
5073	1147
5073	1466
5073	1587
5073	1589
5073	1611
5073	1639
5073	1892
5073	1894
5073	1943
5073	2178
5073	2485
5073	2664
5073	2913
5073	3088
5073	3093
5073	3152
5073	3193
5073	3322
5073	3334
759	5074
5074	915
766	5075
768	5076
769	5077
771	4118
4118	780
773	4119
4119	774
4119	777
4119	779
4119	782
4119	783
4119	786
4119	1188
4119	1191
775	5078
776	5079
5079	1090
5079	1091
778	4120
4120	781
4120	830
779	5080
5080	870
5080	1605
5080	1661
5080	1841
784	4121
4121	785
4121	789
786	5081
787	5082
5082	812
5082	813
5082	815
5082	843
5082	940
5082	941
5082	942
5082	957
5082	960
5082	979
5082	983
5082	984
5082	987
5082	1040
5082	1043
5082	1063
5082	1077
5082	1078
5082	1193
5082	1268
5082	1302
5082	1303
5082	2267
5082	2866
5082	2867
5082	2868
5082	2869
5082	4361
790	4122
4122	799
4122	842
4122	851
4122	1879
4122	1887
4122	1892
4122	2968
4122	3131
4122	3186
794	5083
5083	797
5083	854
5083	1005
5083	1124
5083	1125
5083	1133
5083	1216
5083	1959
5083	1972
5083	2045
5083	2046
5083	2056
5083	2057
5083	2100
5083	2196
5083	2239
5083	2329
5083	2464
5083	2668
5083	2670
5083	2694
5083	2711
799	5084
5084	842
800	4123
4123	801
4123	817
4123	822
4123	844
804	4124
4124	809
805	4125
4125	806
4125	807
4125	808
4125	815
4125	816
4125	818
4125	819
4125	821
4125	841
811	4126
4126	813
4126	820
4126	823
4126	845
814	4127
4127	828
4127	847
818	5085
5085	824
5085	1094
5085	1095
5085	1164
820	5086
822	5087
825	5088
5088	851
826	5089
5089	827
5089	840
5089	916
5089	999
5089	1375
828	5090
830	5091
5091	832
5091	834
5091	887
5091	904
5091	905
5091	906
5091	908
5091	923
5091	1350
5091	1434
5091	1468
5091	1753
5091	1787
5091	1788
5091	1876
5091	2034
5091	2659
5091	3396
5091	4361
832	4128
4128	833
4128	834
4128	848
835	5092
836	4129
4129	837
4129	838
4129	840
4129	843
4129	850
4129	967
4129	991
4129	3628
841	5093
845	5094
847	5095
5095	4361
849	4130
4130	853
4130	854
853	5096
855	5097
5097	1322
856	4131
4131	857
4131	859
4131	865
860	4132
4132	870
4132	871
4132	897
4132	898
4132	1021
861	4133
4133	867
4133	868
4133	869
4133	875
4133	886
4133	888
4133	891
4133	911
4133	918
4133	934
4133	1553
862	4134
4134	866
4134	1136
863	4135
4135	876
4135	2553
4135	2556
4135	2993
864	5098
869	5099
5099	872
5099	873
877	4136
4136	885
4136	892
878	4137
4137	880
4137	881
4137	882
879	4138
4138	883
4138	884
4138	889
4138	894
4138	910
4138	917
4138	972
886	5100
5100	1623
5100	3232
888	5101
889	5102
5102	1423
890	4139
4139	893
4139	895
4139	896
4139	900
4139	915
4139	926
4139	928
4139	929
891	5103
5103	1609
5103	1615
5103	1791
897	5104
5104	1442
899	4140
4140	901
4140	902
4140	904
900	5105
903	4141
4141	907
4141	1094
909	4142
4142	959
4142	960
910	5106
911	5107
5107	1272
912	4143
4143	913
4143	922
4143	1119
914	4144
4144	920
4144	921
4144	938
4144	942
4144	949
916	4145
4145	919
4145	924
4145	2654
918	5108
923	4146
4146	1242
4146	1243
4146	1339
4146	1352
925	4147
4147	955
4147	996
926	5109
5109	1782
5109	2498
5109	2748
5109	3566
927	5110
5110	1009
5110	1831
5110	2310
5110	2741
928	5111
929	5112
930	4148
4148	931
932	4149
4149	935
4149	936
4149	939
4149	941
4149	943
4149	944
4149	946
4149	948
4149	952
4149	953
4149	964
4149	990
4149	1018
933	4150
4150	937
4150	940
4150	1320
4150	2772
4150	2842
4150	2848
4150	2866
934	5113
5113	936
5113	938
5113	976
943	5114
945	4151
4151	1012
4151	1133
4151	3883
947	4152
4152	950
4152	1187
951	4153
4153	954
4153	966
4153	2390
952	5115
953	5116
954	5117
5117	955
5117	978
957	4154
4154	958
4154	961
4154	962
4154	965
4154	971
4154	977
958	5118
963	5119
5119	1037
5119	1039
5119	1041
5119	1044
5119	1118
967	5120
5120	1239
5120	1262
5120	2139
968	4155
4155	969
4155	970
4155	973
4155	974
4155	975
4155	976
4155	978
4155	979
4155	989
974	5121
975	5122
977	5123
5123	2610
980	4156
4156	985
4156	1022
981	4157
4157	982
4157	983
984	4158
4158	1010
4158	1011
4158	1020
4158	1024
986	4159
4159	987
4159	988
4159	1014
4159	1029
990	5124
5124	2581
5124	2651
991	5125
998	4160
4160	999
4160	1000
4160	1004
4160	1009
4160	1525
4160	1527
4160	1633
4160	1637
1001	5126
1002	4161
1002	5127
4161	1003
5127	1230
5127	1236
5127	3885
1007	4162
1013	4163
4163	1015
4163	1023
1016	4164
4164	1017
1023	5128
1024	5129
1025	4165
4165	1026
1027	4166
4166	1028
1030	4167
1031	4168
4168	1041
4168	1043
4168	1134
1032	4169
4169	1033
1034	4170
4170	1069
4170	1139
1035	4171
4171	1036
4171	1037
4171	1045
4171	1046
4171	1047
4171	1048
4171	1051
4171	1055
4171	1057
4171	1059
4171	1060
4171	1080
4171	1093
4171	1097
4171	1102
4171	1116
4171	1148
1038	4172
4172	1039
4172	1040
4172	1042
4172	1049
4172	1050
4172	1052
4172	1054
4172	1056
4172	1058
4172	1074
4172	1076
4172	1087
1045	5130
1046	5131
1047	5132
1048	5133
1050	5134
1054	5135
1055	5136
1056	5137
5137	1101
5137	1191
5137	1321
1057	5138
5138	2371
1059	5139
5139	2146
5139	2564
5139	3072
5139	3399
1060	5140
1061	4173
4173	1068
4173	1785
1062	4174
1062	5141
4174	1063
4174	1066
1064	4175
1064	5142
4175	1065
5142	1065
5142	4361
1067	4176
4176	1072
1068	5143
5143	1069
1070	4177
4177	1071
4177	1118
1074	5144
5144	1472
5144	2048
1075	4178
4178	1077
4178	1079
4178	1081
1076	5145
1080	5146
1082	4179
4179	1083
1084	4180
4180	1085
4180	1089
4180	1161
4180	1166
4180	1167
4180	1174
4180	1176
1086	5147
1087	5148
1093	5149
5149	1461
5149	1600
5149	1727
5149	2264
5149	2431
5149	2565
1096	4181
4181	1098
4181	1099
4181	1100
4181	1101
4181	1103
4181	1104
4181	1106
4181	1107
4181	1138
4181	1186
4181	2201
4181	2202
1102	5150
1103	5151
1107	5152
1108	4182
4182	1109
4182	1110
4182	1112
4182	1113
4182	1117
4182	1159
4182	1184
4182	1234
4182	2200
4182	2207
4182	3453
1111	4183
4183	1114
1117	5153
1119	5154
1120	4184
4184	1121
4184	1126
4184	1127
1122	4185
1123	4186
4186	1124
4186	1128
4186	1129
4186	1130
4186	1131
4186	1135
4186	1145
4186	1147
4186	1152
4186	1155
4186	1157
4186	1158
4186	1160
4186	1162
4186	1178
4186	1179
4186	1192
4186	3835
4186	3871
1126	5155
1130	5156
5156	4361
1131	5157
1132	4187
4187	1163
4187	1185
1134	5158
5158	1136
5158	1140
5158	2160
5158	2407
5158	3147
5158	4361
1135	5159
1137	5160
5160	1138
5160	1139
5160	1144
5160	1169
5160	1172
5160	1173
5160	1180
5160	1181
5160	1265
5160	1282
5160	1285
5160	1369
5160	1527
5160	1826
5160	1908
5160	1915
5160	4361
1140	4188
4188	1142
4188	1143
4188	1146
4188	1151
4188	1156
1141	4189
4189	1144
4189	1149
4189	1150
1145	5161
5161	1223
5161	3122
1152	5162
5162	1166
5162	1167
5162	1168
5162	1183
5162	1184
5162	1200
5162	1207
5162	1220
5162	1222
5162	1228
5162	1275
5162	1277
5162	1279
5162	1352
5162	1364
5162	1405
5162	1406
5162	1436
5162	1460
5162	1471
5162	1473
5162	1485
5162	1538
5162	1539
5162	1601
5162	1602
5162	1617
5162	1620
5162	1631
5162	1650
5162	1678
5162	1684
5162	1691
5162	1693
5162	1716
5162	1717
5162	1719
5162	1733
5162	1759
5162	1877
5162	1882
5162	1886
5162	1922
5162	1923
5162	1932
5162	1947
5162	1948
5162	1953
5162	1955
5162	1958
5162	2020
5162	2075
5162	2082
5162	2106
5162	2141
5162	2150
5162	2209
5162	2226
5162	2248
5162	2268
5162	2342
5162	2343
5162	2353
5162	2368
5162	2379
5162	2406
5162	2560
5162	2630
5162	2639
5162	2667
5162	2698
5162	2739
5162	2871
5162	2872
5162	2880
5162	2885
5162	2887
5162	2888
5162	2897
5162	3031
5162	3181
5162	3188
5162	3199
5162	3265
5162	3295
5162	3305
5162	3327
5162	3663
5162	4361
1153	4190
4190	1154
4190	1654
1157	5163
5163	2231
5163	2598
5163	3772
1160	5164
1161	5165
1162	5166
1165	4191
4191	1168
4191	1169
4191	1173
4191	1208
4191	1209
4191	1319
4191	1354
1170	4192
4192	1177
1171	4193
4193	1175
4193	1183
1177	5167
5167	1187
5167	1188
5167	1202
5167	1477
5167	1677
5167	1863
5167	1890
5167	2873
5167	3348
5167	3619
5167	3620
5167	3630
5167	3638
5167	3801
5167	3862
5167	3914
1179	5168
5168	2038
5168	2738
5168	2985
1185	5169
5169	1307
5169	4361
1186	5170
5170	1194
5170	1206
5170	1489
5170	1658
5170	1789
5170	1808
5170	1813
5170	1981
5170	2047
5170	2067
5170	2212
5170	2345
5170	2453
5170	2473
5170	2518
5170	2556
5170	2720
5170	2773
5170	3055
5170	3059
5170	3237
5170	3338
5170	3351
5170	3381
5170	3453
5170	3519
5170	3523
5170	3835
5170	4361
1189	4194
4194	1190
4194	1193
4194	1195
4194	1210
4194	1246
1192	5171
1197	4195
4195	1198
4195	1199
4195	1200
4195	1204
4195	1211
4195	3759
4195	3760
1201	4196
4196	1202
4196	1205
4196	1214
4196	1219
1203	4197
4197	1213
1212	4198
4198	1215
4198	1216
4198	1218
4198	3686
4198	3703
1214	5172
1217	4199
4199	1222
4199	1239
1221	4200
4200	1270
1224	4201
4201	1226
4201	1227
4201	1322
4201	1338
4201	3392
1231	5173
5173	1232
5173	1234
1233	4202
4202	1247
4202	1250
4202	1278
1235	5174
5174	3653
5174	3753
1238	4203
1240	5175
5175	1241
5175	1242
5175	1243
5175	1244
5175	1246
5175	1266
5175	1317
5175	1324
5175	1343
5175	1501
5175	4361
1245	4204
4204	1248
4204	1253
4204	1254
4204	1255
4204	1256
4204	1267
4204	1281
4204	1283
4204	1288
4204	1290
4204	1291
4204	1292
4204	1299
4204	1467
1249	4205
4205	1348
4205	1351
1253	5176
5176	1487
1254	5177
5177	2144
1258	4206
4206	1259
4206	1266
4206	1268
4206	1269
4206	1272
4206	1273
4206	1274
4206	1276
4206	1284
4206	1285
4206	1289
4206	1296
4206	1442
4206	1507
4206	1549
4206	1872
4206	1925
4206	2317
4206	3018
4206	3445
4206	3448
4206	3460
1260	4207
4207	1261
4207	1262
4207	1263
4207	1265
4207	1271
4207	1279
4207	1280
4207	2060
1263	5178
1267	5179
1269	5180
1270	5181
1274	5182
1276	5183
1278	5184
5184	1766
5184	1767
5184	2722
5184	4361
1281	5185
1284	5186
1286	4208
4208	1287
4208	1293
1288	5187
1289	5188
1290	5189
1291	5190
1292	5191
1294	4209
4209	1313
4209	1440
1295	4210
4210	1297
4210	1298
4210	1300
4210	1303
4210	1316
1296	5192
1299	5193
5193	3134
5193	3546
5193	3569
1301	4211
4211	1302
1304	4212
4212	1305
4212	1306
4212	1695
1307	4213
1308	4214
1308	5194
4214	1309
4214	1310
4214	1311
4214	1312
4214	1317
4214	1321
4214	1329
4214	1360
5194	2108
5194	4361
1314	4215
4215	1315
4215	1318
1323	4216
4216	1325
4216	1328
4216	1341
1324	4217
4217	1326
4217	1327
4217	1330
4217	2269
1332	4218
4218	1333
4218	1336
4218	1337
4218	1340
4218	1344
4218	1346
4218	1347
4218	1359
4218	1375
4218	1383
4218	1384
4218	2209
1336	5195
5195	4361
1340	5196
1342	4219
4219	1345
4219	1362
1344	5197
1346	5198
5198	1348
5198	1357
1349	4220
4220	1350
4220	1381
4220	1468
1353	4221
4221	1355
4221	1356
4221	1358
4221	1367
1356	5199
1357	4222
4222	1361
4222	1364
4222	1365
4222	1368
4222	1369
4222	1370
4222	1371
1362	5200
5200	1374
1363	4223
4223	1366
1368	5201
1372	4224
4224	1374
4224	1546
1376	4225
4225	1377
4225	1378
4225	1382
4225	1387
4225	1389
4225	1418
4225	1581
4225	1901
1379	4226
4226	1380
4226	1441
1382	5202
5202	1384
5202	1388
5202	2543
1385	4227
4227	1386
4227	1693
1388	4228
4228	1416
1389	5203
5203	2480
1390	4229
4229	1391
4229	1452
4229	1457
4229	1466
1392	4230
4230	1393
4230	1394
4230	1408
1395	4231
4231	1399
4231	1400
4231	1406
1396	4232
4232	1398
4232	1401
4232	1402
4232	1403
4232	1405
4232	1407
4232	1409
4232	1410
4232	1411
4232	1413
4232	1414
4232	1415
4232	1417
4232	1419
4232	1422
4232	1423
4232	1425
4232	1428
4232	1429
4232	1431
4232	2692
4232	2694
1404	4233
1404	5204
4233	1545
4233	1547
1409	5205
5205	1464
5205	2249
5205	2375
5205	2510
1411	5206
1413	5207
5207	1418
1415	5208
1416	5209
1417	5210
1419	5211
1420	4234
4234	1421
4234	1426
4234	1427
1422	5212
1424	4235
4235	1435
1425	5213
1430	4236
4236	1433
4236	1436
4236	1437
4236	1439
4236	1443
4236	1450
1432	4237
4237	1434
1438	4238
1440	5214
1441	5215
5215	2288
5215	2410
5215	3205
5215	3206
5215	3207
5215	3222
5215	3263
5215	3308
5215	3316
5215	3355
5215	3377
5215	3428
5215	3440
5215	3456
5215	3461
5215	3631
1444	4239
4239	1445
4239	1446
1446	5216
5216	4361
1447	5217
5217	1448
5217	1449
1448	4240
1449	4241
4241	1451
4241	1453
4241	1454
4241	1455
4241	1456
4241	1458
4241	1461
4241	1462
4241	1464
1450	5218
5218	1451
5218	1452
5218	3435
1454	5219
5219	1515
5219	1596
1455	5220
5220	1710
1457	5221
5221	4361
1459	4242
4242	1460
4242	1463
4242	1482
4242	1489
1462	5222
5222	3121
5222	3378
1465	5223
1467	5224
1469	4243
4243	1473
4243	1544
4243	1550
1470	4244
4244	1471
4244	1472
4244	1474
4244	1475
4244	1477
4244	1555
4244	2618
1476	4245
4245	1479
4245	1488
4245	1948
1478	4246
4246	2101
1480	4247
4247	1481
4247	1500
1483	4248
4248	1484
4248	1485
4248	1487
4248	1490
4248	1496
4248	1543
1486	4249
4249	1495
1491	4250
4250	1492
1493	4251
4251	1494
1495	5225
5225	1651
5225	1802
5225	1862
5225	2614
5225	4361
1496	5226
5226	2742
5226	2851
1497	4252
4252	1498
1499	4253
4253	1506
1501	4254
4254	1502
1503	4255
4255	1505
4255	1508
4255	2270
1504	5227
5227	1506
5227	1507
5227	1513
5227	1521
5227	1522
5227	1525
5227	1528
5227	1529
5227	1543
5227	1544
5227	1545
5227	1546
5227	1557
5227	1559
5227	1560
5227	1561
5227	1564
5227	1578
5227	1592
5227	1593
5227	1606
5227	1607
5227	1626
5227	1638
5227	1647
5227	1648
5227	1664
5227	1667
5227	1670
5227	1674
5227	1725
5227	1735
5227	1752
5227	1771
5227	1805
5227	1821
5227	2387
5227	4361
1509	4256
4256	1510
4256	1512
4256	1515
4256	1539
4256	1561
1511	4257
1512	5228
1514	4258
4258	1516
4258	1560
4258	1562
4258	1583
4258	1686
1517	4259
4259	1518
4259	1519
4259	1520
4259	1523
4259	1524
4259	1559
1518	5229
1520	5230
1523	5231
1526	4260
4260	1529
4260	1533
4260	1542
4260	1572
1528	4261
4261	1530
4261	1532
4261	1536
4261	1541
4261	1548
4261	1563
1532	5232
5232	1556
5232	1562
5232	1582
5232	1586
5232	1627
5232	1643
5232	1675
5232	1768
5232	2411
5232	2675
5232	2829
5232	4361
1534	4262
4262	1535
4262	1570
4262	1852
1537	5233
1547	5234
1548	5235
1549	5236
1551	4263
4263	1571
1552	4264
4264	1554
4264	1584
4264	2788
1553	5237
5237	1594
5237	1829
5237	2788
5237	3260
5237	4361
1555	5238
1556	4265
4265	1557
4265	1558
4265	1567
4265	1573
4265	1575
4265	1577
1563	5239
1564	4266
4266	1565
4266	1566
4266	1568
4266	1569
4266	1576
4266	3523
4266	3529
1569	5240
5240	1570
5240	1572
5240	1585
5240	1619
5240	1621
5240	1622
5240	1875
5240	2957
5240	2992
5240	3096
5240	3357
5240	3359
5240	3362
5240	3649
5240	3650
5240	3671
5240	3824
5240	3942
5240	4361
1571	5241
1577	5242
1579	4267
4267	1580
4267	1582
4267	1589
4267	1602
4267	1603
1587	4268
4268	1588
4268	1593
4268	1595
4268	1596
4268	1597
4268	1599
4268	1604
4268	1609
4268	1623
4268	3169
4268	3172
1590	4269
4269	1591
4269	1592
4269	1598
4269	1600
4269	1601
4269	1605
4269	1614
4269	1653
1595	5243
1597	5244
1603	5245
5245	1613
1607	4270
4270	1640
1608	4271
4271	1639
1610	4272
4272	1611
4272	1612
4272	1613
4272	1615
4272	1618
4272	1622
4272	1628
4272	1630
1616	4273
4273	1621
1624	4274
4274	1625
4274	1626
4274	1627
4274	1631
4274	1632
4274	2154
1628	5246
1629	4275
4275	1636
1630	5247
5247	2747
1633	5248
1634	4276
4276	1635
1637	5249
5249	1673
5249	2820
1638	4277
4277	1641
4277	1642
4277	1644
4277	1652
4277	1665
4277	2659
1643	4278
4278	1645
4278	1646
1647	4279
4279	1655
4279	1673
1648	4280
4280	1649
4280	1650
1651	4281
1654	5250
5250	1815
5250	2554
1655	5251
1656	5252
1657	4282
4282	1658
4282	1659
4282	1660
4282	1661
4282	1662
4282	1663
4282	1664
4282	1683
4282	2443
1663	5253
1667	4283
4283	1669
1670	4284
4284	1671
4284	1672
4284	1682
1674	4285
4285	1675
4285	1676
4285	1678
4285	3187
4285	3195
1677	4286
4286	3048
4286	3109
1679	4287
4287	1680
4287	1681
1683	5254
1684	4288
4288	1685
1686	5255
5255	3163
1687	4289
4289	1688
4289	1689
4289	1691
4289	1692
4289	1694
4289	2403
1690	4290
1692	5256
1696	4291
4291	1698
4291	1699
4291	1700
4291	1701
4291	1704
4291	1706
4291	1707
4291	1709
4291	1710
4291	1711
4291	1713
4291	1717
4291	1721
4291	1722
4291	1726
4291	1727
1697	4292
4292	1719
4292	1723
4292	1731
1699	5257
5257	1918
1700	5258
1701	5259
5259	1924
5259	2541
5259	2731
5259	3028
1702	4293
4293	1703
1704	5260
1705	4294
4294	1708
4294	1715
4294	1716
4294	1728
1706	5261
1707	5262
1709	5263
1711	5264
1712	4295
4295	1714
4295	1718
4295	1720
4295	1724
4295	1725
4295	1729
4295	1732
4295	1734
4295	1736
4295	1743
4295	3423
4295	3425
1713	5265
1721	5266
5266	1723
1724	5267
1726	5268
1728	5269
1729	5270
1730	4296
4296	1733
1735	4297
4297	1750
1736	5271
1737	4298
4298	1738
1739	5272
1740	4299
1741	4300
4300	1742
1743	5273
1744	4301
4301	1748
1745	4302
4302	1746
4302	1749
1747	4303
4303	1755
1751	4304
4304	1752
4304	1767
4304	1768
1754	4305
4305	1757
4305	1758
4305	1759
1760	4306
4306	1766
4306	1769
1761	4307
4307	1772
4307	1774
4307	1851
1762	4308
1763	4309
4309	1765
4309	1773
4309	1779
1764	5274
1770	4310
4310	1771
1773	5275
5275	1974
5275	1975
1775	4311
4311	1776
4311	1777
1778	4312
4312	1780
4312	1781
4312	1782
4312	1783
4312	1784
4312	1786
4312	1789
4312	1790
4312	1791
4312	1794
4312	1798
4312	1802
4312	1803
4312	1804
4312	1809
1779	5276
1780	5277
1783	5278
1786	5279
1787	4313
4313	1788
4313	1807
1792	4314
4314	1793
4314	1797
1794	5280
1795	4315
4315	1796
4315	1799
4315	1800
4315	1801
4315	1808
1801	5281
1803	5282
1805	4316
4316	2280
1806	4317
4317	1812
4317	1819
1810	4318
4318	1811
4318	1813
4318	1814
4318	1815
4318	1816
4318	1857
1816	5283
5283	2789
5283	4361
1817	4319
4319	1818
1820	4320
4320	1821
4320	1822
4320	1823
4320	1825
4320	1826
4320	1827
4320	1828
4320	1829
4320	1830
4320	1831
4320	1833
4320	1834
4320	1835
4320	1836
4320	1837
4320	1838
4320	1841
4320	1854
4320	1856
4320	1858
1824	4321
1825	5284
5284	4361
1828	5285
1830	5286
1832	4322
4322	1842
4322	1846
4322	1848
1833	5287
5287	2183
5287	2185
5287	2229
1834	5288
1835	5289
5289	1912
5289	1952
5289	2434
5289	2474
5289	2499
5289	2766
5289	2906
5289	2932
5289	2955
5289	3139
5289	3340
5289	3354
5289	3365
5289	3366
5289	3376
5289	3384
5289	3439
5289	3443
5289	3560
5289	3594
1836	5290
1837	5291
1838	5292
5292	1992
5292	2121
1839	4323
4323	1840
4323	1845
4323	1847
4323	1849
1840	5293
1842	5294
1843	4324
1843	5295
4324	1853
4324	1874
1844	5296
5296	2069
1846	5297
1847	5298
1850	4325
4325	2274
1851	5299
1852	5300
5300	4361
1855	4326
4326	1876
1859	4327
4327	1860
4327	1861
4327	1862
4327	1863
1864	4328
1864	5301
4328	1865
4328	1870
4328	1962
1866	4329
1866	5302
4329	1871
4329	1875
4329	1884
1867	4330
4330	1868
4330	1869
1873	4331
1877	4332
4332	1878
1879	5303
1880	4333
4333	2925
4333	3850
1881	4334
4334	1882
4334	1883
1885	4335
4335	1886
4335	1888
1889	4336
4336	1890
4336	1891
4336	1894
1893	4337
4337	2805
1895	4338
1896	4339
4339	1903
1897	4340
4340	1900
4340	1902
1898	4341
4341	1899
4341	1937
1904	4342
4342	1905
4342	1906
4342	1907
4342	1908
4342	1909
4342	1910
4342	1911
4342	1912
4342	1913
4342	1918
4342	1919
4342	1920
4342	1921
4342	1924
4342	1926
4342	1927
4342	1942
4342	1993
4342	2248
4342	2254
4342	3421
1906	5304
1907	5305
1909	5306
1910	5307
1913	5308
1914	4343
4343	1915
4343	1923
1916	4344
4344	1917
4344	1922
1919	5309
1920	5310
1921	5311
5311	4361
1926	5312
1927	5313
5313	3078
1928	4345
1928	5314
4345	1929
4345	1932
1930	4346
4346	1931
1933	4347
4347	1938
4347	1952
4347	1991
1934	4348
4348	1946
4348	1947
1935	4349
4349	1939
1936	4350
1937	5315
5315	2402
5315	2403
5315	2404
5315	2465
5315	2703
5315	3271
1940	4351
1941	4352
4352	2490
1942	5316
1943	4353
4353	1944
4353	1945
4353	3430
1944	5317
1949	4354
4354	1950
1951	4355
4355	1957
4355	2959
1953	4356
1954	4357
1954	5318
4357	1956
1955	4358
4358	1960
4358	1961
4358	2009
1957	5319
1958	4359
4359	1959
4359	1975
4359	3393
1960	5320
1963	4360
4360	3386
1964	4361
4361	1965
4361	3943
4361	5801
4361	5802
4361	5803
4361	5804
4361	5805
4361	5806
4361	5598
4361	5807
4361	5808
4361	5809
4361	5810
4361	5811
4361	5812
4361	5813
4361	5814
4361	5815
4361	5816
4361	5817
4361	5818
4361	5819
4361	5820
4361	5821
4361	5822
4361	5823
4361	5824
4361	5825
4361	5826
4361	5827
4361	5828
4361	5829
4361	5830
4361	5831
4361	5832
4361	5833
4361	5834
4361	5835
4361	5836
4361	5837
4361	5838
4361	5427
4361	5839
4361	5840
4361	5841
4361	5842
4361	5843
4361	5844
4361	5845
4361	5846
4361	5847
4361	5848
4361	5849
4361	5850
4361	5851
4361	5852
4361	5853
4361	5854
4361	5855
4361	5856
4361	5857
4361	5858
4361	5859
4361	5860
4361	5861
4361	5862
4361	5863
4361	5864
4361	5865
4361	5866
4361	5867
4361	5868
4361	5869
4361	5870
4361	5871
4361	5872
4361	5873
4361	5874
4361	5875
4361	5876
4361	5401
4361	5650
4361	5877
4361	5878
4361	5329
4361	5879
4361	5337
4361	5335
4361	5880
4361	5881
4361	5882
4361	5883
4361	5376
4361	5884
4361	5885
4361	5886
4361	5351
4361	5409
4361	5555
4361	5342
4361	5887
4361	5888
4361	5889
4361	5403
4361	5890
4361	5571
4361	5891
4361	5892
4361	5893
4361	5446
4361	5894
4361	5895
4361	5896
4361	5897
4361	5898
4361	5899
4361	5900
4361	5783
4361	5901
4361	5902
4361	5903
4361	5904
4361	5905
4361	5906
4361	5907
4361	5908
4361	5909
4361	5363
4361	5910
4361	5911
4361	5506
4361	5912
4361	5913
4361	5914
4361	5915
4361	5916
4361	5508
4361	5917
4361	5918
4361	5919
4361	5920
4361	5921
4361	5922
4361	5923
4361	5924
4361	5925
4361	5926
4361	5927
4361	5928
4361	5929
4361	5930
4361	5931
4361	5932
4361	5573
4361	5933
4361	5546
4361	5934
4361	5935
4361	5936
4361	5937
4361	5938
4361	5939
4361	5354
4361	5399
4361	5940
4361	5941
4361	5942
4361	5943
4361	5553
4361	5944
4361	5482
4361	5945
4361	5946
4361	5947
4361	5551
4361	5948
4361	5949
4361	5950
4361	5951
4361	5952
4361	5953
4361	5954
4361	5955
4361	5956
4361	5957
4361	5958
4361	5576
4361	5581
4361	5547
4361	5959
4361	5960
4361	5961
4361	5962
4361	5963
4361	5964
4361	5965
4361	5596
4361	5966
4361	5967
4361	5968
4361	5969
4361	5970
4361	5971
4361	5972
4361	5599
4361	5973
4361	5600
4361	5974
4361	5975
4361	5607
4361	5609
4361	5667
4361	5976
4361	5977
4361	5978
4361	5979
4361	5980
4361	5981
4361	5982
4361	5983
4361	5984
4361	5560
4361	5985
4361	5634
4361	5986
4361	5987
4361	5988
4361	5989
4361	5990
4361	5991
4361	5992
4361	5993
4361	5994
4361	5995
4361	5996
4361	5997
4361	5998
4361	5999
4361	6000
4361	5659
4361	6001
4361	5658
4361	6002
4361	5662
4361	5668
4361	6003
4361	6004
4361	5663
4361	6005
4361	6006
4361	6007
4361	6008
4361	6009
4361	5672
4361	6010
4361	6011
4361	6012
4361	5673
4361	6013
4361	6014
4361	6015
4361	5583
4361	6016
4361	6017
4361	6018
4361	6019
4361	6020
4361	6021
4361	6022
4361	6023
4361	6024
4361	6025
4361	6026
4361	6027
4361	6028
4361	6029
4361	6030
4361	6031
4361	6032
4361	6033
4361	6034
4361	5345
4361	6035
4361	6036
4361	6037
4361	6038
4361	6039
4361	6040
4361	5718
4361	6041
4361	6042
4361	6043
4361	6044
4361	6045
4361	6046
4361	5779
4361	6047
4361	6048
4361	6049
4361	6050
4361	6051
4361	6052
4361	6053
4361	5731
4361	5735
4361	6054
4361	5331
4361	6055
4361	6056
4361	6057
4361	6058
4361	6059
4361	6060
4361	6061
4361	6062
4361	5742
4361	5745
4361	6063
4361	5746
4361	5655
4361	6064
4361	6065
4361	5756
4361	6066
4361	6067
4361	6068
4361	6069
4361	5770
4361	5758
4361	6070
4361	6071
4361	6072
4361	6073
4361	6074
4361	6075
4361	6076
4361	5681
4361	5774
4361	6077
4361	6078
4361	5775
4361	6079
4361	6080
4361	6081
4361	6082
4361	6083
4361	6084
4361	6085
4361	5791
4361	6086
4361	6087
4361	6088
4361	6089
4361	6090
4361	5633
4361	6091
4361	5793
4361	5794
4361	6092
4361	5798
4361	6093
1966	4362
4362	1968
4362	1969
4362	1974
4362	1990
4362	2007
4362	2017
1967	4363
1970	4364
4364	1971
4364	1972
4364	1973
1971	5321
1976	4365
4365	1977
4365	1978
1979	4366
4366	2002
1984	4367
4367	1985
4367	1986
4367	1987
4367	1988
4367	1989
4367	1992
4367	1995
4367	2003
4367	2028
4367	2030
1988	5322
1989	5323
5323	2162
1990	5324
1991	5325
1994	5326
1995	5327
1996	4368
4368	1997
4368	2006
4368	2008
4368	2439
1998	4369
4369	1999
4369	2000
2001	4370
2003	5328
2004	4371
4371	2005
2006	5329
2007	5330
5330	2009
5330	2015
5330	2063
5330	2065
5330	2110
5330	2129
5330	2130
5330	2292
5330	2522
5330	2530
5330	3905
2010	4372
4372	2011
4372	2012
4372	2013
4372	2018
4372	2020
2015	4373
2016	5331
5331	2017
5331	2800
5331	3646
2019	4374
4374	2021
4374	2022
4374	2027
2022	5332
2023	4375
4375	2024
4375	2025
4375	2026
4375	2031
4375	2032
4375	2036
4375	2038
4375	2039
4375	2172
4375	2183
4375	3606
2025	5333
2026	5334
5334	2344
5334	2652
5334	3071
5334	3769
2027	5335
5335	2028
5335	2613
2029	4376
4376	2046
2032	5336
2033	4377
4377	2043
4377	2045
2034	4378
2035	4379
2035	5337
2036	5338
2037	4380
4380	2160
4380	2211
4380	2212
2039	5339
2040	4381
4381	2041
2042	4382
4382	2044
4382	2047
4382	2057
2048	4383
4383	2049
4383	2050
2051	4384
4384	2052
4384	2053
4384	2054
4384	2055
4384	2056
4384	2062
4384	3309
2053	5340
2054	5341
2058	4385
4385	2059
4385	2069
2060	5342
5342	2193
5342	2194
5342	2201
5342	2207
5342	2241
5342	2272
5342	2401
5342	3270
5342	3272
2061	4386
2063	4387
4387	2085
2064	4388
4388	2068
2065	4389
4389	2070
4389	2147
2066	5343
2070	5344
2071	4390
4390	2072
4390	2082
4390	2112
2073	4391
4391	2074
4391	2075
4391	2076
4391	2077
4391	2078
4391	2080
4391	2083
4391	2084
4391	2086
4391	2088
4391	2089
4391	2090
4391	2091
4391	2093
4391	2094
4391	2096
4391	2097
4391	2099
4391	2244
4391	2922
2077	5345
5345	2087
5345	2173
5345	2234
5345	2780
5345	2997
5345	3347
5345	3574
2078	5346
2079	5347
2080	5348
2083	5349
2085	5350
5350	2216
2086	5351
5351	2109
5351	2124
2087	4392
4392	2092
4392	2098
2089	5352
2090	5353
2093	5354
5354	2094
5354	2101
5354	2336
5354	2692
2095	4393
4393	2100
4393	2230
4393	2231
2096	5355
2097	5356
2098	5357
2099	5358
2102	4394
4394	2103
4394	2109
4394	2155
2104	5359
2105	4395
4395	2106
4395	2117
4395	2124
4395	2143
4395	2167
4395	2168
2107	4396
4396	2110
4396	2139
2108	4397
4397	2156
2111	4398
2111	5360
5360	2330
5360	2655
2113	4399
2114	4400
2114	5361
4400	2115
4400	2116
4400	2118
4400	2119
4400	2120
4400	2121
4400	2122
4400	2123
4400	2125
4400	2126
4400	2127
4400	2129
4400	2132
4400	2133
4400	2134
4400	2135
4400	2137
4400	2138
4400	2142
4400	2146
4400	2148
4400	2150
4400	2162
4400	2166
2116	5362
2118	5363
2119	5364
2120	5365
2122	5366
2125	5367
2126	5368
2127	5369
2128	4401
4401	2130
4401	2131
4401	2141
4401	2144
4401	2152
4401	2165
4401	2185
2133	5370
2134	5371
2135	5372
2136	4402
2136	5373
4402	2149
4402	2158
4402	2279
2137	5374
2138	5375
2140	5376
2143	5377
5377	2277
5377	2285
2145	4403
4403	2253
2147	5378
5378	2148
2149	5379
2151	4404
4404	2153
4404	2340
2153	5380
5380	2154
5380	2155
5380	2156
5380	2166
2157	4405
4405	2159
4405	2173
4405	2176
4405	2180
4405	2182
4405	2184
2158	5381
2159	5382
2161	4406
4406	2178
2163	4407
2163	5383
5383	2165
2164	4408
4408	2238
4408	2283
2167	5384
2168	5385
2169	4409
4409	2170
4409	2171
2170	5386
5386	3629
5386	3677
2172	5387
2174	4410
4410	2175
4410	2177
4410	2179
4410	2181
4410	2187
4410	2190
2176	5388
2179	5389
2181	5390
2182	5391
2184	5392
2186	4411
4411	2188
4411	2189
4411	2195
2187	5393
2190	5394
2191	4412
4412	2192
4412	2193
4412	2198
2198	5395
2199	5396
2203	4413
4413	2205
4413	2245
4413	2339
2204	4414
4414	2206
4414	2210
2208	4415
2208	5397
4415	2216
4415	2217
4415	2590
2213	4416
2214	4417
4417	2215
4417	2237
4417	2263
4417	2629
4417	3110
2218	4418
4418	2219
4418	2220
4418	2221
2221	5398
2222	4419
4419	2223
2224	4420
4420	2227
2225	4421
4421	2226
4421	2228
4421	2229
4421	2232
4421	2236
4421	2243
2227	5399
5399	2253
5399	2270
5399	2385
5399	2390
5399	2399
5399	2422
5399	2768
5399	2803
5399	2817
5399	2938
5399	2973
5399	3140
5399	3280
5399	3458
5399	3511
5399	3625
5399	3636
5399	3679
5399	3735
5399	3787
5399	3806
5399	3827
5399	3837
5399	3876
5399	3891
2233	4422
4422	2234
4422	2235
2237	5400
5400	2238
2239	4423
4423	2240
4423	2241
4423	2242
2243	5401
2244	5402
2246	4424
4424	2247
4424	2249
2250	4425
4425	2251
2252	4426
4426	2255
4426	2267
2254	5403
5403	2262
5403	2263
5403	2278
5403	2316
5403	2321
5403	2351
5403	2355
5403	2363
5403	2414
5403	2442
5403	2476
5403	2505
5403	2593
2256	4427
4427	2257
4427	2258
4427	2259
4427	2260
4427	2261
4427	2262
4427	2264
4427	2272
2259	5404
2260	5405
2261	5406
2265	4428
4428	2266
4428	2268
4428	2271
2269	5407
2275	4429
4429	2276
4429	2277
4429	2278
4429	2288
4429	2289
4429	2292
4429	2625
4429	2636
4429	2642
4429	2766
2279	5408
5408	2280
5408	2286
2281	4430
4430	2282
4430	2284
4430	2285
2283	5409
2286	4431
4431	2287
2290	4432
4432	2291
4432	2300
2293	4433
4433	2295
4433	2296
4433	2297
4433	2298
4433	2299
4433	2301
4433	2302
4433	2304
4433	2306
4433	2307
4433	2318
4433	2330
2294	4434
4434	2303
4434	2305
4434	2308
4434	2310
4434	2311
4434	2312
4434	2315
2295	5410
2296	5411
2297	5412
2298	5413
5413	3493
2299	5414
5414	2300
5414	2304
2301	5415
2302	5416
2303	5417
2305	5418
2306	5419
2309	4435
4435	2314
4435	2316
2311	5420
2313	5421
5421	2315
2317	5422
5422	2318
2319	5423
2320	4436
4436	2322
4436	2336
4436	2338
4436	2343
4436	2345
4436	2360
2321	4437
4437	2323
4437	2324
4437	2325
4437	2328
4437	2329
4437	2331
4437	2672
2326	4438
4438	2327
2332	4439
4439	2335
4439	2359
4439	2407
2333	5424
2337	4440
4440	2341
4440	2342
4440	2344
2339	5425
5425	2340
2346	4441
4441	2347
4441	2348
4441	2357
4441	2358
2349	4442
4442	2350
4442	2351
4442	2354
2352	4443
4443	2353
4443	2355
4443	2356
4443	2385
4443	2387
2354	5426
5426	2429
5426	2662
5426	2697
2357	5427
2358	5428
2361	4444
4444	2363
4444	2364
4444	2367
4444	2370
4444	2481
2362	4445
4445	2374
4445	2378
4445	2577
4445	2995
2364	5429
2365	4446
4446	2366
4446	2368
4446	2369
4446	2371
4446	2372
4446	2375
4446	2376
4446	2380
4446	2381
4446	2384
4446	2388
4446	2396
4446	2576
2367	5430
5430	2752
2369	5431
5431	2423
2370	5432
2373	4447
4447	2377
4447	2379
4447	2678
4447	2691
4447	3457
2374	5433
2376	5434
2377	5435
2378	5436
2380	5437
2381	5438
2382	4448
4448	2383
2384	5439
2386	4449
2388	5440
2389	4450
4450	2391
4450	2392
4450	2393
4450	2394
4450	2395
2391	5441
5441	2496
2392	5442
2395	5443
2396	5444
2397	4451
4451	2398
2398	5445
2400	4452
4452	2401
4452	2402
4452	2405
4452	2406
4452	2408
4452	2409
4452	2410
4452	2411
4452	2452
4452	2453
4452	2575
2409	5446
5446	2512
5446	3149
5446	3151
5446	3173
5446	3183
2412	4453
4453	2413
4453	2414
4453	2687
2415	4454
4454	2416
4454	2417
4454	2418
2417	5447
2418	5448
2419	4455
4455	2420
4455	2421
4455	2422
4455	2423
4455	2424
4455	2425
4455	2426
4455	2432
4455	2433
4455	2465
2424	5449
2426	5450
5450	3707
2427	4456
4456	2428
4456	2429
4456	2430
4456	2431
4456	2434
4456	2435
4456	2438
4456	2440
4456	3435
2432	5451
5451	2443
5451	2451
5451	2452
5451	2468
5451	2504
5451	2594
5451	2804
5451	2818
2435	5452
2436	4457
4457	2437
4457	2441
4457	2442
2437	5453
5453	2438
5453	3203
2439	5454
2440	5455
2444	4458
4458	2445
4458	2446
4458	2447
4458	2448
2449	4459
4459	2450
4459	2451
2454	4460
2455	5456
5456	2534
2456	4461
4461	2458
2457	4462
4462	2459
4462	2460
4462	2461
4462	2464
2466	5457
2467	4463
4463	2468
4463	2469
4463	2471
4463	2472
4463	2473
4463	2474
4463	2475
4463	2477
4463	2480
4463	2482
4463	2514
2470	4464
2472	5458
2475	5459
5459	2638
5459	2990
2476	4465
4465	2479
2477	5460
2478	4466
4466	2574
2482	5461
2483	4467
4467	2484
4467	2485
4467	2487
4467	2488
4467	2489
4467	2491
4467	2492
4467	2499
2486	5462
5462	2509
2487	5463
2488	5464
5464	2840
2489	5465
2491	5466
2492	5467
2493	4468
4468	2494
4468	2495
4468	2496
4468	2497
4468	2498
4468	2500
4468	2501
4468	2502
4468	2504
4468	2506
4468	2510
4468	2573
2495	5468
2501	5469
2502	5470
2503	4469
4469	2505
2506	5471
2507	5472
2508	5473
2511	4470
2512	4471
4471	2534
2513	4472
4472	2515
4472	2516
4472	2517
4472	2518
4472	2519
4472	2520
4472	2521
4472	2524
4472	2525
4472	2541
4472	2543
4472	2554
4472	2994
2515	5474
2516	5475
2520	5476
2521	5477
2522	4473
4473	2523
4473	2563
2524	5478
5478	3734
5478	3809
2525	5479
2526	4474
4474	2527
4474	2528
4474	2529
4474	2537
4474	2540
4474	2572
2529	5480
5480	2771
5480	2822
2530	4475
4475	2531
4475	2532
4475	2533
2531	5481
2535	4476
4476	2536
2537	5482
5482	2669
5482	2672
5482	2762
5482	2983
5482	3005
5482	3169
5482	3328
5482	3423
5482	3426
5482	3450
5482	3487
5482	3872
5482	3873
2538	4477
2538	5483
4477	2539
2542	4478
4478	2689
2544	4479
4479	2546
4479	2547
4479	2552
4479	2555
4479	2571
2545	4480
4480	2548
4480	2655
2546	5484
2549	4481
2550	4482
4482	2551
4482	2580
2553	5485
2557	4483
4483	2558
4483	2559
4483	2560
4483	2561
4483	2562
4483	2564
4483	2565
4483	2566
4483	2567
4483	2568
4483	2569
4483	2570
4483	2578
4483	2579
4483	2581
4483	2582
4483	2583
4483	2584
4483	2585
4483	2586
4483	2588
4483	2589
4483	2592
4483	2626
4483	2665
4483	2868
2558	5486
2561	5487
2562	5488
2563	5489
5489	2571
5489	2572
5489	2573
5489	2574
5489	2575
5489	2576
5489	2577
5489	2682
5489	2683
5489	2684
5489	2687
5489	3249
5489	3250
5489	3251
5489	3252
5489	3253
5489	3254
5489	3255
5489	3535
5489	3900
5489	3901
5489	3902
5489	3903
5489	3904
5489	3913
5489	3923
5489	3925
5489	3926
5489	3927
2566	5490
2567	5491
2568	5492
2569	5493
2578	5494
5494	3665
2579	5495
2580	5496
2582	5497
2583	5498
2584	5499
2585	5500
2586	5501
2587	4484
2588	5502
2589	5503
2591	4485
2591	5504
4485	2593
4485	2594
4485	3660
4485	3662
2592	5505
2597	4486
4486	2598
4486	2599
2600	4487
2609	4488
2610	4489
4489	2612
4489	2613
2614	4490
4490	2615
4490	2633
4490	2646
2616	4491
4491	2622
4491	2632
4491	2660
2618	5506
2619	4492
4492	2620
4492	2631
2620	5507
2621	4493
2623	4494
2623	5508
4494	2624
5508	2625
5508	2627
5508	2629
5508	2708
5508	2709
5508	2810
5508	2969
5508	3010
5508	3040
5508	3054
5508	3057
5508	3247
5508	3507
5508	3573
5508	3604
5508	3640
5508	3686
5508	3921
5508	3922
5508	3932
5508	3934
2626	5509
2627	4495
4495	2628
4495	2630
4495	2686
4495	2693
4495	2849
2634	4496
2635	4497
2637	4498
4498	2638
4498	2640
4498	2641
4498	2643
4498	2644
4498	2645
4498	2648
4498	2649
4498	2650
4498	2651
4498	2652
4498	2653
4498	2656
2639	4499
2640	5510
5510	3843
2641	5511
2642	5512
2643	5513
2644	5514
2645	5515
2646	5516
2647	4500
4500	2669
4500	2684
2649	5517
2650	5518
2654	5519
5519	2656
2657	4501
4501	2658
4501	2683
4501	2703
2660	5520
5520	2663
5520	3049
2661	4502
4502	2662
4502	2663
4502	2685
4502	3459
2664	4503
4503	2670
4503	2671
4503	2673
2665	5521
2666	4504
4504	2667
4504	2668
4504	2682
2671	5522
2673	5523
2676	4505
4505	2677
4505	2681
2679	4506
4506	2680
4506	2690
4506	3912
2685	5524
5524	3616
5524	3692
2691	5525
2693	5526
2695	4507
4507	2696
4507	2697
4507	2698
4507	2699
2699	5527
2700	4508
4508	2704
2701	4509
4509	2702
2705	4510
4510	2707
4510	2708
4510	2713
2706	4511
4511	2709
2710	4512
4512	2711
2712	4513
4513	2740
4513	2768
2713	5528
5528	3446
5528	3505
5528	3516
5528	3795
2714	4514
2715	4515
4515	2716
4515	2717
4515	2718
4515	2719
4515	2720
4515	2722
4515	2737
2721	4516
4516	2723
4516	2815
2724	4517
2725	4518
4518	2739
4518	2749
4518	2756
2726	4519
4519	2727
4519	2728
4519	2729
4519	2730
4519	2731
4519	2732
4519	2733
4519	2734
4519	2735
4519	2736
4519	2738
4519	2741
4519	2742
4519	2744
4519	2745
4519	2746
4519	2747
4519	2748
4519	2750
4519	2751
4519	2752
4519	2753
4519	2754
4519	2755
4519	2757
4519	2765
4519	3552
4519	3708
2728	5529
2729	5530
5530	3401
2732	5531
2734	5532
2735	5533
2737	5534
2743	5535
2744	5536
2745	5537
2746	5538
2750	5539
2751	5540
2753	5541
5541	3292
2754	5542
2755	5543
5543	2760
2756	5544
2757	5545
2758	4520
4520	2912
2759	4521
4521	2761
4521	2762
4521	2764
2761	5546
2763	4522
4522	2814
4522	2816
2767	4523
2767	5547
5547	2772
5547	2924
5547	3388
5547	3460
5547	3501
2769	4524
2770	4525
4525	2771
4525	2773
4525	2812
2774	4526
4526	2775
4526	2776
4526	2800
2777	4527
4527	2786
2778	4528
4528	2780
4528	2802
4528	2804
4528	3282
4528	3283
2779	4529
4529	2785
4529	3391
2781	4530
2782	4531
4531	2783
2784	4532
4532	2787
4532	3328
4532	3333
2786	5548
2787	5549
5549	3325
5549	3547
2790	4533
4533	2791
4533	2793
4533	2795
4533	2817
4533	2818
4533	2820
2792	4534
2794	4535
4535	2796
2797	4536
2797	5550
4536	2798
4536	2799
4536	2801
4536	2803
4536	2811
4536	2819
4536	2856
2805	5551
5551	2807
5551	2808
5551	2811
5551	2812
5551	2813
5551	2814
5551	2815
5551	2830
5551	2870
5551	2883
5551	2884
5551	2890
5551	2902
5551	2915
5551	2925
5551	2929
5551	2940
2806	4537
2806	5552
5552	2841
5552	2842
5552	2849
5552	3644
2807	4538
4538	2809
4538	2810
4538	2840
4538	2879
4538	3009
4538	3711
4538	3712
2808	4539
2813	4540
2816	5553
5553	3160
5553	3161
5553	3673
5553	3674
2819	5554
5554	3706
5554	3713
2821	4541
4541	2822
4541	2823
4541	2824
4541	2825
4541	2826
4541	2827
4541	2829
4541	2830
4541	2831
4541	2832
4541	2833
4541	2834
4541	2835
4541	2837
4541	2841
4541	3669
4541	3740
4541	3818
2826	5555
5555	2828
2828	4542
4542	2907
2831	5556
2832	5557
2833	5558
2834	5559
5559	3682
5559	3683
2835	5560
2836	4543
4543	2838
2837	5561
2839	4544
4544	2862
4544	2872
2843	4545
4545	2844
4545	2845
4545	2846
4545	2847
4545	2850
4545	2851
4545	2852
4545	2853
4545	2854
4545	2858
4545	2863
4545	2864
4545	2867
4545	3720
2845	5562
2846	5563
2847	5564
5564	2848
5564	2877
5564	2878
5564	2879
2850	5565
2852	5566
2853	5567
2854	5568
2855	4546
4546	2861
4546	2870
2856	5569
2857	4547
4547	2859
4547	2860
4547	2878
2864	5570
2865	4548
4548	2869
4548	2871
2873	4549
4549	2874
4549	2875
2876	4550
4550	2898
2880	4551
2881	4552
4552	2882
4552	2883
4552	2885
4552	3007
4552	3013
4552	3015
4552	3021
4552	3038
2884	4553
4553	2886
4553	2908
2887	4554
2888	4555
4555	2889
4555	2890
4555	2891
4555	2906
4555	3893
2892	4556
4556	2895
4556	2899
2896	4557
4557	2897
2898	5571
2900	4558
4558	2901
2902	4559
4559	2903
4559	2904
4559	3133
2905	4560
4560	2909
4560	2913
4560	2914
4560	2947
2907	5572
2910	4561
4561	2911
4561	2926
4561	2932
2912	5573
2915	4562
4562	2916
4562	2917
4562	2921
2918	4563
2919	4564
4564	2920
4564	2927
4564	3390
2920	5574
5574	2921
2923	4565
4565	2924
2926	5575
2927	5576
2928	4566
2928	5577
4566	2929
4566	2930
4566	2934
4566	3132
5577	2933
5577	3241
2931	4567
4567	2933
4567	2937
2934	5578
2935	4568
4568	2936
4568	2938
4568	2939
4568	2941
2940	4569
2942	4570
4570	2943
4570	2944
4570	2945
4570	2946
4570	2948
4570	2949
4570	3758
2943	5579
5579	2951
5579	3000
5579	3052
2944	5580
2945	5581
2946	5582
2950	4571
4571	2951
4571	2952
4571	2953
4571	2954
4571	2955
2956	4572
4572	2957
4572	2961
2958	4573
2959	5583
5583	3065
5583	3197
5583	3224
2962	4574
4574	2963
4574	2966
4574	3011
2964	4575
4575	2965
4575	2970
2965	5584
5584	2966
2967	4576
4576	2969
4576	2975
4576	2984
4576	3773
2968	5585
2970	5586
2971	4577
4577	2972
2973	4578
4578	2974
4578	2986
2976	4579
4579	2977
4579	2979
4579	2981
4579	2982
4579	2983
4579	2985
4579	2987
4579	2989
4579	2990
4579	2991
2977	5587
2978	4580
4580	2980
2979	5588
5588	3172
2981	5589
2982	5590
2986	5591
2988	4581
4581	2992
4581	3012
2989	5592
2991	5593
2993	5594
5594	2994
5594	2995
2996	4582
4582	2997
4582	2999
2998	4583
4583	3003
4583	3005
4583	3016
2999	5595
3000	4584
4584	3001
4584	3002
4584	3010
3004	4585
4585	3006
4585	3756
4585	3775
3007	5596
5596	3009
3008	4586
3011	5597
5597	3022
5597	3400
3012	5598
5598	3013
5598	3016
3014	4587
3014	5599
4587	3020
5599	3015
3017	4588
3018	5600
5600	3020
5600	3021
5600	3036
5600	3111
5600	3142
5600	3148
3019	4589
3022	4590
4590	3032
4590	3035
4590	3044
3023	4591
4591	3024
4591	3025
4591	3026
4591	3027
4591	3028
4591	3029
4591	3030
4591	3031
4591	3033
4591	3034
3026	5601
3029	5602
3030	5603
3032	5604
3033	5605
3035	5606
5606	3176
3036	4592
4592	3046
4592	3047
3037	4593
3038	5607
5607	3061
5607	3062
5607	3063
3039	4594
4594	3040
4594	3041
3042	4595
3043	4596
4596	3049
4596	3053
4596	3255
3044	5608
3045	4597
3046	5609
3048	5610
3050	4598
4598	3051
4598	3052
3053	5611
3054	4599
4599	3055
4599	3056
4599	3058
4599	3062
4599	3076
4599	3108
4599	3111
3056	5612
3057	4600
4600	3059
4600	3060
4600	3061
4600	3093
4600	3094
3063	4601
4601	3064
4601	3161
4601	3162
3065	4602
4602	3066
4602	3069
3067	4603
4603	3254
3068	4604
4604	3070
4604	3071
4604	3072
4604	3073
4604	3074
4604	3075
4604	3077
4604	3078
4604	3079
4604	3080
4604	3081
4604	3082
4604	3083
4604	3085
4604	3086
4604	3087
4604	3424
3073	5613
3074	5614
3075	5615
3076	5616
3077	5617
3079	5618
3081	5619
3082	5620
3083	5621
3084	4605
4605	3088
4605	3262
4605	3263
3085	5622
3086	5623
3087	5624
3089	4606
4606	3092
3090	4607
4607	3091
4607	3114
4607	3116
4607	3134
4607	3137
4607	3139
3095	4608
3096	4609
4609	3113
3097	4610
4610	3456
3098	4611
4611	3099
4611	3100
4611	3107
3101	4612
4612	3159
3102	4613
4613	3106
4613	3136
4613	3153
4613	3155
3103	4614
4614	3104
3105	4615
4615	3112
3106	5625
5625	3107
5625	3108
5625	3109
5625	3110
5625	3112
5625	3113
5625	3114
5625	3124
5625	3741
5625	3742
5625	3743
5625	3745
5625	3746
5625	3747
5625	3748
5625	3749
5625	3774
5625	3775
5625	3776
5625	3777
5625	3778
3115	4616
4616	3117
4616	3118
4616	3119
4616	3120
4616	3121
4616	3122
4616	3123
4616	3124
4616	3125
4616	3126
4616	3128
4616	3129
3118	5626
3120	5627
3123	5628
3125	5629
3126	5630
3127	4617
4617	3156
3128	5631
3129	5632
3130	4618
3135	4619
4619	3138
4619	3140
4619	3145
4619	3182
3138	5633
5633	3302
3141	4620
4620	3142
4620	3143
4620	3144
4620	3160
4620	3188
4620	3189
3143	5634
5634	3153
3146	4621
4621	3147
4621	3148
4621	3149
4621	3150
4621	3152
4621	3154
4621	3181
4621	3224
3151	4622
4622	3157
3155	5635
5635	3156
5635	3159
5635	3162
3157	5636
3158	4623
4623	3173
4623	3176
4623	3178
3165	4624
4624	3166
3167	4625
3167	5637
4625	3168
4625	3774
5637	3478
5637	3675
3170	4626
4626	3171
4626	3185
4626	3207
4626	3279
3174	4627
4627	3175
4627	3179
4627	3183
4627	3422
3177	4628
4628	3252
3178	5638
3180	4629
3182	5639
3184	4630
3184	5640
4630	3196
5640	3185
5640	3186
3187	5641
5641	3189
5641	3444
5641	3550
5641	3702
3190	4631
4631	3194
4631	3199
3191	4632
3192	4633
4633	3193
4633	3206
4633	3251
3194	5642
3195	5643
5643	3196
3197	4634
4634	3198
3200	4635
3200	5644
4635	3201
3202	4636
4636	3203
4636	3204
4636	3205
4636	3219
4636	3332
4636	3359
3208	4637
4637	3209
3210	4638
3210	5645
4638	3211
4638	3212
4638	3213
4638	3214
4638	3237
4638	3247
4638	3253
3211	5646
3212	5647
3213	5648
3214	5649
3215	4639
4639	3216
4639	3217
4639	3218
3219	5650
3220	4640
4640	3221
4640	3222
4640	3223
3223	5651
3225	4641
3225	5652
4641	3227
4641	3228
4641	3839
4641	3841
3226	4642
4642	3250
3229	4643
4643	3230
4643	3231
4643	3232
4643	3233
4643	3872
4643	3874
3231	5653
3234	4644
4644	3235
4644	3236
4644	3238
4644	3281
4644	3780
3238	5654
3239	4645
4645	3240
4645	3241
3243	4646
3244	4647
3244	5655
5655	3246
5655	3268
5655	3333
5655	3368
5655	3421
5655	3567
5655	3568
5655	3600
5655	3603
5655	3724
5655	3765
5655	3773
5655	3858
3245	4648
4648	3248
4648	3722
3246	4649
4649	3249
3248	5656
5656	3276
5656	3803
3256	4650
3257	4651
3258	4652
4652	3260
4652	3264
4652	3265
4652	3271
4652	3272
3259	4653
4653	3268
3261	5657
5657	3262
3266	4654
4654	3267
3269	4655
4655	3270
3273	4656
3273	5658
4656	3274
4656	3278
4656	3613
5658	3278
5658	3613
3274	5659
5659	3277
5659	3559
3275	4657
4657	3280
4657	3310
3276	4658
4658	3277
3279	5660
3282	5661
3284	4659
4659	3285
3285	5662
3286	4660
4660	3287
4660	3288
4660	3290
4660	3291
4660	3292
4660	3294
4660	3296
3289	5663
5663	3309
3290	5664
5664	3539
5664	3791
3291	5665
3293	4661
4661	3295
3294	5666
3296	5667
5667	3405
3297	4662
3298	4663
4663	3299
4663	3302
4663	3364
4663	3365
4663	3367
4663	3368
3299	5668
5668	3304
5668	3331
5668	3332
5668	3339
3300	4664
4664	3301
3303	4665
4665	3304
4665	3305
4665	3307
4665	3308
3306	4666
4666	3354
3307	5669
5669	3312
3311	4667
4667	3313
4667	3355
4667	3396
3314	4668
4668	3330
3315	4669
3315	5670
4669	3316
3317	4670
4670	3318
3319	4671
4671	3320
4671	3325
3321	4672
4672	3322
4672	3323
4672	3324
3324	5671
3326	4673
4673	3327
4673	3329
4673	3331
3330	5672
5672	3343
5672	3356
5672	3364
5672	3373
3334	4674
4674	3362
4674	3400
3335	4675
4675	3339
3336	4676
4676	3337
4676	3338
4676	3340
3341	4677
4677	3426
4677	3428
3342	4678
4678	3343
4678	3346
3344	4679
4679	3345
4679	3347
4679	3348
4679	3349
3350	4680
4680	3351
4680	3352
4680	3353
3356	4681
3357	4682
3358	4683
4683	3360
4683	3361
4683	3405
3360	5673
3363	4684
4684	3366
3369	4685
3370	4686
4686	3373
4686	3380
4686	3383
4686	3718
3371	4687
3372	4688
3374	4689
4689	3375
4689	3377
4689	3378
3376	4690
3379	4691
4691	3389
3380	5674
5674	3430
3381	4692
3382	4693
4693	3384
3385	4694
3387	4695
4695	3388
3389	5675
5675	3390
5675	3391
5675	3392
5675	3393
3394	4696
4696	3395
4696	3397
4696	3398
4696	3399
4696	3401
4696	3402
4696	3403
3395	5676
3397	5677
3398	5678
3402	5679
3403	5680
3404	4697
3406	4698
4698	3407
4698	3411
3408	4699
4699	3465
4699	3733
3409	4700
4700	3410
3410	5681
5681	3411
5681	3414
5681	3422
5681	3425
5681	3434
3412	4701
4701	3413
4701	3414
3415	4702
3415	5682
4702	3416
4702	3417
4702	3418
4702	3419
3417	5683
3418	5684
5684	3654
5684	3662
3420	4703
3420	5685
5685	3442
5685	3476
5685	3485
5685	3492
5685	3496
5685	3502
5685	3524
5685	3807
3424	5686
5686	3661
3427	4704
4704	3464
3429	4705
3431	4706
4706	3432
4706	3433
4706	3434
3437	4707
3438	4708
3439	4709
4709	3446
3441	4710
4710	3442
4710	3458
3443	4711
3445	5687
3447	5688
3448	5689
5689	3451
5689	3459
5689	3599
5689	3703
5689	3704
5689	3708
5689	3712
5689	3802
3449	4712
4712	3450
4712	3455
3451	4713
3452	4714
3454	4715
3455	5690
3457	5691
3461	4716
4716	3924
3462	4717
4717	3463
3466	4718
4718	3467
4718	3469
4718	3470
4718	3471
3469	5692
3470	5693
5693	3484
3471	5694
3472	4719
3473	4720
4720	3482
3475	4721
4721	3476
4721	3477
4721	3481
4721	3488
3477	5695
3479	4722
3479	5696
4722	3480
4722	3483
4722	3484
4722	3490
4722	3493
3481	5697
5697	3482
3483	5698
3485	4723
4723	3486
4723	3487
4723	3507
4723	3511
3488	5699
3489	4724
3490	5700
3491	5701
3494	4725
4725	3495
4725	3497
4725	3530
4725	3634
4725	3762
4725	3765
3496	4726
4726	3498
4726	3506
4726	3531
3499	4727
4727	3500
3501	4728
4728	3502
4728	3508
3503	4729
4729	3504
4729	3505
4729	3512
3506	5702
3509	4730
4730	3510
4730	3516
3512	5703
3513	4731
4731	3514
4731	3515
3514	5704
3515	5705
3517	4732
4732	3518
4732	3519
4732	3520
4732	3524
4732	3749
3521	4733
4733	3522
3525	4734
4734	3526
4734	3527
3528	4735
3532	4736
4736	3533
4736	3534
4736	3748
3535	4737
4737	3536
4737	3550
3537	4738
4738	3540
3538	4739
4739	3539
4739	3541
4739	3542
4739	3543
4739	3544
4739	3545
4739	3547
4739	3548
4739	3594
3544	5706
5706	3635
5706	3770
3545	5707
3546	4740
4740	3568
3548	5708
3549	4741
4741	3584
3551	4742
3552	5709
3553	4743
3553	5710
4743	3554
4743	3555
4743	3579
4743	3591
4743	3592
3556	4744
4744	3557
3558	4745
4745	3559
4745	3580
3560	4746
4746	3561
4746	3562
4746	3563
4746	3564
4746	3565
4746	3566
4746	3567
4746	3570
4746	3571
4746	3573
4746	3574
3561	5711
5711	3578
5711	3579
5711	3580
5711	3584
5711	3586
5711	3587
5711	3588
5711	3589
5711	3590
5711	3605
3562	5712
3563	5713
3565	5714
3569	4747
3570	5715
3571	5716
5716	3727
3572	4748
3575	4749
4749	3578
3576	4750
4750	3577
3577	5717
5717	3607
3581	4751
3581	5718
4751	3582
4751	3593
3582	5719
3583	4752
4752	3585
4752	3607
3586	4753
3587	4754
3588	4755
3589	4756
3590	4757
3592	5720
5720	3593
3595	4758
4758	3596
3597	5721
3598	4759
4759	3599
4759	3604
3601	4760
4760	3603
3602	4761
3605	4762
3606	5722
3608	4763
4763	3609
4763	3610
4763	3611
3611	5723
3612	4764
3614	4765
4765	3616
4765	3629
3615	4766
3617	4767
3618	4768
4768	3621
4768	3624
4768	3642
3619	4769
4769	3633
3620	4770
3621	5724
3622	4771
4771	3623
4771	3625
3626	4772
4772	3627
4772	3631
4772	3757
4772	3929
4772	3931
4772	3941
3628	5725
3630	4773
3632	4774
4774	3635
4774	3636
4774	3640
4774	3646
4774	3649
4774	3663
3633	5726
5726	3634
3637	4775
4775	3638
4775	3639
4775	3641
4775	3643
3639	5727
3641	5728
3642	5729
3643	5730
3644	4776
4776	3666
3645	4777
4777	3693
3647	4778
3648	4779
3650	4780
4780	3656
3651	4781
4781	3652
4781	3653
4781	3654
4781	3655
4781	3657
4781	3659
4781	3661
4781	3664
4781	3665
4781	3668
3652	5731
3657	5732
5732	3658
5732	3660
3659	5733
3664	5734
3667	4782
3667	5735
3668	5736
3669	5737
3670	4783
3671	4784
4784	3672
4784	3699
4784	3702
3673	4785
3675	4786
3676	4787
3677	4788
3678	4789
4789	3679
4789	3680
4789	3681
4789	3682
4789	3683
4789	3684
4789	3685
3680	5738
3681	5739
3684	5740
3685	5741
3687	4790
4790	3688
4790	3717
4790	3746
3688	5742
5742	3690
5742	3755
5742	3762
5742	3764
3689	4791
3689	5743
4791	3690
4791	3706
3691	4792
4792	3692
4792	3857
4792	3858
3694	4793
4793	3695
3696	4794
4794	3697
4794	3698
3700	4795
4795	3701
4795	3704
4795	3705
4795	3742
3705	5744
3709	4796
3709	5745
3710	4797
3711	5746
5746	3714
5746	3717
5746	3718
5746	3721
5746	3722
5746	3740
5746	3756
5746	3757
5746	3758
5746	3759
5746	3761
3713	4798
3714	4799
4799	3715
4799	3716
4799	3719
3720	5747
3723	4800
4800	3724
4800	3725
4800	3726
4800	3727
4800	3728
4800	3729
4800	3730
4800	3731
4800	3732
4800	3734
4800	3736
4800	3737
4800	3738
4800	3739
4800	3745
4800	3750
3729	5748
3730	5749
3731	5750
3732	5751
3733	5752
3735	4801
3736	5753
5753	3739
3738	5754
5754	3750
3741	4802
3743	4803
4803	3744
4803	3761
4803	3927
3747	4804
3751	4805
3752	4806
4806	3753
3754	4807
3754	5755
4807	3755
3763	4808
4808	3764
4808	3766
3767	4809
3768	4810
4810	3769
4810	3772
4810	3778
3770	4811
4811	3777
3771	4812
4812	3776
4812	3812
3779	4813
3779	5756
4813	3926
5756	3781
5756	3784
3780	5757
3781	4814
3782	4815
4815	3783
4815	3786
3784	4816
3785	4817
4817	3787
4817	3897
3788	4818
4818	3789
4818	3790
4818	3791
3792	4819
3792	5758
5758	3864
3793	4820
4820	3796
3794	4821
4821	3795
4821	3853
3796	5759
3797	4822
3798	4823
4823	3801
4823	3803
3799	4824
4824	3800
3802	4825
4825	3824
3804	4826
4826	3805
4826	3806
4826	3807
4826	3808
4826	3809
4826	3810
4826	3811
4826	3813
4826	3815
4826	3816
4826	3817
4826	3833
3808	5760
3810	5761
3811	5762
5762	3812
3813	5763
3815	5764
3816	5765
3817	5766
3818	5767
3819	4827
4827	3821
4827	3822
4827	3823
4827	3825
3820	4828
3823	5768
3825	5769
3826	4829
3826	5770
4829	3856
5770	3839
5770	3933
3827	4830
4830	3831
3828	4831
4831	3829
4831	3832
3830	4832
3832	5771
3833	5772
3834	4833
4833	3836
4833	3837
4833	3838
4833	3840
4833	3842
4833	3843
4833	3846
4833	3848
4833	3849
4833	3851
4833	3852
4833	3854
4833	3855
4833	3859
4833	3863
4833	3902
3840	5773
3841	5774
3844	4834
4834	3845
4834	3847
4834	3901
3846	5775
3848	5776
5776	3849
5776	3850
5776	3853
5776	3854
3851	5777
3852	5778
3855	5779
3856	5780
5780	3857
3859	5781
5781	3863
3860	4835
4835	3861
4835	3862
4835	3928
3864	4836
3865	4837
4837	3894
3866	4838
3867	4839
4839	3868
3869	4840
4840	3903
3870	4841
4841	3876
3875	5782
3877	4842
3877	5783
3878	4843
3879	4844
3879	5784
4844	3880
4844	3925
5784	3940
3881	4845
3882	4846
4846	3891
4846	3892
4846	3899
3883	5785
3884	4847
4847	3885
4847	3886
4847	3888
4847	3900
4847	3913
3886	5786
3887	4848
4848	3889
4848	3890
4848	3898
4848	3933
3890	5787
3894	5788
3895	5789
3896	4849
4849	3905
3897	5790
5790	3898
5790	3899
3904	4850
4850	3934
3906	4851
3907	4852
3908	4853
4853	3909
3910	4854
3910	5791
3911	4855
3914	4856
4856	3921
4856	3923
4856	3936
4856	3937
3915	5792
3916	4857
3917	4858
4858	3920
3918	4859
4859	3919
4859	3922
3920	5793
3924	5794
5794	3928
5794	3929
3930	4860
4860	3932
3931	5795
3935	4861
3937	5796
3938	4862
3938	5797
4862	3939
4862	3940
3939	5798
3941	5799
3942	4863
3943	5800
