0	1
1	3
2	3
3	1
4	2
5	3
6	3
7	0
8	0
9	3
10	3
11	3
12	3
13	3
14	1
15	3
16	3
17	3
18	2
19	1
20	3
21	1
22	3
23	3
24	1
25	2
26	3
27	0
28	1
29	2
30	3
31	3
32	2
33	3
34	3
35	3
36	3
37	1
38	3
39	2
40	3
41	3
42	3
43	3
44	0
45	2
46	1
47	1
48	1
49	0
50	2
51	0
52	3
53	0
54	2
55	3
56	2
57	3
58	3
59	3
60	3
61	2
62	2
63	3
64	1
65	3
66	0
67	1
68	3
69	2
70	3
71	3
72	3
73	3
74	3
75	2
76	0
77	3
78	3
79	0
80	1
81	1
82	3
83	2
84	2
85	2
86	2
87	1
88	3
89	0
90	0
91	2
92	2
93	1
94	2
95	2
96	2
97	1
98	3
99	1
100	1
101	0
102	3
103	3
104	2
105	2
106	1
107	3
108	1
109	2
110	0
111	1
112	3
113	3
114	2
115	3
116	3
117	3
118	2
119	1
120	3
121	3
122	3
123	3
124	1
125	1
126	1
127	3
128	3
129	2
130	0
131	0
132	1
133	1
134	3
135	0
136	3
137	3
138	1
139	0
140	3
141	3
142	3
143	3
144	1
145	1
146	1
147	1
148	3
149	0
150	1
151	1
152	1
153	1
154	2
155	0
156	1
157	0
158	3
159	2
160	0
161	2
162	1
163	3
164	3
165	3
166	2
167	2
168	1
169	1
170	2
171	2
172	2
173	1
174	2
175	2
176	1
177	2
178	3
179	3
180	2
181	1
182	1
183	3
184	1
185	2
186	3
187	3
188	3
189	0
190	2
191	1
192	3
193	0
194	1
195	3
196	1
197	1
198	2
199	1
200	3
201	3
202	0
203	1
204	3
205	3
206	1
207	1
208	3
209	2
210	1
211	2
212	1
213	0
214	1
215	3
216	2
217	1
218	0
219	1
220	3
221	3
222	3
223	1
224	1
225	1
226	1
227	1
228	1
229	1
230	1
231	3
232	3
233	1
234	3
235	0
236	2
237	2
238	2
239	0
240	3
241	1
242	2
243	3
244	2
245	2
246	2
247	1
248	2
249	1
250	2
251	2
252	2
253	1
254	0
255	0
256	0
257	2
258	0
259	3
260	3
261	0
262	2
263	1
264	1
265	1
266	2
267	2
268	1
269	1
270	3
271	2
272	2
273	1
274	0
275	3
276	3
277	2
278	0
279	0
280	2
281	1
282	3
283	2
284	2
285	0
286	2
287	2
288	1
289	0
290	1
291	1
292	3
293	2
294	1
295	0
296	1
297	0
298	1
299	1
300	1
301	3
302	2
303	1
304	2
305	2
306	2
307	3
308	2
309	3
310	1
311	2
312	0
313	1
314	3
315	1
316	1
317	1
318	3
319	3
320	2
321	3
322	1
323	0
324	1
325	2
326	1
327	2
328	2
329	2
330	1
331	0
332	1
333	2
334	1
335	2
336	1
337	1
338	0
339	2
340	3
341	0
342	0
343	1
344	0
345	1
346	1
347	2
348	1
349	3
350	2
351	0
352	1
353	1
354	2
355	1
356	1
357	1
358	1
359	3
360	0
361	3
362	2
363	3
364	3
365	3
366	3
367	2
368	1
369	2
370	2
371	2
372	1
373	0
374	3
375	1
376	3
377	2
378	3
379	3
380	3
381	0
382	0
383	1
384	1
385	2
386	1
387	0
388	3
389	3
390	3
391	0
392	3
393	0
394	2
395	1
396	3
397	3
398	3
399	3
400	3
401	3
402	3
403	1
404	1
405	1
406	1
407	0
408	3
409	3
410	2
411	2
412	1
413	3
414	3
415	3
416	0
417	2
418	1
419	3
420	2
421	2
422	3
423	1
424	2
425	1
426	2
427	0
428	0
429	3
430	0
431	2
432	1
433	3
434	3
435	3
436	2
437	2
438	3
439	3
440	1
441	3
442	0
443	1
444	1
445	2
446	2
447	1
448	3
449	3
450	1
451	1
452	0
453	2
454	2
455	3
456	1
457	0
458	1
459	0
460	2
461	2
462	3
463	3
464	2
465	3
466	0
467	0
468	0
469	3
470	2
471	1
472	3
473	1
474	3
475	1
476	1
477	3
478	3
479	3
480	2
481	3
482	3
483	1
484	3
485	0
486	1
487	0
488	2
489	3
490	1
491	0
492	3
493	1
494	1
495	1
496	1
497	1
498	2
499	1
500	2
501	0
502	3
503	2
504	1
505	0
506	1
507	3
508	3
509	3
510	2
511	3
512	0
513	3
514	1
515	2
516	2
517	1
518	0
519	3
520	3
521	3
522	3
523	2
524	2
525	3
526	3
527	1
528	3
529	1
530	1
531	2
532	3
533	0
534	3
535	3
536	2
537	1
538	3
539	1
540	3
541	2
542	2
543	2
544	2
545	2
546	1
547	3
548	0
549	3
550	3
551	1
552	2
553	0
554	1
555	0
556	1
557	1
558	1
559	3
560	0
561	1
562	1
563	3
564	3
565	3
566	3
567	1
568	1
569	2
570	3
571	3
572	3
573	0
574	0
575	0
576	2
577	2
578	0
579	1
580	0
581	1
582	1
583	3
584	2
585	3
586	3
587	1
588	2
589	2
590	2
591	1
592	1
593	1
594	2
595	1
596	0
597	3
598	1
599	2
600	3
601	1
602	0
603	1
604	1
605	2
606	2
607	2
608	2
609	1
610	0
611	3
612	1
613	0
614	2
615	2
616	2
617	2
618	2
619	0
620	1
621	3
622	3
623	3
624	1
625	1
626	3
627	3
628	2
629	1
630	3
631	0
632	3
633	1
634	2
635	2
636	1
637	3
638	3
639	1
640	2
641	1
642	1
643	2
644	1
645	2
646	1
647	1
648	1
649	1
650	0
651	0
652	1
653	3
654	0
655	0
656	3
657	2
658	0
659	3
660	2
661	1
662	1
663	3
664	0
665	1
666	0
667	2
668	3
669	2
670	0
671	3
672	3
673	3
674	2
675	1
676	0
677	3
678	0
679	1
680	1
681	1
682	2
683	1
684	1
685	3
686	1
687	3
688	3
689	0
690	1
691	2
692	1
693	1
694	3
695	2
696	3
697	3
698	1
699	2
700	0
701	3
702	3
703	2
704	3
705	3
706	3
707	3
708	3
709	2
710	3
711	3
712	1
713	1
714	2
715	2
716	3
717	3
718	2
719	1
720	1
721	0
722	0
723	0
724	1
725	1
726	3
727	3
728	3
729	3
730	2
731	3
732	0
733	3
734	1
735	2
736	0
737	1
738	1
739	0
740	3
741	3
742	3
743	2
744	3
745	2
746	3
747	1
748	3
749	1
750	2
751	3
752	3
753	3
754	3
755	0
756	3
757	0
758	1
759	1
760	1
761	3
762	1
763	0
764	1
765	1
766	1
767	0
768	3
769	1
770	0
771	2
772	1
773	3
774	3
775	0
776	3
777	2
778	2
779	3
780	0
781	2
782	2
783	1
784	3
785	2
786	0
787	1
788	1
789	0
790	3
791	2
792	0
793	1
794	1
795	2
796	0
797	0
798	1
799	3
800	3
801	3
802	0
803	1
804	0
805	0
806	0
807	1
808	1
809	1
810	1
811	2
812	2
813	0
814	1
815	0
816	0
817	0
818	3
819	1
820	1
821	3
822	1
823	1
824	2
825	3
826	0
827	1
828	1
829	2
830	0
831	2
832	1
833	1
834	2
835	1
836	3
837	2
838	3
839	1
840	1
841	3
842	2
843	1
844	1
845	1
846	3
847	2
848	2
849	3
850	1
851	3
852	1
853	1
854	2
855	0
856	3
857	3
858	2
859	3
860	3
861	3
862	3
863	1
864	3
865	2
866	1
867	3
868	3
869	3
870	1
871	3
872	0
873	1
874	0
875	3
876	1
877	0
878	2
879	1
880	1
881	2
882	3
883	3
884	3
885	2
886	3
887	0
888	2
889	1
890	1
891	1
892	2
893	3
894	0
895	2
896	3
897	3
898	1
899	3
900	3
901	2
902	2
903	1
904	1
905	2
906	0
907	2
908	2
909	0
910	1
911	2
912	2
913	0
914	1
915	1
916	2
917	0
918	0
919	1
920	2
921	0
922	1
923	3
924	1
925	1
926	0
927	0
928	0
929	0
930	2
931	1
932	2
933	2
934	1
935	3
936	3
937	3
938	0
939	3
940	3
941	3
942	0
943	3
944	3
945	2
946	1
947	1
948	1
949	2
950	2
951	3
952	1
953	0
954	2
955	0
956	0
957	2
958	3
959	0
960	0
961	3
962	3
963	2
964	3
965	3
966	2
967	1
968	3
969	3
970	3
971	1
972	0
973	2
974	0
975	1
976	0
977	3
978	0
979	1
980	1
981	1
982	0
983	0
984	1
985	1
986	0
987	1
988	1
989	0
990	1
991	1
992	1
993	1
994	3
995	2
996	0
997	1
998	3
999	3
1000	3
1001	2
1002	1
1003	1
1004	3
1005	1
1006	0
1007	3
1008	1
1009	2
1010	1
1011	1
1012	3
1013	2
1014	0
1015	2
1016	2
1017	2
1018	1
1019	2
1020	0
1021	2
1022	1
1023	1
1024	0
1025	1
1026	2
1027	1
1028	1
1029	0
1030	1
1031	3
1032	1
1033	2
1034	1
1035	3
1036	3
1037	3
1038	3
1039	3
1040	1
1041	2
1042	1
1043	2
1044	0
1045	3
1046	3
1047	3
1048	3
1049	1
1050	0
1051	3
1052	3
1053	1
1054	1
1055	3
1056	1
1057	3
1058	2
1059	3
1060	3
1061	1
1062	0
1063	0
1064	1
1065	1
1066	2
1067	2
1068	2
1069	0
1070	2
1071	2
1072	0
1073	2
1074	0
1075	2
1076	1
1077	1
1078	0
1079	1
1080	2
1081	0
1082	1
1083	2
1084	3
1085	3
1086	2
1087	1
1088	3
1089	3
1090	1
1091	2
1092	1
1093	3
1094	2
1095	1
1096	3
1097	2
1098	3
1099	1
1100	3
1101	3
1102	2
1103	2
1104	1
1105	0
1106	3
1107	3
1108	3
1109	1
1110	2
1111	1
1112	3
1113	1
1114	2
1115	2
1116	1
1117	3
1118	1
1119	1
1120	2
1121	2
1122	1
1123	3
1124	3
1125	1
1126	1
1127	1
1128	1
1129	3
1130	3
1131	0
1132	2
1133	1
1134	2
1135	3
1136	0
1137	2
1138	3
1139	3
1140	1
1141	2
1142	3
1143	3
1144	2
1145	2
1146	2
1147	3
1148	1
1149	0
1150	1
1151	2
1152	3
1153	1
1154	2
1155	2
1156	1
1157	3
1158	3
1159	0
1160	1
1161	1
1162	0
1163	3
1164	1
1165	3
1166	1
1167	1
1168	3
1169	2
1170	1
1171	1
1172	2
1173	1
1174	1
1175	0
1176	0
1177	3
1178	1
1179	1
1180	2
1181	1
1182	0
1183	2
1184	1
1185	3
1186	2
1187	1
1188	1
1189	0
1190	2
1191	1
1192	0
1193	1
1194	2
1195	1
1196	2
1197	1
1198	3
1199	0
1200	3
1201	1
1202	1
1203	0
1204	2
1205	1
1206	1
1207	0
1208	0
1209	0
1210	0
1211	3
1212	2
1213	2
1214	2
1215	2
1216	2
1217	2
1218	1
1219	2
1220	0
1221	0
1222	1
1223	1
1224	3
1225	0
1226	1
1227	0
1228	1
1229	0
1230	1
1231	1
1232	1
1233	1
1234	1
1235	3
1236	0
1237	1
1238	1
1239	1
1240	0
1241	1
1242	2
1243	2
1244	2
1245	3
1246	1
1247	2
1248	3
1249	1
1250	3
1251	1
1252	0
1253	3
1254	3
1255	3
1256	3
1257	2
1258	3
1259	3
1260	3
1261	2
1262	3
1263	1
1264	0
1265	2
1266	1
1267	2
1268	3
1269	1
1270	1
1271	2
1272	0
1273	2
1274	3
1275	1
1276	3
1277	0
1278	1
1279	1
1280	1
1281	0
1282	1
1283	2
1284	1
1285	2
1286	2
1287	3
1288	0
1289	2
1290	2
1291	2
1292	0
1293	1
1294	3
1295	1
1296	1
1297	1
1298	3
1299	2
1300	0
1301	2
1302	0
1303	0
1304	2
1305	2
1306	1
1307	1
1308	3
1309	3
1310	3
1311	3
1312	2
1313	3
1314	0
1315	1
1316	0
1317	2
1318	2
1319	1
1320	1
1321	3
1322	2
1323	3
1324	2
1325	1
1326	2
1327	3
1328	2
1329	1
1330	3
1331	1
1332	3
1333	3
1334	1
1335	1
1336	3
1337	3
1338	0
1339	2
1340	0
1341	0
1342	2
1343	1
1344	1
1345	0
1346	3
1347	2
1348	1
1349	2
1350	2
1351	1
1352	1
1353	3
1354	0
1355	2
1356	1
1357	0
1358	1
1359	1
1360	0
1361	2
1362	2
1363	2
1364	3
1365	2
1366	3
1367	2
1368	1
1369	2
1370	0
1371	1
1372	0
1373	1
1374	3
1375	0
1376	3
1377	0
1378	0
1379	1
1380	0
1381	0
1382	1
1383	0
1384	1
1385	0
1386	3
1387	2
1388	1
1389	2
1390	1
1391	1
1392	1
1393	2
1394	2
1395	1
1396	3
1397	1
1398	3
1399	0
1400	1
1401	2
1402	2
1403	2
1404	2
1405	3
1406	0
1407	3
1408	2
1409	3
1410	1
1411	0
1412	0
1413	2
1414	1
1415	2
1416	2
1417	0
1418	1
1419	3
1420	3
1421	1
1422	1
1423	0
1424	2
1425	2
1426	0
1427	2
1428	3
1429	1
1430	2
1431	2
1432	1
1433	2
1434	2
1435	2
1436	2
1437	1
1438	0
1439	1
1440	1
1441	0
1442	1
1443	0
1444	2
1445	3
1446	2
1447	1
1448	1
1449	3
1450	0
1451	1
1452	1
1453	3
1454	3
1455	3
1456	3
1457	0
1458	2
1459	2
1460	2
1461	2
1462	3
1463	0
1464	2
1465	1
1466	0
1467	0
1468	0
1469	3
1470	2
1471	3
1472	2
1473	3
1474	3
1475	1
1476	3
1477	1
1478	2
1479	1
1480	2
1481	0
1482	0
1483	2
1484	3
1485	2
1486	0
1487	0
1488	0
1489	1
1490	3
1491	0
1492	3
1493	1
1494	1
1495	0
1496	2
1497	1
1498	1
1499	0
1500	0
1501	0
1502	1
1503	2
1504	1
1505	0
1506	1
1507	0
1508	2
1509	3
1510	3
1511	1
1512	2
1513	0
1514	3
1515	2
1516	3
1517	3
1518	1
1519	3
1520	1
1521	1
1522	0
1523	1
1524	1
1525	2
1526	1
1527	1
1528	3
1529	1
1530	3
1531	1
1532	2
1533	1
1534	3
1535	3
1536	3
1537	1
1538	0
1539	1
1540	0
1541	3
1542	0
1543	1
1544	0
1545	0
1546	2
1547	0
1548	3
1549	2
1550	0
1551	1
1552	1
1553	1
1554	0
1555	1
1556	3
1557	2
1558	3
1559	0
1560	0
1561	1
1562	2
1563	1
1564	0
1565	3
1566	2
1567	3
1568	1
1569	1
1570	1
1571	1
1572	0
1573	3
1574	1
1575	2
1576	0
1577	0
1578	0
1579	2
1580	3
1581	0
1582	1
1583	2
1584	0
1585	2
1586	0
1587	3
1588	3
1589	1
1590	2
1591	3
1592	2
1593	3
1594	1
1595	3
1596	2
1597	3
1598	3
1599	3
1600	3
1601	2
1602	0
1603	1
1604	3
1605	3
1606	0
1607	1
1608	1
1609	2
1610	3
1611	3
1612	3
1613	3
1614	0
1615	1
1616	3
1617	1
1618	0
1619	1
1620	1
1621	2
1622	0
1623	1
1624	3
1625	3
1626	1
1627	2
1628	1
1629	1
1630	0
1631	0
1632	0
1633	1
1634	1
1635	1
1636	2
1637	1
1638	3
1639	1
1640	0
1641	3
1642	0
1643	0
1644	2
1645	0
1646	1
1647	1
1648	0
1649	0
1650	0
1651	3
1652	0
1653	0
1654	1
1655	2
1656	1
1657	3
1658	2
1659	3
1660	3
1661	3
1662	3
1663	3
1664	0
1665	0
1666	0
1667	1
1668	1
1669	2
1670	0
1671	0
1672	1
1673	0
1674	0
1675	1
1676	1
1677	3
1678	3
1679	3
1680	3
1681	2
1682	0
1683	1
1684	1
1685	0
1686	1
1687	3
1688	3
1689	2
1690	1
1691	3
1692	1
1693	2
1694	1
1695	0
1696	3
1697	2
1698	3
1699	3
1700	1
1701	3
1702	1
1703	2
1704	3
1705	0
1706	1
1707	0
1708	0
1709	2
1710	0
1711	3
1712	3
1713	0
1714	3
1715	1
1716	3
1717	2
1718	3
1719	1
1720	3
1721	0
1722	0
1723	0
1724	0
1725	0
1726	0
1727	1
1728	1
1729	0
1730	2
1731	1
1732	1
1733	3
1734	2
1735	1
1736	2
1737	2
1738	1
1739	2
1740	2
1741	2
1742	1
1743	0
1744	1
1745	3
1746	2
1747	1
1748	2
1749	2
1750	1
1751	1
1752	1
1753	0
1754	2
1755	0
1756	0
1757	3
1758	1
1759	2
1760	1
1761	0
1762	0
1763	0
1764	0
1765	0
1766	1
1767	1
1768	1
1769	0
1770	1
1771	0
1772	1
1773	0
1774	1
1775	0
1776	1
1777	1
1778	2
1779	0
1780	3
1781	3
1782	3
1783	3
1784	2
1785	0
1786	3
1787	2
1788	2
1789	0
1790	2
1791	0
1792	0
1793	3
1794	0
1795	2
1796	3
1797	2
1798	1
1799	3
1800	2
1801	2
1802	3
1803	0
1804	0
1805	1
1806	1
1807	0
1808	1
1809	1
1810	0
1811	0
1812	0
1813	0
1814	3
1815	0
1816	0
1817	3
1818	2
1819	0
1820	3
1821	3
1822	1
1823	1
1824	3
1825	0
1826	3
1827	3
1828	1
1829	1
1830	3
1831	1
1832	0
1833	0
1834	1
1835	1
1836	1
1837	0
1838	3
1839	1
1840	2
1841	2
1842	0
1843	0
1844	1
1845	2
1846	0
1847	0
1848	0
1849	3
1850	1
1851	1
1852	2
1853	0
1854	0
1855	0
1856	0
1857	0
1858	0
1859	0
1860	0
1861	0
1862	1
1863	0
1864	0
1865	0
1866	0
1867	1
1868	1
1869	0
1870	0
1871	2
1872	1
1873	0
1874	1
1875	0
1876	1
1877	1
1878	2
1879	1
1880	0
1881	1
1882	0
1883	1
1884	1
1885	0
1886	1
1887	1
1888	0
1889	0
1890	3
1891	0
1892	0
1893	0
1894	1
1895	0
1896	1
1897	0
1898	1
1899	1
1900	0
1901	1
1902	0
1903	1
1904	0
1905	3
1906	3
1907	3
1908	1
1909	3
1910	3
1911	0
1912	2
1913	3
1914	3
1915	1
1916	1
1917	0
1918	1
1919	0
1920	1
1921	0
1922	0
1923	0
1924	1
1925	1
1926	0
1927	1
1928	1
1929	0
1930	0
1931	1
1932	2
1933	1
1934	0
1935	0
1936	1
1937	1
1938	0
1939	1
1940	0
1941	0
1942	0
1943	1
1944	0
1945	0
1946	0
1947	0
1948	1
1949	1
1950	1
1951	0
1952	1
1953	3
1954	1
1955	1
1956	1
1957	0
1958	1
1959	2
1960	1
1961	0
1962	0
1963	1
1964	1
1965	2
1966	1
1967	0
1968	0
1969	0
1970	1
1971	0
1972	1
1973	0
1974	1
1975	0
1976	0
1977	1
1978	2
1979	2
1980	3
1981	0
1982	0
1983	1
1984	1
1985	3
1986	3
1987	2
1988	0
1989	0
1990	1
1991	2
1992	1
1993	1
1994	0
1995	1
1996	2
1997	1
1998	0
1999	2
2000	1
2001	1
2002	1
2003	3
2004	0
2005	0
2006	0
2007	0
2008	2
2009	0
2010	0
2011	3
2012	0
2013	3
2014	1
2015	0
2016	2
2017	1
2018	0
2019	1
2020	1
2021	1
2022	1
2023	1
2024	3
2025	3
2026	0
2027	1
2028	0
2029	1
2030	2
2031	1
2032	3
2033	3
2034	0
2035	1
2036	1
2037	3
2038	3
2039	0
2040	3
2041	1
2042	0
2043	2
2044	2
2045	1
2046	0
2047	0
2048	0
2049	2
2050	2
2051	1
2052	0
2053	2
2054	2
2055	0
2056	0
2057	0
2058	0
2059	3
2060	1
2061	2
2062	1
2063	0
2064	1
2065	3
2066	1
2067	0
2068	0
2069	2
2070	2
2071	0
2072	3
2073	3
2074	3
2075	3
2076	3
2077	2
2078	1
2079	3
2080	1
2081	3
2082	1
2083	2
2084	0
2085	3
2086	3
2087	2
2088	0
2089	2
2090	1
2091	2
2092	3
2093	0
2094	2
2095	1
2096	1
2097	0
2098	1
2099	1
2100	0
2101	0
2102	1
2103	2
2104	3
2105	0
2106	1
2107	3
2108	2
2109	0
2110	1
2111	1
2112	2
2113	0
2114	2
2115	3
2116	3
2117	3
2118	3
2119	2
2120	3
2121	0
2122	1
2123	3
2124	1
2125	0
2126	0
2127	0
2128	3
2129	3
2130	1
2131	1
2132	3
2133	3
2134	0
2135	3
2136	0
2137	0
2138	1
2139	0
2140	0
2141	2
2142	3
2143	1
2144	2
2145	3
2146	2
2147	0
2148	0
2149	1
2150	0
2151	0
2152	1
2153	0
2154	3
2155	0
2156	0
2157	0
2158	0
2159	0
2160	0
2161	0
2162	1
2163	1
2164	1
2165	1
2166	0
2167	1
2168	0
2169	0
2170	2
2171	3
2172	0
2173	1
2174	1
2175	2
2176	3
2177	0
2178	2
2179	1
2180	3
2181	0
2182	0
2183	1
2184	1
2185	1
2186	0
2187	2
2188	1
2189	3
2190	3
2191	1
2192	1
2193	2
2194	1
2195	1
2196	2
2197	1
2198	3
2199	0
2200	2
2201	0
2202	1
2203	3
2204	0
2205	2
2206	3
2207	0
2208	0
2209	0
2210	2
2211	1
2212	1
2213	0
2214	1
2215	0
2216	1
2217	2
2218	1
2219	1
2220	2
2221	1
2222	2
2223	0
2224	1
2225	0
2226	2
2227	3
2228	3
2229	2
2230	1
2231	0
2232	0
2233	0
2234	0
2235	0
2236	0
2237	1
2238	0
2239	2
2240	0
2241	0
2242	2
2243	0
2244	1
2245	2
2246	1
2247	1
2248	2
2249	3
2250	0
2251	3
2252	1
2253	1
2254	2
2255	0
2256	3
2257	2
2258	2
2259	3
2260	3
2261	3
2262	2
2263	3
2264	2
2265	0
2266	2
2267	2
2268	1
2269	1
2270	3
2271	0
2272	1
2273	1
2274	1
2275	0
2276	0
2277	3
2278	2
2279	2
2280	2
2281	0
2282	1
2283	1
2284	1
2285	0
2286	2
2287	0
2288	2
2289	2
2290	1
2291	1
2292	1
2293	2
2294	1
2295	3
2296	3
2297	0
2298	2
2299	3
2300	3
2301	0
2302	0
2303	3
2304	3
2305	3
2306	3
2307	3
2308	1
2309	3
2310	3
2311	1
2312	0
2313	3
2314	1
2315	0
2316	3
2317	1
2318	3
2319	1
2320	3
2321	0
2322	1
2323	1
2324	1
2325	3
2326	1
2327	3
2328	2
2329	1
2330	2
2331	1
2332	0
2333	1
2334	1
2335	1
2336	0
2337	0
2338	1
2339	0
2340	1
2341	1
2342	0
2343	1
2344	3
2345	2
2346	2
2347	0
2348	0
2349	2
2350	0
2351	2
2352	2
2353	2
2354	1
2355	2
2356	2
2357	1
2358	2
2359	0
2360	1
2361	1
2362	0
2363	1
2364	3
2365	3
2366	1
2367	2
2368	3
2369	2
2370	3
2371	3
2372	1
2373	3
2374	3
2375	1
2376	1
2377	1
2378	0
2379	3
2380	1
2381	1
2382	3
2383	3
2384	1
2385	1
2386	1
2387	2
2388	1
2389	0
2390	0
2391	3
2392	0
2393	3
2394	3
2395	1
2396	2
2397	2
2398	0
2399	2
2400	0
2401	0
2402	3
2403	2
2404	1
2405	1
2406	0
2407	1
2408	1
2409	0
2410	0
2411	1
2412	0
2413	0
2414	1
2415	2
2416	1
2417	3
2418	3
2419	3
2420	0
2421	3
2422	3
2423	1
2424	3
2425	0
2426	1
2427	1
2428	2
2429	3
2430	3
2431	3
2432	3
2433	3
2434	0
2435	0
2436	3
2437	2
2438	3
2439	1
2440	0
2441	1
2442	1
2443	1
2444	0
2445	1
2446	1
2447	2
2448	3
2449	3
2450	1
2451	0
2452	2
2453	1
2454	2
2455	1
2456	1
2457	1
2458	0
2459	2
2460	1
2461	1
2462	0
2463	0
2464	2
2465	1
2466	1
2467	0
2468	2
2469	3
2470	3
2471	3
2472	0
2473	1
2474	2
2475	2
2476	2
2477	0
2478	1
2479	0
2480	1
2481	1
2482	0
2483	1
2484	1
2485	2
2486	3
2487	3
2488	0
2489	3
2490	0
2491	0
2492	1
2493	2
2494	0
2495	1
2496	3
2497	1
2498	3
2499	3
2500	0
2501	0
2502	1
2503	1
2504	1
2505	1
2506	1
2507	0
2508	3
2509	0
2510	0
2511	0
2512	0
2513	2
2514	0
2515	3
2516	1
2517	3
2518	3
2519	3
2520	2
2521	3
2522	3
2523	3
2524	3
2525	3
2526	3
2527	3
2528	3
2529	2
2530	3
2531	1
2532	1
2533	1
2534	3
2535	1
2536	2
2537	3
2538	2
2539	2
2540	2
2541	2
2542	0
2543	1
2544	1
2545	0
2546	3
2547	3
2548	1
2549	1
2550	0
2551	1
2552	1
2553	2
2554	1
2555	1
2556	1
2557	0
2558	2
2559	1
2560	3
2561	3
2562	3
2563	3
2564	2
2565	1
2566	2
2567	3
2568	1
2569	0
2570	1
2571	2
2572	1
2573	3
2574	0
2575	0
2576	0
2577	1
2578	0
2579	0
2580	1
2581	0
2582	1
2583	1
2584	1
2585	2
2586	1
2587	2
2588	1
2589	2
2590	0
2591	1
2592	0
2593	2
2594	1
2595	0
2596	1
2597	0
2598	0
2599	0
2600	1
2601	0
2602	0
2603	1
2604	0
2605	0
2606	0
2607	1
2608	0
2609	0
2610	1
2611	0
2612	0
2613	2
2614	0
2615	2
2616	1
2617	3
2618	0
2619	2
2620	0
2621	0
2622	0
2623	0
2624	1
2625	2
2626	1
2627	1
2628	0
2629	0
2630	1
2631	3
2632	0
2633	3
2634	1
2635	3
2636	1
2637	1
2638	0
2639	1
2640	3
2641	3
2642	0
2643	3
2644	3
2645	1
2646	3
2647	3
2648	3
2649	0
2650	3
2651	3
2652	2
2653	3
2654	3
2655	3
2656	2
2657	0
2658	0
2659	1
2660	2
2661	0
2662	1
2663	3
2664	2
2665	3
2666	3
2667	1
2668	1
2669	3
2670	3
2671	0
2672	1
2673	0
2674	0
2675	1
2676	0
2677	1
2678	0
2679	2
2680	2
2681	0
2682	3
2683	3
2684	1
2685	0
2686	0
2687	1
2688	1
2689	2
2690	0
2691	0
2692	1
2693	1
2694	1
2695	0
2696	1
2697	1
2698	3
2699	1
2700	1
2701	2
2702	1
2703	3
2704	3
2705	3
2706	0
2707	1
2708	0
2709	2
2710	3
2711	0
2712	0
2713	1
2714	1
2715	3
2716	0
2717	2
2718	2
2719	0
2720	2
2721	1
2722	3
2723	1
2724	1
2725	0
2726	1
2727	3
2728	1
2729	3
2730	3
2731	3
2732	3
2733	3
2734	1
2735	3
2736	3
2737	1
2738	3
2739	2
2740	0
2741	2
2742	1
2743	3
2744	1
2745	3
2746	0
2747	0
2748	0
2749	0
2750	1
2751	0
2752	1
2753	0
2754	1
2755	0
2756	0
2757	3
2758	0
2759	0
2760	0
2761	0
2762	3
2763	0
2764	1
2765	2
2766	3
2767	0
2768	0
2769	0
2770	3
2771	0
2772	1
2773	1
2774	0
2775	1
2776	2
2777	0
2778	1
2779	0
2780	1
2781	3
2782	0
2783	1
2784	1
2785	1
2786	1
2787	2
2788	1
2789	1
2790	0
2791	1
2792	1
2793	1
2794	1
2795	3
2796	0
2797	0
2798	0
2799	0
2800	1
2801	0
2802	3
2803	1
2804	1
2805	2
2806	3
2807	1
2808	0
2809	1
2810	0
2811	2
2812	3
2813	3
2814	1
2815	0
2816	0
2817	2
2818	1
2819	0
2820	0
2821	0
2822	2
2823	0
2824	3
2825	3
2826	3
2827	3
2828	3
2829	3
2830	3
2831	1
2832	1
2833	0
2834	3
2835	1
2836	1
2837	0
2838	1
2839	0
2840	0
2841	0
2842	2
2843	0
2844	0
2845	1
2846	1
2847	3
2848	2
2849	0
2850	2
2851	0
2852	1
2853	3
2854	2
2855	3
2856	3
2857	1
2858	2
2859	1
2860	1
2861	1
2862	2
2863	1
2864	1
2865	0
2866	0
2867	1
2868	1
2869	0
2870	0
2871	0
2872	1
2873	0
2874	1
2875	0
2876	1
2877	1
2878	2
2879	0
2880	0
2881	0
2882	0
2883	1
2884	2
2885	3
2886	1
2887	1
2888	3
2889	2
2890	0
2891	3
2892	3
2893	3
2894	1
2895	3
2896	0
2897	0
2898	2
2899	0
2900	1
2901	3
2902	0
2903	3
2904	2
2905	1
2906	3
2907	0
2908	3
2909	3
2910	0
2911	0
2912	0
2913	0
2914	2
2915	0
2916	1
2917	1
2918	2
2919	2
2920	1
2921	3
2922	1
2923	3
2924	2
2925	0
2926	0
2927	1
2928	0
2929	0
2930	0
2931	2
2932	1
2933	1
2934	0
2935	2
2936	2
2937	2
2938	2
2939	1
2940	0
2941	2
2942	2
2943	1
2944	0
2945	3
2946	3
2947	1
2948	1
2949	0
2950	0
2951	0
2952	0
2953	1
2954	1
2955	0
2956	0
2957	0
2958	0
2959	3
2960	1
2961	1
2962	2
2963	0
2964	0
2965	1
2966	0
2967	0
2968	1
2969	0
2970	3
2971	0
2972	3
2973	0
2974	1
2975	2
2976	2
2977	1
2978	1
2979	3
2980	3
2981	0
2982	3
2983	0
2984	3
2985	3
2986	3
2987	2
2988	1
2989	1
2990	3
2991	1
2992	1
2993	2
2994	1
2995	1
2996	0
2997	0
2998	0
2999	2
3000	0
3001	1
3002	2
3003	3
3004	2
3005	0
3006	1
3007	0
3008	3
3009	0
3010	2
3011	2
3012	1
3013	2
3014	0
3015	1
3016	1
3017	1
3018	3
3019	2
3020	1
3021	0
3022	1
3023	1
3024	2
3025	0
3026	2
3027	3
3028	3
3029	1
3030	1
3031	0
3032	1
3033	3
3034	2
3035	0
3036	1
3037	1
3038	3
3039	1
3040	1
3041	1
3042	3
3043	1
3044	1
3045	1
3046	3
3047	1
3048	3
3049	0
3050	0
3051	0
3052	1
3053	1
3054	1
3055	1
3056	2
3057	0
3058	2
3059	1
3060	1
3061	2
3062	3
3063	1
3064	2
3065	2
3066	1
3067	2
3068	1
3069	1
3070	2
3071	3
3072	1
3073	3
3074	3
3075	3
3076	3
3077	3
3078	0
3079	1
3080	1
3081	2
3082	0
3083	2
3084	1
3085	3
3086	1
3087	1
3088	0
3089	1
3090	1
3091	1
3092	1
3093	1
3094	2
3095	1
3096	2
3097	1
3098	1
3099	1
3100	1
3101	2
3102	1
3103	0
3104	1
3105	2
3106	1
3107	0
3108	0
3109	1
3110	2
3111	0
3112	0
3113	0
3114	0
3115	0
3116	0
3117	0
3118	3
3119	0
3120	2
3121	1
3122	2
3123	3
3124	0
3125	0
3126	2
3127	0
3128	0
3129	0
3130	0
3131	0
3132	0
3133	0
3134	1
3135	0
3136	1
3137	1
3138	0
3139	0
3140	0
3141	1
3142	0
3143	1
3144	1
3145	3
3146	0
3147	0
3148	0
3149	1
3150	2
3151	2
3152	3
3153	1
3154	1
3155	0
3156	0
3157	0
3158	0
3159	1
3160	0
3161	3
3162	1
3163	0
3164	0
3165	1
3166	0
3167	1
3168	1
3169	0
3170	3
3171	2
3172	1
3173	0
3174	0
3175	1
3176	1
3177	3
3178	3
3179	3
3180	1
3181	0
3182	0
3183	0
3184	0
3185	0
3186	0
3187	1
3188	1
3189	1
3190	1
3191	1
3192	1
3193	3
3194	0
3195	1
3196	2
3197	2
3198	1
3199	0
3200	2
3201	2
3202	1
3203	1
3204	2
3205	1
3206	1
3207	1
3208	0
3209	2
3210	2
3211	0
3212	1
3213	1
3214	1
3215	3
3216	1
3217	3
3218	2
3219	3
3220	3
3221	3
3222	3
3223	3
3224	0
3225	0
3226	0
3227	0
3228	0
3229	0
3230	1
3231	1
3232	1
3233	0
3234	3
3235	3
3236	3
3237	3
3238	3
3239	3
3240	3
3241	2
3242	1
3243	1
3244	2
3245	1
3246	0
3247	0
3248	2
3249	2
3250	1
3251	1
3252	0
3253	1
3254	0
3255	0
3256	0
3257	1
3258	0
3259	1
3260	0
3261	1
3262	1
3263	3
3264	1
3265	1
3266	0
3267	0
3268	1
3269	1
3270	1
3271	2
3272	3
3273	0
3274	1
3275	1
3276	0
3277	0
3278	1
3279	1
3280	1
3281	1
3282	0
3283	0
3284	1
3285	1
3286	0
3287	0
3288	0
3289	1
3290	0
3291	3
3292	3
3293	3
3294	1
3295	1
3296	1
3297	0
3298	0
3299	0
3300	1
3301	1
3302	0
3303	2
3304	1
3305	1
3306	1
3307	2
3308	1
3309	0
3310	2
3311	1
3312	2
3313	0
3314	1
3315	0
3316	2
3317	0
3318	1
3319	0
3320	0
3321	0
3322	0
3323	0
3324	0
3325	1
3326	0
3327	3
3328	2
3329	1
3330	2
3331	0
3332	1
3333	1
3334	1
3335	0
3336	0
3337	0
3338	0
3339	1
3340	2
3341	0
3342	1
3343	1
3344	0
3345	0
3346	0
3347	3
3348	0
3349	0
3350	1
3351	2
3352	1
3353	1
3354	1
3355	1
3356	1
3357	0
3358	1
3359	0
3360	1
3361	1
3362	1
3363	1
3364	2
3365	1
3366	0
3367	1
3368	2
3369	0
3370	1
3371	1
3372	1
3373	1
3374	0
3375	1
3376	2
3377	0
3378	0
3379	3
3380	3
3381	0
3382	0
3383	0
3384	1
3385	0
3386	1
3387	1
3388	1
3389	0
3390	0
3391	1
3392	1
3393	1
3394	1
3395	0
3396	1
3397	0
3398	0
3399	0
3400	3
3401	3
3402	0
3403	0
3404	1
3405	2
3406	1
3407	0
3408	1
3409	1
3410	0
3411	1
3412	1
3413	1
3414	1
3415	3
3416	1
3417	2
3418	1
3419	0
3420	1
3421	2
3422	3
3423	1
3424	0
3425	0
3426	2
3427	1
3428	0
3429	0
3430	1
3431	0
3432	0
3433	3
3434	1
3435	1
3436	0
3437	1
3438	1
3439	0
3440	0
3441	0
3442	0
3443	0
3444	0
3445	1
3446	0
3447	1
3448	3
3449	0
3450	0
3451	1
3452	0
3453	0
3454	1
3455	1
3456	1
3457	1
3458	0
3459	0
3460	1
3461	1
3462	1
3463	0
3464	1
3465	0
3466	0
3467	1
3468	0
3469	1
3470	0
3471	1
3472	3
3473	3
3474	0
3475	1
3476	3
3477	0
3478	2
3479	2
3480	1
3481	1
3482	2
3483	1
3484	3
3485	1
3486	2
3487	1
3488	1
3489	0
3490	0
3491	1
3492	0
3493	1
3494	0
3495	0
3496	0
3497	0
3498	0
3499	0
3500	3
3501	1
3502	2
3503	3
3504	1
3505	1
3506	0
3507	0
3508	1
3509	1
3510	0
3511	1
3512	0
3513	0
3514	1
3515	1
3516	1
3517	1
3518	0
3519	2
3520	2
3521	1
3522	0
3523	1
3524	0
3525	2
3526	1
3527	2
3528	2
3529	1
3530	1
3531	1
3532	2
3533	1
3534	1
3535	1
3536	2
3537	0
3538	0
3539	1
3540	0
3541	1
3542	2
3543	0
3544	0
3545	0
3546	1
3547	0
3548	1
3549	1
3550	1
3551	1
3552	0
3553	1
3554	0
3555	1
3556	0
3557	1
3558	0
3559	0
3560	1
3561	0
3562	0
3563	0
3564	2
3565	2
3566	0
3567	0
3568	2
3569	1
3570	1
3571	3
3572	3
3573	3
3574	3
3575	0
3576	0
3577	2
3578	1
3579	1
3580	0
3581	0
3582	0
3583	1
3584	0
3585	0
3586	0
3587	3
3588	2
3589	1
3590	0
3591	1
3592	1
3593	2
3594	0
3595	1
3596	0
3597	1
3598	0
3599	0
3600	0
3601	2
3602	0
3603	0
3604	0
3605	0
3606	0
3607	0
3608	1
3609	2
3610	1
3611	1
3612	1
3613	1
3614	1
3615	0
3616	0
3617	0
3618	0
3619	2
3620	3
3621	2
3622	1
3623	1
3624	0
3625	1
3626	3
3627	0
3628	0
3629	0
3630	2
3631	2
3632	2
3633	0
3634	1
3635	0
3636	0
3637	2
3638	1
3639	0
3640	1
3641	2
3642	0
3643	1
3644	0
3645	0
3646	3
3647	1
3648	3
3649	1
3650	3
3651	2
3652	1
3653	2
3654	1
3655	0
3656	2
3657	1
3658	0
3659	1
3660	0
3661	1
3662	3
3663	1
3664	3
3665	1
3666	2
3667	0
3668	2
3669	0
3670	0
3671	0
3672	1
3673	0
3674	0
3675	0
3676	1
3677	0
3678	2
3679	0
3680	0
3681	1
3682	1
3683	1
3684	0
3685	0
3686	0
3687	1
3688	3
3689	3
3690	3
3691	3
3692	2
3693	0
3694	0
3695	3
3696	2
3697	1
3698	2
3699	1
3700	1
3701	0
3702	2
3703	2
3704	1
3705	2
3706	1
3707	1
3708	1
3709	1
3710	1
3711	2
3712	2
3713	0
3714	1
3715	1
3716	2
3717	1
3718	1
3719	1
3720	1
3721	1
3722	0
3723	2
3724	0
3725	1
3726	0
3727	1
3728	1
3729	0
3730	0
3731	0
3732	3
3733	3
3734	3
3735	3
3736	3
3737	2
3738	3
3739	3
3740	0
3741	0
3742	1
3743	1
3744	1
3745	1
3746	0
3747	0
3748	0
3749	0
3750	1
3751	1
3752	0
3753	1
3754	0
3755	1
3756	1
3757	0
3758	0
3759	0
3760	1
3761	1
3762	1
3763	0
3764	0
3765	0
3766	0
3767	0
3768	0
3769	1
3770	0
3771	0
3772	3
3773	3
3774	1
3775	0
3776	1
3777	1
3778	2
3779	1
3780	3
3781	0
3782	1
3783	1
3784	0
3785	1
3786	0
3787	1
3788	3
3789	0
3790	0
3791	2
3792	1
3793	0
3794	1
3795	2
3796	1
3797	1
3798	0
3799	1
3800	0
3801	1
3802	1
3803	1
3804	0
3805	3
3806	0
3807	1
3808	1
3809	1
3810	1
3811	0
3812	1
3813	3
3814	3
3815	1
3816	1
3817	3
3818	1
3819	2
3820	1
3821	0
3822	0
3823	0
3824	1
3825	2
3826	1
3827	0
3828	1
3829	0
3830	3
3831	1
3832	1
3833	1
3834	0
3835	2
3836	1
3837	2
3838	3
3839	1
3840	1
3841	1
3842	0
3843	1
3844	0
3845	3
3846	3
3847	1
3848	0
3849	1
3850	0
3851	3
3852	2
3853	2
3854	1
3855	0
3856	0
3857	0
3858	1
3859	0
3860	0
3861	0
3862	0
3863	1
3864	1
3865	0
3866	1
3867	1
3868	0
3869	1
3870	2
3871	2
3872	1
3873	1
3874	1
3875	2
3876	1
3877	1
3878	2
3879	1
3880	0
3881	1
3882	0
3883	0
3884	1
3885	1
3886	0
3887	0
3888	2
3889	1
3890	1
3891	1
3892	0
3893	3
3894	2
3895	3
3896	2
3897	1
3898	3
3899	3
3900	1
3901	0
3902	1
3903	1
3904	0
3905	1
3906	0
3907	1
3908	0
3909	0
3910	0
3911	0
3912	0
3913	0
3914	0
3915	0
3916	2
3917	0
3918	1
3919	1
3920	0
3921	0
3922	3
3923	0
3924	2
3925	0
3926	0
3927	2
3928	1
3929	1
3930	0
3931	2
3932	1
3933	0
3934	0
3935	0
3936	0
3937	1
3938	2
3939	1
3940	1
3941	1
3942	0
3943	1
3944	2
3945	0
3946	0
3947	1
3948	2
3949	0
3950	0
3951	0
