0	2233
0	3704
2233	4245
3704	109
3704	530
3704	2234
3704	2308
1	2234
1	3705
2234	74
2234	187
2	2235
2	3706
2235	3707
3706	17
3706	58
3706	61
3706	72
3706	85
3706	106
3706	119
3706	124
3706	142
3706	152
3706	163
3706	191
3706	261
3706	282
3706	317
3706	370
3706	381
3706	390
3706	405
3706	542
3706	597
3706	619
3706	641
3706	642
3706	651
3706	868
3706	1132
3706	1170
3706	1648
3706	2275
3706	3562
3706	2525
3706	2467
3706	2490
3706	2555
3706	3172
3706	2778
3706	3697
3	2236
3	3707
2236	8
2236	24
2236	53
2236	216
2236	230
2236	264
2236	592
2236	4246
3707	7
3707	10
3707	14
3707	578
3707	1529
3707	1611
3707	2237
3707	2260
3707	2295
3707	2326
3707	2492
3707	2545
3707	2549
3707	2717
3707	2934
3707	3153
4	2237
4	3708
2237	6
2237	44
3708	2253
5	2238
5	3709
2238	66
2238	302
2238	3723
3709	9
3709	30
3709	38
3709	70
3709	326
3709	602
6	3710
3710	8
3710	12
3710	41
3710	43
3710	45
3710	50
3710	77
3710	83
3710	89
3710	92
3710	104
3710	108
3710	135
3710	136
3710	138
3710	141
3710	143
3710	147
3710	153
3710	156
3710	162
3710	180
3710	181
3710	182
3710	194
3710	220
3710	223
3710	234
3710	241
3710	246
3710	263
3710	264
3710	266
3710	275
3710	307
3710	311
3710	323
3710	361
3710	415
3710	480
3710	483
3710	485
3710	509
3710	566
3710	638
3710	663
3710	665
3710	675
3710	690
3710	691
3710	711
3710	802
3710	807
3710	814
3710	857
3710	912
3710	922
3710	981
3710	1002
3710	1007
3710	1039
3710	1167
3710	1200
3710	1208
3710	1216
3710	1542
3710	1564
3710	1607
3710	2129
3710	2269
3710	2276
3710	2286
3710	2288
3710	2290
3710	2292
3710	2321
3710	2323
3710	2325
3710	2332
3710	2340
3710	2355
3710	2633
3710	2376
3710	2418
3710	2582
7	2239
2239	4247
9	2240
2240	4249
10	2241
2241	42
2241	707
2241	1041
2241	4248
11	2242
11	3711
2242	12
2242	15
2242	151
2242	3732
3711	2000
3711	2267
3711	2574
3711	3698
13	2243
13	3712
2243	183
2243	2224
2243	3718
3712	35
3712	36
3712	47
3712	49
3712	59
3712	62
3712	134
3712	144
3712	157
3712	222
3712	245
3712	252
3712	253
3712	256
3712	280
3712	374
3712	375
3712	402
3712	416
3712	439
3712	473
3712	519
3712	585
3712	595
3712	674
3712	700
3712	1010
3712	1037
3712	1068
3712	1079
3712	1085
3712	1275
3712	1510
3712	1517
3712	1548
3712	1551
3712	1576
3712	1652
3712	1674
3712	1694
3712	1696
3712	1748
3712	1754
3712	1759
3712	1761
3712	1776
3712	1785
3712	1806
3712	1817
3712	1823
3712	1835
3712	1842
3712	1843
3712	1867
3712	1886
3712	1888
3712	1902
3712	2004
3712	2070
3712	2385
3712	2481
3712	3005
3712	3105
3712	3203
3712	3304
3712	3222
3712	3266
3712	3225
3712	3237
3712	3242
3712	3653
3712	3655
3712	3657
3712	3282
3712	3283
3712	3284
3712	3290
3712	3305
3712	3295
3712	3299
3712	3317
3712	3679
3712	3456
3712	3501
14	2244
2244	3718
15	3713
3713	20
3713	25
3713	27
3713	84
3713	86
3713	110
3713	115
3713	155
3713	242
3713	249
3713	250
16	2245
16	3714
2245	4250
3714	29
17	2246
2246	19
2246	20
2246	1060
2246	1738
2246	1981
2246	3721
18	2247
18	3715
2247	25
2247	59
2247	60
2247	61
2247	309
2247	722
2247	3718
3715	22
3715	28
3715	33
3715	37
3715	42
3715	44
3715	74
3715	76
3715	79
3715	80
3715	103
3715	125
3715	139
3715	160
3715	165
3715	173
3715	174
3715	196
3715	199
3715	207
3715	213
3715	228
3715	239
3715	240
3715	244
3715	248
3715	254
3715	273
3715	287
3715	293
3715	294
3715	302
3715	306
3715	312
3715	321
3715	332
3715	350
3715	354
3715	355
3715	363
3715	376
3715	384
3715	385
3715	386
3715	394
3715	403
3715	406
3715	411
3715	412
3715	435
3715	438
3715	442
3715	450
3715	455
3715	462
3715	486
3715	489
3715	496
3715	497
3715	498
3715	503
3715	505
3715	507
3715	516
3715	522
3715	525
3715	526
3715	532
3715	536
3715	543
3715	545
3715	550
3715	557
3715	559
3715	568
3715	572
3715	573
3715	579
3715	582
3715	587
3715	600
3715	605
3715	607
3715	609
3715	618
3715	623
3715	628
3715	631
3715	647
3715	652
3715	656
3715	660
3715	673
3715	704
3715	713
3715	731
3715	734
3715	753
3715	763
3715	775
3715	779
3715	792
3715	812
3715	887
3715	890
3715	967
3715	991
3715	1023
3715	1073
3715	1074
3715	1087
3715	1096
3715	1100
3715	1131
3715	1137
3715	1141
3715	1172
3715	1185
3715	1249
3715	1307
3715	1310
3715	1326
3715	1327
3715	1367
3715	1368
3715	1387
3715	1391
3715	1392
3715	1396
3715	1400
3715	1403
3715	1409
3715	1439
3715	1440
3715	1444
3715	1450
3715	1460
3715	1462
3715	1467
3715	1469
3715	1473
3715	1474
3715	1481
3715	1630
3715	1691
3715	1725
3715	1734
3715	1746
3715	1749
3715	1786
3715	1790
3715	1792
3715	1795
3715	1799
3715	1809
3715	1813
3715	2258
3715	2316
3715	2414
3715	2460
3715	2484
3715	2531
3715	2563
3715	2959
3715	3054
3715	3050
3715	3619
3715	3125
3715	3649
3715	3268
3715	3273
19	3716
3716	40
3716	82
3716	105
3716	130
3716	132
3716	243
3716	279
3716	288
3716	404
3716	431
3716	434
3716	500
3716	611
3716	1008
3716	2311
3716	2315
3716	2339
3716	2403
3716	2405
3716	2823
21	2248
21	3717
2248	4252
3717	53
3717	54
3717	272
3717	395
3717	396
3717	1116
22	2249
2249	3723
23	2250
23	3718
2250	32
2250	41
2250	4252
3718	2262
24	3719
3719	69
3719	87
3719	88
3719	93
3719	111
3719	154
3719	170
3719	225
3719	325
3719	327
3719	330
3719	345
3719	347
3719	369
3719	378
3719	379
3719	427
3719	458
3719	467
3719	474
3719	488
3719	491
3719	508
3719	510
3719	524
3719	561
3719	562
3719	592
3719	599
3719	655
3719	668
3719	803
3719	827
3719	901
3719	974
3719	992
3719	993
3719	1003
3719	1016
3719	1018
3719	1121
3719	1171
3719	1188
3719	1266
3719	1496
3719	1610
3719	1653
3719	1740
3719	1868
3719	2010
3719	2041
3719	2048
3719	2058
3719	2143
3719	2153
3719	2283
3719	2312
3719	2347
3719	2369
3719	2425
3719	2427
3719	2430
3719	2435
3719	2463
3719	2493
3719	2498
3719	2507
3719	2535
3719	2539
3719	2544
3719	2587
3719	2588
3719	2598
3719	2652
3719	2680
3719	2764
3719	2777
3719	2884
26	2251
26	3720
2251	28
2251	31
2251	3732
3720	94
3720	95
3720	98
3720	99
3720	100
3720	102
3720	121
3720	137
3720	145
3720	171
3720	172
3720	176
3720	184
3720	190
3720	195
3720	200
3720	215
3720	229
3720	247
3720	255
3720	257
3720	265
3720	277
3720	295
3720	299
3720	301
3720	313
3720	319
3720	322
3720	333
3720	336
3720	346
3720	352
3720	359
3720	362
3720	365
3720	371
3720	383
3720	393
3720	398
3720	399
3720	401
3720	407
3720	421
3720	430
3720	441
3720	449
3720	459
3720	464
3720	479
3720	481
3720	482
3720	487
3720	492
3720	494
3720	501
3720	537
3720	539
3720	546
3720	554
3720	565
3720	606
3720	616
3720	620
3720	622
3720	626
3720	627
3720	633
3720	634
3720	643
3720	648
3720	653
3720	662
3720	667
3720	677
3720	683
3720	685
3720	688
3720	697
3720	738
3720	749
3720	772
3720	806
3720	835
3720	844
3720	852
3720	867
3720	872
3720	900
3720	902
3720	906
3720	924
3720	929
3720	940
3720	946
3720	952
3720	972
3720	985
3720	994
3720	1014
3720	1019
3720	1021
3720	1024
3720	1066
3720	1102
3720	1128
3720	1129
3720	1134
3720	1152
3720	1155
3720	1161
3720	1176
3720	1214
3720	1223
3720	1241
3720	1245
3720	1273
3720	1280
3720	1293
3720	1296
3720	1301
3720	1306
3720	1323
3720	1324
3720	1350
3720	1364
3720	1376
3720	1406
3720	1408
3720	1533
3720	1649
3720	1680
3720	1772
3720	1964
3720	2273
3720	2274
3720	2277
3720	2287
3720	2329
3720	2289
3720	2303
3720	2294
3720	2293
3720	2297
3720	2298
3720	2305
3720	2309
3720	2318
3720	2320
3720	2449
3720	2324
3720	2328
3720	2330
3720	2345
3720	2335
3720	2351
3720	2344
3720	2343
3720	2346
3720	2635
3720	2350
3720	2379
3720	2371
3720	2357
3720	2360
3720	2366
3720	2374
3720	2382
3720	2387
3720	2390
3720	2394
3720	2395
3720	3563
3720	2399
3720	2400
3720	2402
3720	2404
3720	2590
3720	2464
3720	2409
3720	2412
3720	2413
3720	3097
3720	2415
3720	2443
3720	2421
3720	2424
3720	2450
3720	2431
3720	3565
3720	2497
3720	2444
3720	2440
3720	2441
3720	2494
3720	2456
3720	2462
3720	2546
3720	2473
3720	2476
3720	3566
3720	2500
3720	2501
3720	2520
3720	2529
3720	2564
3720	2556
3720	2565
3720	2566
3720	2585
3720	2594
3720	2597
3720	2784
27	2252
2252	37
2252	3721
29	2253
2253	54
30	2254
2254	4251
31	3721
3721	60
3721	73
3721	75
3721	81
3721	112
3721	128
3721	129
3721	140
3721	146
3721	161
3721	175
3721	177
3721	192
3721	227
3721	230
3721	259
3721	278
3721	310
3721	329
3721	337
3721	351
3721	358
3721	360
3721	366
3721	400
3721	420
3721	443
3721	460
3721	461
3721	502
3721	639
3721	825
3721	882
3721	1005
3721	1052
3721	1055
3721	1065
3721	1070
3721	1093
3721	1099
3721	1335
3721	1338
3721	1352
3721	1477
3721	1516
3721	2059
3721	2063
3721	2065
3721	2133
3721	2134
3721	2135
3721	2136
3721	2209
3721	2210
3721	2263
3721	2266
3721	2284
3721	2296
3721	2319
3721	2336
3721	2338
3721	2353
3721	2349
3721	2354
3721	2391
3721	2398
3721	2408
3721	2645
3721	2416
3721	2419
3721	2420
3721	2433
3721	2442
3721	2446
3721	2466
3721	2637
3721	2803
32	3722
33	2255
2255	34
2255	45
2255	48
2255	91
2255	514
2255	692
2255	3769
34	3723
3723	2334
35	2256
2256	3881
36	2257
2257	40
2257	4254
38	2258
2258	39
2258	43
2258	513
2258	517
39	3724
46	2259
46	3725
2259	4253
3725	68
47	2260
2260	68
2260	169
48	3726
49	2261
2261	50
2261	4255
51	2262
51	3727
52	2263
52	3728
2263	57
2263	62
2263	128
2263	224
3728	107
3728	187
3728	193
3728	303
3728	316
3728	780
3728	789
3728	1612
3728	2264
3728	2310
3728	2372
3728	2363
3728	2356
55	2264
55	3729
3729	56
3729	208
3729	281
3729	681
3729	1308
3729	1390
3729	2928
3729	3602
3729	2948
3729	2949
3729	2957
3729	2961
3729	3606
3729	2972
3729	2975
3729	3014
3729	3022
56	2265
2265	4256
57	3730
3730	158
3730	186
3730	204
3730	334
3730	353
3730	1676
3730	1855
3730	2317
58	2266
2266	63
2266	1263
63	3731
64	2267
64	3732
2267	65
65	3733
66	3734
3734	2268
67	2268
67	3735
69	2269
70	2270
71	2271
71	3736
2271	343
2271	3736
3736	1015
3736	2278
3736	2780
72	2272
2272	73
2272	84
2272	4258
75	2273
2273	76
2273	77
2273	1117
78	2274
78	3737
2274	417
2274	869
79	2275
80	2276
2276	81
2276	133
82	2277
83	2278
85	2279
2279	86
2279	89
2279	3738
87	2280
2280	88
2280	3738
90	2281
90	3738
2281	3738
3738	91
3738	97
3738	1334
3738	2314
3738	2313
3738	2285
3738	2389
3738	2361
3738	2359
3738	2973
92	2282
2282	4257
93	2283
94	2284
2284	96
95	2285
2285	97
2285	702
2285	720
96	3739
3739	114
3739	183
3739	219
3739	538
3739	583
3739	1581
3739	2393
3739	2322
3739	2841
3739	3128
3739	3390
98	2286
2286	914
99	2287
100	2288
2288	1084
101	2289
101	3740
102	2290
103	2291
2291	112
2291	114
2291	2115
2291	4260
104	2292
2292	318
2292	1001
2292	1006
2292	1071
105	2293
106	2294
2294	108
2294	109
107	2295
2295	118
2295	793
110	2296
2296	1257
111	2297
113	2298
113	3741
2298	115
116	2299
116	3742
2299	3742
3742	122
117	2300
117	3743
2300	4261
3743	118
119	2301
2301	800
2301	1285
2301	4263
120	2302
120	3744
2302	122
2302	218
2302	682
2302	4262
121	2303
123	2304
123	3745
2304	1526
2304	4261
124	2305
2305	130
125	2306
2306	150
2306	4262
126	2307
126	3746
2307	143
2307	933
2307	1124
2307	1418
2307	4264
3746	127
3746	131
3746	133
3746	148
127	2308
129	2309
131	2310
2310	199
2310	201
2310	1996
132	2311
134	2312
135	2313
136	2314
137	2315
2315	155
2315	210
138	2316
139	2317
2317	140
2317	193
141	2318
142	2319
144	2320
2320	147
2320	148
2320	679
145	2321
2321	930
2321	931
146	2322
149	2323
149	3747
3747	179
3747	328
3747	2429
150	3748
151	3749
3749	251
3749	520
3749	1546
3749	1584
3749	1626
3749	1645
3749	1666
3749	1969
152	2324
2324	600
2324	601
2324	660
153	2325
2325	159
154	2326
156	2327
2327	4265
157	2328
2328	158
2328	211
159	3750
3750	373
3750	382
3750	437
3750	446
3750	515
3750	574
3750	686
3750	732
3750	809
3750	982
3750	2477
160	2329
2329	161
162	2330
163	2331
2331	165
2331	4266
164	2332
164	3751
2332	167
2332	203
2332	207
2332	219
3751	166
166	2333
2333	4259
167	3752
3752	168
3752	178
3752	185
3752	197
3752	198
3752	201
3752	203
3752	221
3752	236
3752	262
3752	300
3752	315
3752	444
3752	451
3752	453
3752	471
3752	472
3752	506
3752	512
3752	531
3752	754
3752	829
3752	846
3752	999
3752	1072
3752	2362
3752	3564
168	2334
169	3753
170	2335
171	2336
172	2337
2337	725
2337	1363
2337	3759
173	2338
2338	212
174	2339
2339	961
175	2340
2340	240
2340	1633
176	2341
2341	177
2341	4267
178	2342
2342	758
2342	3881
179	2343
180	2344
181	2345
182	2346
184	2347
185	2348
2348	4248
186	2349
188	2350
188	3754
2350	860
3754	189
3754	291
3754	730
3754	786
3754	2485
189	2351
190	2352
2352	795
2352	4267
191	2353
2353	208
2353	209
2353	1710
192	2354
194	2355
2355	1201
195	2356
2356	244
196	2357
2357	197
198	2358
2358	206
2358	223
2358	4268
200	2359
202	2360
202	3755
2360	204
2360	222
2360	260
2360	339
3755	226
3755	314
3755	364
3755	367
3755	377
3755	380
3755	490
3755	499
3755	841
3755	908
3755	913
3755	996
3755	1207
3755	1662
3755	1673
205	2361
205	3756
2361	305
206	3757
3757	276
3757	1770
3757	2640
209	3758
3758	210
3758	211
3758	212
3758	217
3758	269
3758	271
3758	296
213	2362
2362	214
2362	215
2362	231
2362	862
2362	1146
214	3759
3759	2438
3759	2686
216	3760
3760	218
3760	224
3760	308
3760	349
3760	417
3760	644
217	2363
2363	796
220	2364
2364	687
2364	1130
2364	4269
221	2365
2365	4259
225	2366
2366	226
2366	1044
227	2367
2367	233
2367	249
2367	1031
2367	1618
2367	1621
2367	1622
2367	4270
228	2368
2368	236
2368	4271
229	2369
231	3761
3761	232
3761	422
232	2370
2370	234
2370	358
2370	969
2370	1557
2370	2049
2370	4272
233	3762
235	2371
235	3763
3763	2479
237	2372
237	3764
3764	238
3764	340
3764	341
238	2373
2373	4273
239	2374
2374	1281
241	2375
2375	3765
242	2376
2376	243
2376	269
245	2377
2377	4274
246	2378
2378	247
2378	280
2378	4275
248	2379
250	2380
2380	4276
251	2381
2381	252
2381	262
2381	4277
253	2382
254	2383
2383	258
2383	272
2383	938
2383	4278
255	2384
2384	4267
256	2385
2385	257
2385	955
258	3765
3765	260
3765	2386
3765	2392
3765	3102
3765	3140
3765	3677
259	2386
2386	920
261	2387
263	2388
2388	4279
265	2389
2389	916
2389	1264
2389	1891
266	2390
2390	274
2390	278
2390	1779
267	2391
267	3766
2391	1045
2391	1049
2391	1144
268	2392
268	3767
2392	273
270	2393
270	3768
2393	400
2393	523
2393	842
2393	1616
3768	452
3768	465
3768	699
3768	836
3768	2437
3768	2663
271	2394
274	3769
275	2395
2395	678
276	2396
2396	277
2396	279
2396	2022
2396	4281
281	2397
2397	288
2397	4280
282	2398
2398	283
2398	284
2398	285
2398	291
283	3770
3770	2417
284	3771
3771	388
3771	392
3771	705
3771	716
3771	723
3771	758
3771	770
3771	773
3771	778
3771	783
3771	790
3771	801
3771	808
3771	810
3771	823
3771	854
3771	855
3771	953
3771	958
3771	964
3771	997
3771	1086
3771	1118
3771	1148
3771	1153
3771	1164
3771	1206
3771	1303
3771	1319
3771	1330
3771	1377
3771	1380
285	3772
3772	744
3772	745
3772	746
286	2399
286	3773
2399	287
2399	289
2399	290
2399	717
2399	856
2399	1043
3773	706
289	3774
290	3775
292	2400
292	3776
3776	457
3776	495
3776	646
3776	714
3776	715
3776	721
3776	768
3776	769
3776	784
3776	798
3776	799
3776	819
3776	866
3776	871
3776	876
3776	903
3776	925
3776	932
3776	954
3776	963
3776	965
3776	973
3776	980
3776	995
3776	1004
3776	1013
3776	1017
3776	1025
3776	1027
3776	1040
3776	1048
3776	1050
3776	1056
3776	1057
3776	1064
3776	1120
3776	1133
3776	1135
3776	1142
3776	1147
3776	1149
3776	1156
3776	1157
3776	1169
3776	1175
3776	1178
3776	1180
3776	1205
3776	1209
3776	1222
3776	1224
3776	1244
3776	1251
3776	1256
3776	1262
3776	1265
3776	1267
3776	1270
3776	1294
3776	1295
3776	1297
3776	1299
3776	1311
3776	1331
3776	1336
3776	1337
3776	1340
3776	1348
3776	1357
3776	1359
3776	1361
3776	1365
3776	1372
3776	1383
3776	1402
3776	1405
3776	1407
3776	1410
3776	1419
3776	1420
3776	1421
3776	1422
3776	1429
3776	1431
3776	1437
3776	1438
3776	1453
3776	1454
3776	1455
3776	1461
3776	1463
3776	1464
3776	1466
3776	1475
3776	1478
3776	1480
3776	1484
3776	1485
3776	1486
3776	1488
3776	1489
3776	1493
3776	1494
3776	1498
3776	1503
3776	1513
3776	1514
3776	1518
3776	1519
3776	1522
3776	1527
3776	1532
3776	1539
3776	1541
3776	1544
3776	1549
3776	1550
3776	1552
3776	1553
3776	1566
3776	1567
3776	1572
3776	1573
3776	1578
3776	1579
3776	1583
3776	1586
3776	1587
3776	1588
3776	1590
3776	1596
3776	1601
3776	1602
3776	1608
3776	1609
3776	1614
3776	1620
3776	1625
3776	1628
3776	1629
3776	1634
3776	1635
3776	1636
3776	1638
3776	1642
3776	1643
3776	1650
3776	1657
3776	1663
3776	1665
3776	1667
3776	1672
3776	1675
3776	1677
3776	1681
3776	1688
3776	1689
3776	1700
3776	1702
3776	1717
3776	1721
3776	1722
3776	1724
3776	1727
3776	1729
3776	1732
3776	1735
3776	1737
3776	1739
3776	1745
3776	1747
3776	1755
3776	1760
3776	1763
3776	1766
3776	1767
3776	1775
3776	1778
3776	1780
3776	1782
3776	1793
3776	1796
3776	1797
3776	1800
3776	1805
3776	1810
3776	1815
3776	1829
3776	1836
3776	1837
3776	1838
3776	1844
3776	1845
3776	1847
3776	1851
3776	1858
3776	1862
3776	1866
3776	1869
3776	1870
3776	1871
3776	1872
3776	1873
3776	1877
3776	1878
3776	1884
3776	1890
3776	1917
3776	1920
3776	1935
3776	1936
3776	1942
3776	1948
3776	1949
3776	1950
3776	1951
3776	1954
3776	1955
3776	1957
3776	1959
3776	1967
3776	1968
3776	1974
3776	1979
3776	1987
3776	1989
3776	1990
3776	1998
3776	2003
3776	2007
3776	2008
3776	2009
3776	2016
3776	2018
3776	2020
3776	2024
3776	2025
3776	2027
3776	2028
3776	2032
3776	2034
3776	2038
3776	2040
3776	2042
3776	2043
3776	2046
3776	2050
3776	2051
3776	2053
3776	2054
3776	2055
3776	2061
3776	2068
3776	2075
3776	2103
3776	2104
3776	2118
3776	2123
3776	2126
3776	2128
3776	2145
3776	2149
3776	2152
3776	2156
3776	2161
3776	2162
3776	2172
3776	2183
3776	2184
3776	2188
3776	2191
3776	2204
3776	2219
3776	2228
293	2401
2401	4283
294	2402
295	2403
296	2404
297	2405
297	3777
2405	299
2405	304
298	2406
298	3778
2406	740
2406	781
2406	4284
3778	944
300	2407
2407	4285
301	2408
2408	303
2408	316
304	3779
305	3780
306	2409
2409	307
2409	342
2409	454
2409	815
2409	915
2409	988
308	2410
2410	4286
309	3781
3781	877
3781	1370
3781	1436
3781	1699
3781	1714
3781	2056
3781	2728
3781	3592
3781	3601
3781	2999
310	2411
2411	4282
311	2412
312	2413
2413	863
2413	896
313	2414
2414	314
2414	315
317	2415
2415	659
318	3782
319	2416
2416	320
2416	1140
2416	1320
320	3783
3783	3691
321	2417
2417	324
322	2418
323	2419
2419	1932
324	3784
3784	1353
325	2420
326	2421
2421	327
328	2422
2422	4267
329	2423
2423	349
2423	4279
330	2424
2424	331
2424	627
2424	1641
331	3785
332	2425
2425	334
2425	357
333	2426
2426	335
2426	337
2426	341
2426	4287
335	3786
336	2427
2427	338
338	3787
3787	339
340	2428
2428	4288
342	3788
3788	1619
3788	1646
3788	1913
343	3789
344	2429
344	3790
2429	345
2429	353
346	2430
347	2431
2431	348
348	3791
350	2432
2432	351
2432	4289
352	2433
354	2434
2434	356
2434	3795
355	2435
356	3792
357	3793
3793	423
3793	551
359	2436
2436	859
2436	1426
2436	1441
2436	4052
360	2437
2437	1517
361	2438
362	2439
2439	4291
363	2440
2440	364
365	2441
2441	367
366	2442
368	2443
368	3794
2443	680
369	2444
370	2445
2445	371
2445	709
2445	3795
372	2446
372	3795
2446	502
2446	1483
2446	1875
3795	424
3795	425
3795	523
373	2447
2447	374
2447	377
2447	378
2447	4294
375	2448
2448	391
2448	3798
376	2449
379	2450
380	2451
2451	4295
381	2452
2452	4297
382	2453
2453	4290
383	2454
2454	4298
384	2455
2455	4299
385	2456
386	2457
2457	387
2457	388
2457	389
2457	4299
387	3796
389	3797
390	2458
2458	4300
391	3798
392	2459
2459	393
2459	394
2459	395
2459	4301
396	2460
397	2461
397	3799
2461	399
2461	3799
398	2462
401	2463
402	2464
403	2465
2465	4302
404	2466
2466	405
2466	406
2466	407
2466	408
2466	409
2466	410
2466	413
2466	414
2466	418
2466	419
2466	420
2466	426
2466	427
2466	885
2466	887
408	3800
409	3801
410	3802
411	2467
2467	416
2467	423
2467	452
2467	1826
412	2468
2468	4304
413	3803
3803	445
3803	2470
414	3804
415	2469
2469	4305
418	3805
419	3806
421	2470
2470	425
422	2471
2471	4296
424	2472
2472	431
2472	4303
426	3807
428	2473
428	3808
2473	429
2473	433
2473	541
429	3809
430	2474
2474	432
2474	3810
432	3810
433	3811
434	2475
2475	447
2475	4307
435	2476
2476	456
436	2477
436	3812
2477	804
2477	932
2477	945
2477	1179
2477	1316
2477	1711
437	2478
2478	438
2478	439
2478	440
2478	453
2478	898
2478	4187
440	3813
441	2479
442	2480
2480	443
2480	444
2480	4233
445	2481
2481	446
447	3814
3814	448
3814	888
3814	889
3814	2482
3814	3019
448	2482
449	2483
2483	469
2483	1042
2483	1054
2483	1063
2483	4233
450	2484
451	2485
2485	468
454	3815
455	2486
2486	460
2486	4310
456	3816
457	2487
2487	458
2487	4311
459	2488
2488	3824
461	2489
2489	1669
2489	2001
2489	4309
462	2490
2490	463
2490	466
463	3817
464	2491
2491	465
2491	467
2491	472
2491	473
2491	476
2491	4312
466	3818
468	3819
469	3820
3820	1656
3820	2159
470	2492
470	3821
3821	475
3821	477
3821	478
3821	544
3821	552
3821	577
3821	593
3821	603
3821	604
3821	617
3821	621
3821	625
3821	640
3821	649
3821	650
3821	654
3821	657
3821	658
3821	661
3821	664
3821	671
3821	676
3821	684
3821	689
3821	693
3821	695
3821	727
3821	741
3821	742
3821	743
3821	747
3821	748
3821	750
3821	761
3821	762
3821	766
3821	767
3821	771
3821	774
3821	776
3821	782
3821	787
3821	788
3821	791
3821	795
3821	796
3821	800
3821	805
3821	811
3821	816
3821	818
3821	821
3821	822
3821	826
3821	834
3821	851
3821	853
3821	858
3821	891
3821	904
3821	907
3821	923
3821	926
3821	935
3821	942
3821	943
3821	956
3821	968
3821	984
3821	1081
3821	2559
3821	2666
3821	2761
471	2493
474	2494
475	2495
2495	4308
476	3822
3822	1036
477	2496
2496	4293
478	2497
479	2498
480	2499
2499	4313
481	2500
482	2501
2501	483
2501	484
484	3823
485	2502
2502	2222
2502	4302
486	2503
2503	737
2503	4315
487	2504
2504	488
2504	881
2504	883
2504	4316
489	2505
2505	4317
490	2506
2506	4308
491	2507
492	2508
2508	4318
493	2509
493	3824
2509	3824
3824	504
3824	521
3824	2516
3824	2511
494	2510
2510	496
2510	4271
495	2511
2511	937
2511	1269
2511	1456
497	2512
2512	4296
498	2513
2513	499
2513	3841
500	2514
2514	4319
501	2515
2515	503
2515	4320
504	2516
505	2517
2517	506
2517	4321
507	2518
2518	4306
508	2519
2519	4323
509	2520
2520	510
2520	511
2520	512
511	3825
513	3826
514	3827
3827	751
3827	752
515	2521
2521	516
2521	1009
2521	1011
2521	4324
517	3828
518	2522
518	3829
2522	525
2522	555
2522	4322
519	2523
2523	520
2523	521
2523	522
2523	524
2523	527
2523	528
2523	529
2523	533
2523	563
2523	1258
2523	4325
526	2524
2524	2029
2524	4326
527	3830
528	3831
529	3832
530	2525
531	2526
2526	532
2526	4223
533	3833
534	2527
534	3834
2527	4314
3834	2528
535	2528
535	3835
2528	536
2528	537
538	2529
2529	573
539	2530
2530	1859
2530	4293
540	2531
540	3836
3836	541
3836	813
3836	971
3836	2753
542	2532
2532	543
2532	4327
544	2533
2533	629
2533	4302
545	2534
2534	4289
546	2535
547	2536
547	3837
2536	548
2536	4282
3837	548
3837	549
3837	576
3837	2537
3837	2548
3837	2552
549	2537
550	2538
2538	552
2538	553
2538	556
2538	584
2538	3840
551	2539
553	3838
554	2540
2540	805
2540	3841
555	3839
3839	2547
556	3840
3840	757
557	2541
2541	1190
2541	4328
558	2542
558	3841
2542	559
2542	560
2542	561
2542	565
2542	570
2542	575
2542	583
2542	4329
3841	817
3841	1476
3841	2072
3841	2620
3841	2678
3841	2747
3841	3581
3841	3587
3841	2871
3841	2988
3841	3031
3841	3615
3841	3618
3841	3065
3841	3073
3841	3626
3841	3460
3841	3637
3841	3163
3841	3214
3841	3359
3841	3371
3841	3401
560	3842
3842	563
3842	564
562	2543
2543	568
2543	4330
564	2544
2544	566
2544	567
567	3843
3843	569
3843	589
3843	596
569	2545
2545	593
570	3844
3844	571
571	2546
572	2547
2547	574
575	3845
3845	1621
576	2548
577	2549
2549	578
579	2550
2550	4331
580	2551
580	3846
2551	581
2551	4332
3846	584
3846	586
3846	590
3846	591
3846	1305
581	3847
582	2552
585	2553
2553	586
2553	587
2553	588
2553	589
2553	4333
588	3848
590	2554
2554	4334
591	2555
2555	607
2555	1132
594	2556
594	3849
2556	596
3849	610
3849	719
3849	1332
595	2557
2557	604
2557	4335
597	2558
2558	598
2558	599
2558	3943
598	3850
601	3851
602	2559
2559	605
2559	608
603	2560
2560	4336
606	2561
2561	1624
2561	4337
608	3852
609	2562
2562	612
2562	639
2562	4338
610	2563
2563	611
2563	613
2563	614
2563	615
2563	951
612	3853
3853	613
614	3854
615	3855
616	2564
617	2565
618	2566
619	2567
2567	4341
620	2568
2568	729
2568	733
2568	736
2568	4342
621	2569
2569	622
2569	4343
623	2570
2570	4344
624	2571
624	3856
2571	962
2571	4340
3856	3221
625	2572
2572	626
2572	636
2572	1846
2572	4267
628	2573
2573	4345
629	3857
3857	630
3857	645
3857	672
3857	682
3857	989
3857	1750
3857	1751
3857	1752
3857	1828
630	2574
631	2575
2575	632
2575	633
2575	4347
632	3858
3858	2579
3858	2576
3858	2578
3858	2586
3858	3690
634	2576
2576	635
2576	637
635	3859
3859	636
637	3860
638	2577
2577	1970
2577	4346
640	2578
2578	644
641	2579
2579	708
642	2580
2580	643
2580	4348
645	2581
2581	4349
646	2582
2582	647
2582	648
649	2583
2583	4346
650	2584
2584	4339
651	2585
2585	652
653	2586
2586	669
2586	1088
654	2587
2587	656
655	2588
657	2589
2589	4292
658	2590
2590	2077
659	3861
661	2591
2591	662
2591	663
2591	4350
664	2592
2592	4351
665	2593
2593	666
2593	3862
666	3862
667	2594
2594	668
669	3863
670	2595
670	3864
2595	4353
3864	931
671	2596
2596	4352
672	2597
2597	673
2597	674
2597	675
676	2598
2598	677
678	3865
3865	679
3865	680
3865	692
3865	696
3865	701
3865	702
3865	703
3865	708
3865	709
3865	710
3865	712
3865	722
3865	724
3865	726
3865	735
3865	755
3865	756
3865	760
3865	777
3865	785
3865	936
3865	939
3865	1168
3865	1174
3865	1181
3865	1184
3865	1186
3865	1193
3865	1195
3865	1196
3865	1197
3865	1225
3865	1236
3865	1281
3865	1285
3865	1504
3865	1505
3865	2608
3865	3569
3865	2628
3865	2654
3865	2638
3865	2639
3865	2650
3865	2664
3865	2779
3865	2895
3865	3436
681	2599
2599	683
2599	684
2599	4355
685	2600
2600	4350
686	2601
2601	4354
687	3866
688	2602
2602	1479
2602	4357
689	2603
2603	703
2603	704
2603	706
2603	718
2603	4356
690	2604
2604	1457
2604	3969
691	2605
2605	770
2605	4358
693	2606
2606	694
2606	696
2606	4359
694	3867
3867	976
695	2607
2607	700
2607	701
2607	4361
697	2608
698	2609
698	3868
2609	1447
2609	4309
3868	1229
3868	1230
3868	1232
3868	1235
699	2610
2610	917
2610	4362
705	2611
2611	4358
707	3869
710	2612
2612	4363
711	2613
2613	4364
712	2614
2614	4267
713	2615
2615	4366
714	2616
2616	4365
715	2617
2617	1261
2617	4365
716	2618
2618	719
2618	4337
717	3870
718	3871
720	3872
3872	919
721	2619
2619	1482
2619	4365
723	2620
724	2621
2621	4367
725	3873
726	2622
2622	728
2622	3879
727	2623
2623	752
2623	4369
728	3874
729	3875
730	2624
2624	732
2624	4370
731	2625
2625	4368
733	3876
734	2626
2626	4374
735	2627
2627	4373
736	3877
737	3878
3878	3570
738	2628
739	2629
739	3879
2629	4372
740	3880
741	2630
2630	4057
742	2631
2631	828
2631	4309
743	2632
2632	4371
744	2633
745	2634
2634	4360
746	2635
747	2636
2636	4375
748	2637
749	2638
750	2639
2639	751
753	2640
2640	754
755	2641
2641	763
2641	3883
756	2642
2642	767
2642	1774
2642	4377
757	2643
2643	4378
759	2644
759	3881
2644	760
2644	762
2644	3881
3881	794
761	2645
764	2646
764	3882
2646	765
2646	4379
3882	1589
3882	1716
3882	1781
3882	1783
3882	1801
3882	1916
3882	1924
765	3883
766	2647
2647	4376
768	2648
2648	4380
769	2649
2649	4381
771	2650
772	2651
2651	773
2651	4382
774	2652
775	2653
2653	4374
776	2654
777	2655
2655	779
2655	4384
778	2656
2656	1030
2656	4385
780	2657
2657	782
2657	4386
781	3884
783	2658
2658	784
2658	4387
785	2659
2659	4388
786	2660
2660	787
2660	4389
788	2661
2661	794
2661	4383
789	2662
2662	790
2662	4296
791	2663
792	2664
793	3885
3885	3573
797	2665
797	3886
2665	3886
3886	824
3886	2683
798	2666
799	2667
2667	4390
801	2668
2668	4391
802	2669
2669	803
2669	4392
804	3887
806	2670
2670	4394
807	2671
2671	808
2671	809
2671	838
2671	865
2671	4395
810	2672
2672	846
2672	864
2672	4397
811	2673
2673	812
2673	4398
813	2674
2674	4399
814	2675
2675	4400
815	3888
816	2676
2676	4402
817	2677
2677	4095
818	2678
2678	820
819	2679
2679	4388
820	3889
3889	934
3889	1115
3889	1122
821	2680
822	2681
2681	3958
823	2682
2682	824
2682	829
2682	830
2682	4401
825	2683
2683	826
827	2684
2684	4358
828	3890
3890	842
3890	2794
3890	2793
3890	2693
3890	2713
3890	2697
3890	2696
3890	2695
3890	2700
3890	3276
830	3891
3891	832
3891	833
3891	837
3891	875
3891	886
3891	918
831	2685
831	3892
2685	4384
832	2686
2686	1547
833	2687
2687	4404
834	2688
2688	3958
835	2689
2689	3958
836	2690
2690	845
2690	874
2690	4405
837	2691
2691	839
2691	840
2691	841
2691	847
2691	850
2691	1773
2691	2063
2691	2105
2691	4407
838	3893
839	3894
3894	1985
840	3895
3895	879
3895	1077
3895	1215
3895	1580
3895	1585
3895	1807
843	2692
843	3896
2692	844
2692	4403
845	3897
3897	873
847	3898
848	2693
848	3899
3899	849
3899	911
3899	3575
849	2694
2694	4406
850	3900
851	2695
2695	852
2695	854
853	2696
855	2697
856	3901
857	2698
2698	1053
2698	3947
858	2699
2699	4408
859	3902
3902	860
3902	861
3902	862
3902	869
3902	870
3902	878
3902	883
3902	885
3902	894
3902	895
3902	905
3902	1051
3902	1076
3902	1379
3902	1384
3902	2714
861	2700
2700	897
2700	1897
863	3903
864	3904
3904	865
3904	2756
3904	2701
3904	2702
866	2701
2701	877
2701	895
867	2702
2702	868
870	2703
2703	4409
871	2704
2704	3958
872	2705
2705	4411
873	2706
2706	1101
2706	4410
874	3905
875	2707
2707	876
2707	880
2707	4412
878	2708
2708	879
2708	882
2708	884
2708	4407
880	3906
3906	881
3906	1509
884	3907
886	2709
888	2710
2710	890
2710	3985
889	2711
2711	3985
891	2712
2712	4413
892	2713
892	3908
3908	893
3908	897
893	2714
2714	910
894	2715
2715	4396
896	3909
898	3910
899	2716
899	3911
2716	900
2716	901
2716	949
2716	1061
2716	1075
2716	4414
3911	909
3911	927
3911	928
3911	941
3911	948
3911	1127
3911	1138
3911	1314
3911	1321
3911	1322
3911	1582
3911	1591
902	2717
903	2718
2718	907
2718	908
2718	3985
904	2719
2719	1343
2719	3985
905	2720
2720	4415
906	2721
2721	921
2721	1600
2721	4416
909	2722
2722	4417
910	3912
911	2723
2723	4418
912	2724
2724	4419
913	2725
2725	3915
914	3913
915	3914
3914	916
917	3915
918	2726
2726	919
2726	4420
920	3916
921	3917
922	2727
2727	4421
923	2728
2728	2047
924	2729
2729	4422
925	2730
2730	927
2730	978
2730	2211
2730	4423
926	2731
2731	928
2731	3925
929	2732
2732	1333
2732	4424
930	3918
933	3919
934	2733
2733	944
2733	4425
935	2734
2734	4426
936	2735
2735	1125
2735	1126
2735	3966
937	3920
3920	1145
3920	1375
3920	2795
938	3921
939	2736
2736	940
2736	4429
941	2737
2737	4428
942	2738
2738	4392
943	2739
2739	975
2739	4427
945	3922
3922	3579
946	2740
2740	950
2740	3925
947	2741
947	3923
2741	4430
3923	951
3923	979
3923	998
3923	1000
3923	1012
3923	1038
3923	1139
948	2742
2742	960
2742	4432
949	3924
950	3925
952	2743
2743	4433
953	2744
2744	4431
954	2745
2745	4434
955	3926
956	2746
2746	957
2746	959
2746	4435
957	3927
958	2747
959	3928
3928	960
3928	961
3928	962
3928	966
3928	970
3928	1204
963	2748
2748	964
2748	4436
965	2749
2749	4437
966	2750
2750	967
2750	4438
968	2751
2751	4439
969	3929
970	2752
2752	974
2752	4440
971	2753
2753	972
2753	989
973	2754
2754	4442
975	3930
976	2755
2755	979
2755	4441
977	2756
977	3931
3931	978
980	2757
2757	983
2757	4438
981	2758
2758	4443
982	2759
2759	4445
983	3932
984	2760
2760	986
2760	4446
985	2761
986	3933
987	2762
987	3934
2762	4449
3934	1078
988	3935
990	2763
990	3936
2763	991
2763	4450
992	2764
993	2765
2765	4452
994	2766
2766	4454
995	2767
2767	999
2767	4453
996	2768
2768	4451
997	2769
2769	998
2769	4455
1000	2770
2770	4456
1001	3937
1002	2771
2771	4030
1003	2772
2772	4457
1004	2773
2773	4460
1005	2774
2774	4458
1006	3938
1007	2775
2775	1008
2775	1028
2775	3943
1009	3939
3939	1020
1010	2776
2776	3940
1011	3940
1012	2777
1013	2778
1014	2779
2779	1182
2779	1282
2779	1880
1015	2780
1016	2781
2781	4462
1017	2782
2782	1018
2782	1019
2782	4463
1020	2783
2783	4442
1021	2784
2784	1276
1022	2785
1022	3941
2785	1023
2785	4414
1024	2786
2786	3989
1025	2787
2787	3958
1026	2788
1026	3942
2788	4464
3942	1041
3942	1042
3942	1043
3942	1044
3942	1067
3942	1088
3942	1089
3942	1094
3942	1095
3942	1117
1027	2789
2789	4465
1028	3943
1029	2790
1029	3944
2790	4466
3944	1030
3944	1031
3944	1032
3944	1033
3944	1034
3944	1035
3944	1046
3944	1047
3944	1098
1032	2791
2791	1173
2791	4444
1033	2792
2792	1744
2792	4448
1034	2793
1035	2794
1036	2795
2795	1038
2795	1047
2795	1112
2795	1119
2795	1123
1037	2796
2796	1113
2796	1115
2796	4468
1039	2797
2797	1040
2797	1114
2797	4469
1045	3945
1046	2798
2798	1206
2798	1985
2798	4459
1048	2799
2799	4471
1049	3946
1050	2800
2800	3958
1051	2801
2801	4474
1052	2802
2802	4473
1053	3947
1054	3948
1055	2803
1056	2804
2804	2092
2804	4475
1057	2805
2805	1248
2805	4476
1058	2806
1058	3949
2806	4308
1059	2807
1059	3950
2807	3950
3950	1856
3950	3300
3950	3315
1060	3951
3951	1090
3951	1091
3951	1092
3951	1123
3951	1136
3951	1154
3951	1158
3951	1259
3951	1263
3951	1309
3951	1339
3951	1341
3951	1347
3951	1371
3951	1412
3951	1427
3951	1435
3951	1468
3951	1554
3951	1622
1061	3952
1062	2808
1062	3953
2808	4478
3953	1063
3953	1701
1064	2809
2809	1106
2809	4478
1065	2810
2810	1082
2810	1090
2810	4468
1066	2811
2811	4480
1067	2812
2812	4477
1068	2813
2813	1073
2813	4268
1069	2814
1069	3954
2814	4470
3954	1071
3954	1451
3954	1490
3954	3051
3954	2847
1070	2815
2815	4479
1072	2816
2816	4478
1074	2817
2817	1092
2817	4478
1075	3955
1076	2818
2818	4483
1077	2819
2819	1091
2819	4481
1078	2820
2820	1079
2820	4484
1080	2821
1080	3956
2821	4414
1081	2822
2822	4454
1082	3957
3957	1083
3957	1084
1083	2823
1085	2824
2824	3958
1086	2825
2825	4485
1087	2826
2826	4484
1089	2827
2827	1109
2827	4478
1093	2828
2828	1094
2828	1096
2828	4484
1095	2829
2829	1105
2829	4487
1097	2830
1097	3958
2830	3958
3958	2831
1098	2831
1099	2832
2832	1143
2832	4488
1100	2833
2833	4447
1101	3959
1102	2834
2834	4478
1103	2835
1103	3960
2835	1307
2835	1619
2835	4489
1104	2836
1104	3961
2836	1107
2836	4393
1105	3962
3962	1106
3962	1107
3962	1108
3962	1109
3962	1110
3962	1111
3962	1112
3962	1113
3962	1114
3962	1559
3962	1560
3962	1561
3962	1562
3962	1563
3962	1654
3962	1655
1108	2837
2837	4482
1110	2838
2838	4486
1111	2839
2839	4467
1116	2840
2840	4030
1118	2841
2841	1120
1119	3963
3963	1228
3963	1715
1121	2842
2842	1122
2842	4490
1124	3964
1125	3965
1126	3966
1127	2843
2843	1396
2843	4491
1128	2844
2844	4493
1129	2845
2845	4495
1130	3967
1131	2846
2846	4496
1133	2847
1134	2848
2848	1136
2848	4166
1135	2849
2849	4166
1137	2850
2850	4497
1138	2851
2851	1141
2851	4468
1139	2852
2852	3977
1140	3968
1142	2853
2853	4498
1143	3969
1144	3970
1145	2854
2854	4499
1146	3971
1147	2855
2855	1148
2855	4502
1149	2856
2856	1150
2856	1159
2856	3972
1150	3972
1151	2857
1151	3973
2857	3984
3973	3600
1152	2858
2858	4503
1153	2859
2859	3984
1154	2860
2860	4481
1155	2861
2861	4195
1156	2862
2862	4195
1157	2863
2863	4195
1158	2864
2864	1531
2864	1658
2864	1736
2864	2006
2864	4504
1159	3974
1160	2865
1160	3975
2865	3984
1161	2866
2866	1162
2866	1174
2866	4506
1162	3976
3976	1165
3976	2205
1163	2867
1163	3977
2867	3977
1164	2868
2868	3984
1165	2869
2869	3988
1166	2870
1166	3978
2870	3978
3978	2937
1167	2871
2871	1168
1169	2872
2872	1170
2872	1171
2872	4508
1172	2873
2873	4507
1173	3979
1175	2874
2874	4509
1176	2875
2875	1181
2875	1192
2875	4510
1177	2876
1177	3980
2876	4510
1178	2877
2877	4195
1179	3981
1180	2878
2878	1203
2878	3984
1182	3982
1183	2879
1183	3983
2879	1423
2879	1427
2879	1446
2879	4511
1184	2880
2880	4492
1185	2881
2881	4166
1186	2882
2882	4514
1187	2883
1187	3984
2883	3984
3984	2909
3984	2910
3984	3594
3984	3596
3984	2913
1188	2884
2884	1189
1189	3985
3985	3576
3985	3577
3985	3593
1190	3986
1191	2885
1191	3987
2885	1204
2885	4513
3987	1192
3987	1198
1193	2886
2886	1212
2886	4509
1194	2887
1194	3988
2887	1249
2887	4515
3988	1911
1195	2888
2888	1240
2888	4517
1196	2889
2889	4472
1197	2890
2890	4518
1198	2891
2891	1199
2891	3989
1199	3989
3989	3121
1200	2892
2892	1534
2892	4520
1201	3990
1202	2893
1202	3991
2893	3991
3991	1213
3991	1980
3991	2899
1203	3992
1205	2894
2894	1218
2894	4523
1207	2895
2895	1208
1209	2896
2896	4525
1210	2897
1210	3993
2897	1268
2897	4005
3993	1300
1211	2898
1211	3994
2898	4524
3994	1221
3994	1316
1212	3995
1213	2899
1214	2900
2900	1217
2900	4527
1215	2901
2901	4468
1216	2902
2902	1234
2902	1528
2902	1814
2902	4528
1217	3996
3996	1218
3996	1219
3996	1220
3996	1226
3996	1227
3996	1231
3996	1239
3996	1242
3996	1243
3996	1253
3996	3241
1219	2903
2903	1228
2903	4519
1220	2904
2904	4529
1221	2905
2905	1222
2905	1225
2905	4530
1223	2906
2906	4422
1224	2907
2907	1226
2907	1259
1227	2908
2908	4531
1229	2909
1230	2910
1231	2911
2911	1232
2911	4005
1233	2912
1233	3997
2912	2076
2912	4055
1234	3998
1235	2913
1236	2914
2914	4532
1237	2915
1237	3999
2915	3999
3999	1312
3999	2954
1238	2916
1238	4000
2916	4533
4000	1240
4000	1252
4000	1254
1239	2917
2917	4535
1241	2918
2918	4534
1242	2919
2919	4116
1243	2920
2920	4536
1244	2921
2921	1245
2921	1246
2921	1247
2921	4537
1246	4001
4001	1250
1247	4002
4002	1349
4002	1351
1248	4003
4003	1257
4003	1277
4003	1286
4003	1291
4003	2945
4003	2938
4003	2942
4003	3122
1250	2922
2922	1289
2922	1290
2922	4539
1251	2923
2923	1252
2923	1288
2923	4538
1253	2924
2924	4540
1254	2925
2925	4516
1255	2926
1255	4004
2926	1260
2926	4542
4004	1274
4004	1346
1256	2927
2927	4543
1258	4005
4005	1487
4005	2958
4005	3101
4005	3192
1260	4006
1261	4007
4007	1287
4007	3226
1262	2928
1264	4008
1265	2929
1266	2930
2930	4545
1267	2931
2931	4546
1268	4009
1269	4010
1270	2932
2932	4166
1271	2933
1271	4011
2933	1272
2933	4011
4011	2936
1272	4012
4012	3599
1273	2934
1274	2935
2935	4549
1275	2936
1276	4013
1277	2937
1278	2938
1278	4014
4014	1279
4014	2951
1279	2939
2939	4522
1280	2940
2940	4550
1282	4015
1283	2941
1283	4016
2941	1712
2941	4551
4016	1288
4016	1289
4016	3603
4016	2950
4016	3043
4016	3560
1284	2942
1284	4017
4017	1313
4017	1378
4017	2946
1286	2943
2943	4501
1287	2944
2944	4441
1290	4018
1291	2945
1292	2946
1292	4019
1293	2947
2947	1325
2947	1326
2947	1332
2947	1356
2947	1865
2947	4554
1294	2948
1295	2949
1296	2950
2950	1309
1297	2951
2951	1698
1298	2952
1298	4020
2952	4553
4020	1344
4020	1448
4020	1577
1299	2953
2953	1300
2953	1301
2953	1302
2953	1304
2953	4537
1302	4021
1303	2954
2954	1312
1304	4022
1305	2955
2955	4555
1306	2956
2956	4557
1308	2957
1310	2958
1311	2959
2959	1349
1313	2960
2960	1314
2960	4559
1315	2961
1315	4023
1317	2962
1317	4024
2962	4560
4024	1318
4024	1328
4024	1849
4024	2036
4024	2105
4024	2106
4024	2120
4024	2121
4024	2122
4024	2178
4024	3006
1318	2963
2963	1319
2963	4539
1320	4025
1321	2964
2964	4034
1322	2965
2965	4562
1323	2966
2966	4563
1324	2967
2967	4564
1325	4026
4026	1865
1327	2968
2968	4552
1328	2969
2969	1360
2969	4043
1329	2970
1329	4027
2970	4561
1330	2971
2971	4034
1331	2972
1333	4028
1334	2973
1335	2974
2974	1465
2974	4034
1336	2975
1337	2976
2976	1339
2976	4268
1338	2977
2977	4034
1340	2978
2978	1341
2978	4043
1342	2979
1342	4029
2979	1751
2979	4547
4029	1343
1344	2980
2980	4566
1345	2981
1345	4030
2981	1346
2981	4567
1347	2982
2982	4569
1348	2983
2983	4568
1350	2984
2984	4570
1351	2985
2985	4461
1352	2986
2986	1354
2986	4051
1353	2987
2987	1366
2987	4034
1354	4031
4031	1355
4031	1356
4031	1358
4031	1362
4031	1374
4031	1443
4031	1445
4031	1446
4031	1521
4031	1939
4031	1940
4031	1941
4031	1943
4031	1962
1355	2988
1357	2989
2989	4571
1358	2990
2990	4572
1359	2991
2991	4573
1360	4032
4032	1471
4032	1495
4032	1953
1361	2992
2992	1362
2992	4574
1363	4033
1364	2993
2993	1365
2993	4575
1366	4034
4034	1726
4034	1728
4034	3003
4034	3029
4034	3224
4034	3209
4034	3648
1367	2994
2994	1397
2994	1631
2994	4043
1368	2995
2995	4576
1369	2996
1369	4035
2996	1374
2996	4578
1370	2997
2997	1371
2997	4511
1372	2998
2998	4557
1373	2999
1373	4036
1375	3000
3000	2217
3000	4580
1376	3001
3001	1399
3001	4582
1377	3002
3002	4577
1378	3003
1379	3004
3004	1487
3004	4583
1380	3005
1381	3006
1381	4037
1382	3007
1382	4038
3007	4512
4038	3008
1383	3008
1384	3009
3009	1392
3009	4584
1385	3010
1385	4039
3010	1440
3010	4556
4039	1386
4039	1398
1386	3011
3011	4521
1387	3012
3012	1388
3012	4585
1388	4040
4040	1742
4040	3632
4040	3545
4040	3396
1389	3013
1389	4041
3013	4582
1390	3014
1391	3015
3015	4586
1393	3016
1393	4042
3016	4561
4042	1394
4042	1397
4042	1424
4042	1430
4042	1449
1394	3017
3017	4043
1395	3018
1395	4043
3018	4043
4043	1425
4043	1523
4043	1644
4043	2125
4043	3607
4043	3608
4043	3609
4043	3611
4043	3612
4043	3613
4043	3614
4043	3623
4043	3169
4043	3296
4043	3302
4043	3660
4043	3672
4043	3453
4043	3489
1398	3019
1399	4044
1400	3020
3020	4588
1401	3021
1401	4045
3021	4541
4045	2095
1402	3022
1403	3023
3023	4589
1404	3024
1404	4046
3024	4140
4046	1414
4046	1415
4046	1598
1405	3025
3025	1406
3025	1412
3025	4195
1407	3026
3026	4590
1408	3027
3027	1409
3027	4591
1410	3028
3028	4582
1411	3029
1411	4047
3029	1417
1413	3030
1413	4048
3030	1885
3030	4541
1414	3031
1415	3032
3032	1416
3032	4587
1416	4049
4049	1417
1418	4050
1419	3033
3033	4593
1420	3034
3034	1425
3034	1434
3034	1569
3034	1731
3034	1784
3034	1929
3034	2026
3034	2045
3034	4594
1421	3035
3035	4595
1422	3036
3036	4596
1423	4051
1424	3037
3037	4592
1426	4052
1428	3038
1428	4053
3038	1499
3038	4544
4053	1432
4053	3039
1429	3039
3039	1432
3039	1500
1430	3040
3040	4500
1431	3041
3041	1436
3041	4082
1433	3042
1433	4054
3042	4581
4054	1434
1435	3043
1437	3044
3044	1472
3044	4063
1438	3045
3045	1439
3045	4597
1441	4055
1442	3046
1442	4056
3046	4056
4056	1447
1443	3047
3047	1444
3047	4598
1445	3048
3048	1448
3048	4599
1449	3049
3049	4072
1450	3050
1451	3051
1452	3052
1452	4057
3052	4057
1453	3053
3053	4600
1454	3054
3054	1474
3054	2117
1455	3055
3055	4601
1456	4058
1457	4059
1458	3056
1458	4060
3056	1460
3056	4602
4060	1459
4060	2037
1459	3057
3057	4526
1461	3058
3058	1462
3058	4603
1463	3059
3059	4195
1464	3060
3060	4604
1465	4061
1466	3061
3061	4606
1467	3062
3062	1468
3062	4607
1469	3063
3063	1470
3063	1471
3063	4608
1470	4062
1472	4063
4063	1543
4063	1565
1473	3064
3064	4141
1475	3065
3065	1476
1477	3066
3066	4609
1478	3067
3067	4610
1479	4064
1480	3068
3068	4607
1481	3069
3069	4133
1482	4065
4065	1483
1484	3070
3070	4614
1485	3071
3071	4613
1486	3072
3072	4607
1488	3073
1489	3074
3074	4611
1490	3075
3075	4615
1491	3076
1491	4066
3076	4616
1492	3077
1492	4067
3077	1495
3077	4067
1493	3078
3078	1501
3078	4617
1494	3079
3079	4618
1496	3080
3080	1505
3080	4406
1497	3081
1497	4068
3081	1498
3081	4619
4068	1592
4068	1819
1499	4069
4069	1500
4069	1501
1502	3082
1502	4070
3082	1503
3082	1523
3082	4621
4070	1508
4070	1537
4070	1603
4070	1604
4070	1605
4070	1651
4070	3546
1504	3083
3083	4620
1506	3084
1506	4071
3084	1507
3084	4622
4071	1520
4071	1555
4071	3628
1507	4072
1508	3085
3085	4623
1509	3086
1510	3087
3087	1511
3087	1520
3087	1521
3087	1530
3087	1537
3087	1761
3087	4625
1511	4073
4073	3279
1512	3088
1512	4074
3088	4626
4074	1515
4074	1528
4074	1534
4074	1556
4074	1558
1513	3089
3089	4627
1514	3090
3090	4628
1515	3091
3091	4624
1516	3092
3092	4195
1518	3093
3093	4629
1519	3094
3094	4630
1522	3095
3095	1524
3095	1525
3095	4631
1524	4075
1525	4076
1526	4077
1527	3096
3096	4632
1529	3097
1530	4078
4078	1535
4078	1538
4078	1540
4078	1568
4078	3099
1531	4079
1532	3098
3098	1533
3098	4633
1535	3099
3099	2158
1536	3100
1536	4080
3100	4213
4080	1574
4080	1641
4080	1660
4080	1664
4080	1718
4080	1741
4080	1757
4080	1831
4080	1852
4080	1854
4080	3151
1538	3101
3101	1539
1540	3102
1541	3103
3103	4593
1542	3104
3104	1543
3104	4634
1544	3105
1545	3106
1545	4081
3106	1563
4081	1595
4081	1758
4081	2044
1546	3107
3107	4635
1547	4082
1548	3108
3108	4637
1549	3109
3109	4636
1550	3110
3110	4631
1551	3111
3111	1565
3111	1568
3111	4640
1552	3112
3112	4641
1553	3113
3113	4642
1554	3114
3114	4631
1555	3115
3115	1556
3115	4643
1557	4083
4083	3684
1558	3116
3116	4646
1559	3117
3117	4133
1560	3118
3118	4647
1561	3119
3119	4645
1562	3120
3120	4644
1564	3121
1566	3122
1567	3123
3123	4648
1569	4084
1570	3124
1570	4085
3124	4207
4085	1637
4085	1973
4085	1999
1571	3125
1571	4086
4086	1631
1572	3126
3126	1575
3126	4087
1573	3127
3127	4649
1574	3128
1575	4087
1576	3129
3129	1599
3129	4652
1577	3130
3130	1589
3130	4650
1578	3131
3131	4653
1579	3132
3132	1580
3132	1581
3132	4654
1582	3133
3133	1639
3133	4207
1583	3134
3134	4655
1584	3135
3135	1585
3135	4657
1586	3136
3136	4659
1587	3137
3137	4658
1588	3138
3138	4660
1590	3139
3139	1591
3139	1593
3139	1733
3139	4661
1592	3140
1593	4088
1594	3141
1594	4089
3141	1595
3141	4651
1596	3142
3142	4663
1597	3143
1597	4090
3143	1604
3143	1613
3143	1640
3143	4656
4090	2179
4090	2180
4090	2181
4090	2227
1598	3144
3144	4664
1599	4091
1600	4092
1601	3145
3145	4665
1602	3146
3146	1605
3146	1617
3146	2108
3146	4093
1603	3147
3147	4662
1606	3148
1606	4093
3148	4093
1607	3149
3149	4666
1608	3150
3150	4667
1609	3151
3151	1664
1610	3152
3152	2030
3152	4668
1611	3153
1612	3154
3154	4669
1613	4094
1614	3155
3155	1615
3155	4670
1615	4095
1616	4096
4096	1617
4096	1618
4096	1668
4096	3658
4096	3287
1620	3156
3156	4672
1623	3157
1623	4097
3157	1627
3157	1630
3157	4671
1624	4098
1625	3158
3158	4673
1626	3159
3159	4195
1627	4099
1628	3160
3160	4674
1629	3161
3161	1632
3161	4675
1632	4100
1633	4101
1634	3162
3162	4678
1635	3163
1636	3164
3164	4676
1637	3165
3165	4677
1638	3166
3166	4680
1639	4102
4102	1640
4102	1683
4102	1684
4102	1685
4102	1686
4102	1687
1642	3167
3167	1646
3167	4681
1643	3168
3168	4682
1644	3169
1645	3170
3170	1678
3170	1679
3170	1713
3170	4683
1647	3171
1647	4103
3171	4103
4103	3636
4103	3640
4103	3354
1648	3172
1649	3173
3173	4684
1650	3174
3174	4685
1651	3175
3175	1654
3175	4687
1652	3176
3176	4686
1653	3177
3177	4681
1655	3178
3178	4681
1656	3179
3179	1661
3179	1662
3179	4679
1657	3180
3180	4688
1658	4104
1659	3181
1659	4105
3181	4105
4105	3191
4105	3196
1660	3182
3182	4690
1661	4106
1663	3183
3183	1668
3183	4110
1665	3184
3184	4691
1666	3185
3185	1670
3185	1671
3185	4693
1667	3186
3186	4692
1669	4107
1670	4108
1671	4109
1672	3187
3187	4694
1673	3188
3188	4695
1674	3189
3189	4698
1675	3190
3190	1686
3190	4699
1676	3191
1677	3192
3192	1682
3192	1684
1678	4110
1679	4111
1680	3193
3193	4700
1681	3194
3194	4702
1682	4112
1683	3195
3195	4616
1685	3196
1687	3197
3197	1714
3197	4697
1688	3198
3198	4704
1689	3199
3199	1690
3199	1691
3199	4705
1690	4113
4113	3645
1692	3200
1692	4114
3200	1694
3200	4703
1693	3201
1693	4115
3201	4115
4115	3540
1695	3202
1695	4116
3202	4116
4116	3643
4116	3644
1696	3203
1697	3204
1697	4117
3204	4701
4117	1698
4117	1703
4117	1788
4117	1853
1699	3205
3205	4494
1700	3206
3206	1701
3206	4708
1702	3207
3207	4709
1703	3208
3208	4548
1704	3209
1704	4118
3209	1720
4118	1705
4118	1706
4118	1707
4118	1708
4118	1709
1705	3210
3210	4707
1706	3211
3211	4166
1707	3212
3212	4706
1708	3213
3213	4591
1709	3214
1710	4119
4119	1712
4119	1733
4119	1773
4119	3219
4119	3220
4119	3231
4119	3239
1711	4120
1713	4121
1715	3215
3215	1716
3215	4710
1717	3216
3216	4711
1718	3217
3217	1904
3217	4712
1719	3218
1719	4122
3218	4122
4122	1720
1721	3219
1722	3220
3220	1723
3220	1725
3220	2181
1723	4123
1724	3221
1726	3222
3222	1945
1727	3223
3223	4713
1728	3224
3224	1946
1729	3225
1730	3226
1730	4124
1731	4125
1732	3227
3227	4714
1734	3228
3228	4579
1735	3229
3229	4713
1736	4126
4126	1925
4126	1929
4126	3654
4126	3356
1737	3230
3230	4127
1738	4127
4127	3312
1739	3231
3231	1743
3231	2163
1740	3232
3232	4715
1741	3233
3233	1742
3233	4716
1743	4128
1744	4129
1745	3234
3234	2185
3234	4719
1746	3235
3235	4718
1747	3236
3236	1995
3236	2071
3236	4210
1748	3237
1749	3238
3238	4721
1750	3239
3239	2180
3239	2193
1752	3240
3240	4611
1753	3241
1753	4130
1754	3242
1755	3243
3243	4723
1756	3244
1756	4131
3244	4722
4131	1762
4131	1764
4131	1769
4131	1802
4131	1833
4131	1839
4131	1840
4131	1887
4131	3659
1757	3245
3245	4724
1758	3246
3246	4727
1759	3247
3247	4728
1760	3248
3248	4729
1762	3249
3249	4699
1763	3250
3250	1764
3250	4730
1765	3251
1765	4132
3251	4723
1766	3252
3252	4731
1767	3253
3253	4733
1768	3254
1768	4133
3254	1811
3254	4725
1769	3255
3255	4732
1770	3256
3256	4734
1771	3257
1771	4134
3257	2165
3257	4724
1772	3258
3258	4736
1774	4135
1775	3259
3259	4737
1776	3260
3260	4735
1777	3261
1777	4136
3261	1799
3261	4638
4136	1779
4136	3262
1778	3262
1780	3263
3263	4739
1781	3264
3264	4738
1782	3265
3265	1783
3265	1791
3265	4740
1784	4137
1785	3266
3266	1802
3266	2070
1786	3267
3267	4639
1787	3268
1787	4138
1788	3269
3269	1789
3269	4741
1789	4139
1790	3270
3270	4713
1791	4140
1792	3271
3271	1793
3271	1812
3271	4742
1794	3272
1794	4141
3272	4141
4141	1900
4141	3345
1795	3273
1796	3274
3274	4743
1797	3275
3275	1798
3275	4142
1798	4142
1800	3276
3276	1940
1801	3277
3277	4605
1803	3278
1803	4143
3278	1822
3278	4150
4143	1816
4143	1818
4143	1820
4143	1827
4143	1832
4143	1834
4143	1841
4143	1850
4143	1864
4143	1892
4143	1894
4143	2002
4143	2012
4143	2013
4143	3281
1804	3279
1804	4144
1805	3280
3280	1807
3280	4744
1806	3281
3281	1813
3281	2078
1808	3282
1808	4145
4145	1825
4145	1830
4145	1876
4145	1879
4145	1881
4145	1883
4145	1889
4145	1893
4145	1895
4145	1915
4145	1921
4145	1927
4145	1928
4145	1931
4145	1933
4145	1934
4145	1937
4145	1938
4145	1947
4145	1958
4145	1971
4145	1972
4145	1986
4145	1988
4145	1994
4145	2023
4145	2031
4145	2035
4145	2057
4145	2062
4145	2066
4145	2069
4145	2073
4145	2074
4145	2107
4145	2119
4145	2132
4145	2140
4145	2147
4145	2148
4145	2164
4145	2168
4145	2173
4145	2175
4145	2182
4145	2186
4145	2215
4145	2232
1809	3283
1810	3284
1811	4146
1812	4147
1814	4148
1815	3285
3285	4745
1816	3286
3286	4746
1817	3287
3287	1828
1818	3288
3288	4747
1819	3289
3289	1821
3289	4149
1820	3290
3290	1824
1821	4149
4149	3578
1822	4150
4150	3393
1823	3291
3291	4749
1824	4151
1825	3292
3292	4748
1826	4152
1827	3293
3293	4750
1829	3294
3294	4751
1830	3295
1831	3296
1832	3297
3297	4752
1833	3298
3298	4754
1834	3299
3299	1835
3299	1840
1836	3300
3300	1944
1837	3301
3301	4755
1838	3302
3302	1841
1839	3303
3303	4753
1842	3304
1843	3305
1844	3306
3306	4756
1845	3307
3307	4757
1846	4153
1847	3308
3308	1848
3308	4758
1848	4154
1849	3309
3309	4759
1850	3310
3310	4760
1851	3311
3311	1852
3311	4761
1853	3312
1854	3313
3313	4763
1855	3314
3314	1857
3314	4762
1856	3315
1857	4155
1858	3316
3316	4765
1859	4156
1860	3317
1860	4157
1861	3318
1861	4158
3318	1862
3318	1863
3318	4766
1863	4159
1864	3319
3319	2208
3319	4767
1866	3320
3320	4769
1867	3321
3321	1868
3321	4768
1869	3322
3322	4770
1870	3323
3323	4770
1871	3324
3324	1874
3324	4160
1872	3325
3325	4160
1873	3326
3326	4771
1874	4160
1875	4161
1876	3327
3327	4772
1877	3328
3328	4773
1878	3329
3329	4775
1879	3330
3330	4774
1880	4162
1881	3331
3331	4776
1882	3332
1882	4163
3332	4163
4163	1956
4163	1963
4163	3380
4163	3670
4163	3466
1883	3333
3333	1886
3333	4777
1884	3334
3334	4778
1885	4164
1887	3335
3335	4779
1888	3336
3336	1976
3336	4780
1889	3337
3337	4781
1890	3338
3338	1993
3338	4189
1891	4165
1892	3339
3339	4783
1893	3340
3340	4782
1894	3341
3341	1895
3341	4784
1896	3342
1896	4166
3342	4785
4166	2019
4166	3646
4166	3422
4166	3678
4166	3437
4166	3477
4166	3696
4166	3558
1897	4167
1898	3343
1898	4168
3343	4787
4168	1899
4168	1901
4168	1903
4168	1906
4168	1907
4168	1908
4168	1909
4168	1910
4168	1914
4168	1919
4168	1926
4168	3662
4168	3686
4168	3687
4168	3548
1899	3344
3344	4786
1900	3345
1901	3346
3346	4788
1902	3347
3347	1903
3347	1905
3347	4789
1904	4169
1905	4170
1906	3348
3348	4790
1907	3349
3349	4764
1908	3350
3350	4195
1909	3351
3351	2005
3351	4505
1910	3352
3352	1930
3352	4174
1911	3353
3353	1912
3353	1913
3353	1914
3353	4791
1912	4171
1915	3354
1916	3355
3355	1917
3355	1918
3355	1919
3355	4792
1918	4172
1920	3356
3356	1952
1921	3357
3357	4793
1922	3358
1922	4173
3358	1924
3358	4795
4173	1923
1923	3359
1925	3360
3360	4796
1926	3361
3361	1927
3361	4797
1928	3362
3362	4798
1930	4174
1931	3363
3363	4799
1932	4175
1933	3364
3364	4801
1934	3365
3365	4802
1935	3366
3366	4803
1936	3367
3367	4804
1937	3368
3368	4805
1938	3369
3369	1939
3369	4806
1941	3370
3370	4808
1942	3371
1943	3372
3372	1953
3372	4807
1944	4176
4176	3665
1945	4177
4177	1946
4177	3680
1947	3373
3373	4810
1948	3374
3374	4809
1949	3375
3375	4811
1950	3376
3376	4207
1951	3377
3377	4812
1952	4178
1954	3378
3378	4813
1955	3379
3379	4814
1956	3380
1957	3381
3381	1958
3381	4815
1959	3382
3382	4816
1960	3383
1960	4179
3383	4817
4179	1961
4179	1978
4179	2021
1961	3384
3384	4800
1962	3385
3385	1966
3385	4819
1963	3386
3386	4820
1964	3387
3387	1965
3387	4180
1965	4180
1966	4181
1967	3388
3388	4821
1968	3389
3389	4822
1969	3390
1970	4182
1971	3391
3391	1975
3391	4823
1972	3392
3392	4824
1973	3393
1974	3394
3394	4825
1975	4183
1976	4184
4184	1977
1977	3395
3395	1980
3395	4826
1978	3396
3396	1983
1979	3397
3397	1982
3397	1984
3397	4827
1981	4185
1982	4186
1983	4187
4187	1984
4187	3656
1986	3398
3398	4828
1987	3399
3399	4593
1988	3400
3400	4829
1989	3401
1990	3402
3402	4830
1991	3403
1991	4188
3403	4831
4188	1992
1992	3404
3404	4230
1993	4189
1994	3405
3405	4832
1995	4190
1996	4191
1997	3406
1997	4192
3406	1998
3406	4565
1999	3407
3407	4794
2000	3408
3408	4833
2001	4193
2002	3409
3409	2003
3409	4835
2004	3410
3410	4830
2005	4194
4194	2006
2007	3411
3411	4837
2008	3412
3412	4836
2009	3413
3413	4838
2010	3414
3414	4834
2011	3415
2011	4195
3415	2012
3415	4195
4195	2015
4195	3588
4195	3595
4195	3629
4195	3630
4195	3418
2013	3416
3416	4841
2014	3417
2014	4196
3417	2102
3417	4840
2015	3418
2016	3419
3419	4842
2017	3420
2017	4197
3420	4839
4197	2127
4197	2166
2018	3421
3421	4843
2019	3422
2020	3423
3423	4582
2021	3424
3424	4726
2022	4198
2023	3425
3425	4582
2024	3426
3426	4845
2025	3427
3427	4846
2026	4199
2027	3428
3428	4846
2028	3429
3429	2058
3429	4847
2029	4200
2030	4201
2031	3430
3430	4848
2032	3431
3431	4849
2033	3432
2033	4202
3432	2035
3432	4717
2034	3433
3433	4849
2036	3434
3434	4850
2037	3435
3435	2038
3435	4522
2039	3436
2039	4203
4203	3439
2040	3437
2041	3438
3438	4852
2042	3439
2043	3440
3440	4207
2044	3441
3441	4853
2045	4204
2046	3442
3442	4854
2047	4205
2048	3443
3443	4855
2049	4206
2050	3444
3444	4857
2051	3445
3445	4207
2052	3446
2052	4207
3446	2213
3446	4207
4207	3633
4207	3638
4207	3688
2053	3447
3447	4858
2054	3448
3448	2106
3448	4859
2055	3449
3449	4861
2056	3450
3450	4860
2057	3451
3451	4862
2059	3452
3452	2080
3452	4856
2060	3453
2060	4208
3453	2064
3453	2065
2061	3454
3454	2088
3454	2093
3454	4865
2062	3455
3455	4864
2064	4209
4209	2067
2066	3456
2067	3457
3457	4844
2068	3458
3458	4868
2069	3459
3459	4869
2071	4210
2072	3460
3460	2086
2073	3461
3461	4872
2074	3462
3462	4873
2075	3463
3463	2079
3463	4874
2076	4211
2077	4212
4212	2078
4212	2079
4212	2080
4212	2081
4212	2082
4212	2083
4212	2084
4212	2085
4212	2086
4212	2087
4212	2088
4212	2090
4212	2091
4212	2094
4212	2098
4212	2099
4212	2100
4212	2101
4212	2102
4212	2110
4212	2111
4212	2130
4212	2137
4212	2138
4212	2139
4212	2141
4212	2142
4212	2146
4212	2150
4212	2167
4212	2169
4212	2170
4212	2171
4212	2187
4212	2189
4212	2190
4212	2199
4212	2200
4212	2201
4212	2206
4212	2218
4212	2220
4212	2226
4212	2229
4212	2230
2081	3464
3464	4875
2082	3465
3465	4871
2083	3466
2084	3467
3467	4696
2085	3468
3468	4863
2087	3469
3469	4866
2089	3470
2089	4213
3470	4213
2090	3471
3471	4870
2091	3472
3472	4867
2092	4214
2093	4215
2094	3473
3473	2095
3473	2096
3473	4876
2096	4216
2097	3474
2097	4217
3474	2099
3474	4877
2098	3475
3475	4878
2100	3476
3476	4621
2101	3477
2103	3478
3478	4689
2104	3479
3479	4879
2107	3480
3480	4882
2108	4218
2109	3481
2109	4219
3481	2112
3481	4881
4219	2113
4219	2114
2110	3482
3482	2113
3482	4884
2111	3483
3483	4885
2112	4220
2114	3484
3484	2142
3484	4883
2115	4221
4221	2116
2116	3485
3485	2122
3485	4886
2117	4222
2118	3486
3486	2119
3486	2121
3486	4887
2120	3487
3487	2123
3487	4888
2124	3488
2124	4223
3488	2151
3488	4880
2125	3489
2126	3490
3490	2127
3490	4890
2128	3491
3491	2131
3491	4891
2129	3492
3492	4889
2130	3493
3493	4892
2131	4224
4224	2217
2132	3494
3494	2133
3494	4893
2134	3495
3495	4851
2135	3496
3496	4818
2136	3497
3497	4893
2137	3498
3498	4605
2138	3499
3499	4894
2139	3500
3500	4558
2140	3501
2141	3502
3502	4895
2143	3503
3503	4897
2144	3504
2144	4225
3504	4681
2145	3505
3505	2146
3505	4898
2147	3506
3506	4900
2148	3507
3507	4899
2149	3508
3508	4901
2150	3509
3509	4902
2151	4226
2152	3510
3510	2153
3510	4904
2154	3511
2154	4227
3511	4903
4227	2155
2155	3512
3512	2159
3512	4896
2156	3513
3513	2157
3513	4228
2157	4228
2158	4229
2160	3514
2160	4230
3514	4230
4230	3666
2161	3515
3515	4907
2162	3516
3516	4908
2163	4231
2164	3517
3517	4910
2165	4232
2166	3518
3518	2175
3518	4909
2167	3519
3519	4912
2168	3520
3520	4911
2169	3521
3521	4914
2170	3522
3522	4915
2171	3523
3523	4916
2172	3524
3524	4917
2173	3525
3525	4919
2174	3526
2174	4233
3526	4913
4233	3625
2176	3527
2176	4234
3527	2179
3527	2192
3527	4918
4234	2177
4234	2212
4234	2214
2177	3528
3528	2178
3528	4920
2182	3529
3529	4922
2183	3530
3530	2227
3530	2231
3530	2232
3530	4922
2184	3531
3531	4923
2185	4235
2186	3532
3532	2187
3532	4925
2188	3533
3533	4926
2189	3534
3534	4849
2190	3535
3535	2210
3535	4921
2191	3536
3536	4927
2192	4236
4236	2193
4236	2194
4236	2195
4236	2196
4236	2197
4236	2198
4236	2202
4236	2203
4236	2224
4236	2225
2194	3537
3537	4720
2195	3538
3538	4906
2196	3539
3539	4762
2197	3540
2198	3541
3541	4612
2199	3542
3542	4928
2200	3543
3543	4621
2201	3544
3544	4929
2202	3545
2203	3546
2204	3547
3547	2207
3547	4237
2205	3548
2206	3549
3549	4930
2207	4237
4237	2208
4237	3700
2209	3550
3550	4931
2211	4238
2212	3551
3551	4794
2213	4239
2214	3552
3552	2215
3552	2216
3552	4905
2216	4240
2218	3553
3553	4859
2219	3554
3554	4932
2220	3555
3555	4924
2221	3556
2221	4241
3556	2223
3556	4694
2222	4242
2223	4243
2225	3557
3557	4933
2226	3558
2228	3559
3559	4831
2229	3560
2230	3561
3561	4934
2231	4244
4268	3634
4268	3635
4282	3568
4282	3571
4291	3567
4368	3574
4374	3572
4384	3676
4397	3674
4414	3580
4434	3582
4442	3583
4465	3586
4467	3584
4485	3585
4499	3591
4501	3590
4505	3589
4533	3647
4533	3650
4538	3597
4541	3598
4559	3604
4561	3605
4561	3610
4600	3668
4604	3616
4606	3624
4607	3617
4607	3620
4611	3621
4611	3622
4611	3627
4621	3685
4631	3631
4670	3639
4678	3651
4681	3642
4689	3641
4689	3694
4694	3703
4726	3652
4729	3669
4769	3661
4770	3693
4794	3663
4794	3673
4794	3701
4798	3664
4816	3667
4821	3671
4827	3699
4830	3675
4851	3681
4853	3682
4853	3683
4877	3689
4905	3692
4919	3695
4927	3702
