3704	2
3705	2
3706	2
3707	2
3708	2
3709	2
3710	2
3711	2
3712	2
3713	2
3714	2
3715	2
3716	2
3717	2
3718	2
3719	2
3720	2
3721	2
3722	2
3723	2
3724	2
3725	2
3726	1
3727	2
3728	2
3729	2
3730	2
3731	1
3732	2
3733	2
3734	2
3735	2
3736	2
3737	2
3738	2
3739	2
3740	2
3741	0
3742	2
3743	2
3744	1
3745	1
3746	2
3747	2
3748	2
3749	2
3750	2
3751	2
3752	2
3753	2
3754	2
3755	2
3756	1
3757	2
3758	2
3759	2
3760	2
3761	2
3762	1
3763	2
3764	2
3765	2
3766	2
3767	1
3768	2
3769	2
3770	1
3771	2
3772	2
3773	2
3774	2
3775	2
3776	2
3777	1
3778	2
3779	2
3780	0
3781	2
3782	2
3783	2
3784	2
3785	2
3786	2
3787	2
3788	2
3789	0
3790	2
3791	1
3792	2
3793	2
3794	2
3795	2
3796	2
3797	2
3798	1
3799	2
3800	1
3801	2
3802	2
3803	2
3804	1
3805	2
3806	0
3807	2
3808	1
3809	2
3810	1
3811	2
3812	2
3813	1
3814	2
3815	1
3816	2
3817	2
3818	1
3819	1
3820	2
3821	2
3822	2
3823	1
3824	2
3825	2
3826	0
3827	2
3828	1
3829	2
3830	1
3831	1
3832	1
3833	0
3834	2
3835	0
3836	2
3837	2
3838	1
3839	0
3840	1
3841	2
3842	2
3843	2
3844	0
3845	1
3846	2
3847	2
3848	1
3849	2
3850	0
3851	0
3852	0
3853	2
3854	2
3855	2
3856	2
3857	2
3858	2
3859	1
3860	1
3861	1
3862	2
3863	1
3864	2
3865	2
3866	0
3867	2
3868	2
3869	2
3870	0
3871	2
3872	1
3873	1
3874	1
3875	0
3876	1
3877	0
3878	1
3879	1
3880	0
3881	2
3882	2
3883	1
3884	0
3885	2
3886	2
3887	2
3888	0
3889	1
3890	2
3891	2
3892	1
3893	0
3894	2
3895	2
3896	0
3897	2
3898	2
3899	2
3900	2
3901	0
3902	2
3903	1
3904	2
3905	0
3906	2
3907	2
3908	2
3909	0
3910	0
3911	2
3912	0
3913	0
3914	0
3915	1
3916	0
3917	1
3918	1
3919	0
3920	2
3921	0
3922	1
3923	2
3924	0
3925	2
3926	1
3927	1
3928	2
3929	2
3930	1
3931	1
3932	1
3933	1
3934	1
3935	0
3936	2
3937	1
3938	0
3939	2
3940	1
3941	0
3942	2
3943	2
3944	2
3945	0
3946	1
3947	2
3948	1
3949	0
3950	2
3951	2
3952	0
3953	2
3954	2
3955	1
3956	0
3957	2
3958	2
3959	0
3960	2
3961	1
3962	2
3963	1
3964	0
3965	0
3966	2
3967	0
3968	0
3969	2
3970	1
3971	0
3972	1
3973	1
3974	1
3975	1
3976	2
3977	2
3978	2
3979	0
3980	2
3981	1
3982	0
3983	1
3984	2
3985	2
3986	1
3987	0
3988	2
3989	2
3990	0
3991	1
3992	0
3993	2
3994	2
3995	0
3996	2
3997	0
3998	0
3999	2
4000	1
4001	1
4002	2
4003	2
4004	2
4005	2
4006	1
4007	2
4008	0
4009	1
4010	0
4011	2
4012	1
4013	0
4014	2
4015	0
4016	2
4017	0
4018	1
4019	1
4020	2
4021	0
4022	1
4023	1
4024	2
4025	0
4026	0
4027	1
4028	1
4029	2
4030	1
4031	2
4032	1
4033	1
4034	2
4035	1
4036	0
4037	1
4038	2
4039	0
4040	2
4041	1
4042	2
4043	2
4044	1
4045	2
4046	1
4047	2
4048	0
4049	0
4050	2
4051	2
4052	1
4053	1
4054	1
4055	2
4056	2
4057	2
4058	0
4059	1
4060	0
4061	0
4062	0
4063	2
4064	0
4065	1
4066	0
4067	2
4068	2
4069	0
4070	2
4071	2
4072	2
4073	2
4074	2
4075	2
4076	1
4077	0
4078	1
4079	0
4080	2
4081	1
4082	1
4083	0
4084	0
4085	2
4086	1
4087	2
4088	0
4089	0
4090	0
4091	1
4092	2
4093	2
4094	0
4095	1
4096	2
4097	0
4098	0
4099	0
4100	1
4101	0
4102	1
4103	2
4104	0
4105	1
4106	0
4107	1
4108	0
4109	0
4110	0
4111	0
4112	1
4113	1
4114	1
4115	1
4116	1
4117	2
4118	2
4119	2
4120	1
4121	1
4122	2
4123	1
4124	0
4125	0
4126	2
4127	0
4128	0
4129	1
4130	0
4131	2
4132	0
4133	1
4134	1
4135	0
4136	1
4137	1
4138	0
4139	1
4140	0
4141	2
4142	1
4143	2
4144	0
4145	2
4146	0
4147	0
4148	0
4149	1
4150	1
4151	0
4152	0
4153	1
4154	1
4155	0
4156	0
4157	1
4158	1
4159	1
4160	1
4161	0
4162	1
4163	0
4164	1
4165	0
4166	2
4167	1
4168	2
4169	1
4170	1
4171	1
4172	1
4173	0
4174	0
4175	0
4176	1
4177	1
4178	0
4179	2
4180	1
4181	0
4182	1
4183	0
4184	0
4185	1
4186	1
4187	2
4188	1
4189	1
4190	0
4191	0
4192	1
4193	0
4194	1
4195	2
4196	0
4197	0
4198	0
4199	0
4200	0
4201	0
4202	0
4203	1
4204	0
4205	0
4206	0
4207	2
4208	1
4209	1
4210	0
4211	0
4212	2
4213	2
4214	0
4215	0
4216	1
4217	1
4218	1
4219	1
4220	0
4221	0
4222	0
4223	2
4224	0
4225	1
4226	0
4227	0
4228	0
4229	0
4230	1
4231	1
4232	0
4233	2
4234	0
4235	0
4236	2
4237	1
4238	0
4239	1
4240	0
4241	2
4242	1
4243	1
4244	0
4245	2
4246	2
4247	1
4248	2
4249	2
4250	2
4251	2
4252	2
4253	2
4254	2
4255	2
4256	2
4257	1
4258	2
4259	2
4260	2
4261	2
4262	2
4263	2
4264	2
4265	2
4266	2
4267	2
4268	2
4269	2
4270	2
4271	2
4272	2
4273	1
4274	0
4275	2
4276	0
4277	2
4278	1
4279	2
4280	1
4281	2
4282	2
4283	2
4284	2
4285	2
4286	0
4287	2
4288	0
4289	2
4290	2
4291	1
4292	0
4293	2
4294	2
4295	0
4296	2
4297	1
4298	2
4299	2
4300	0
4301	2
4302	2
4303	2
4304	2
4305	2
4306	1
4307	1
4308	2
4309	2
4310	1
4311	0
4312	2
4313	1
4314	2
4315	2
4316	2
4317	0
4318	2
4319	0
4320	0
4321	2
4322	2
4323	0
4324	1
4325	2
4326	1
4327	1
4328	1
4329	2
4330	0
4331	2
4332	2
4333	1
4334	0
4335	0
4336	1
4337	2
4338	1
4339	0
4340	0
4341	0
4342	2
4343	0
4344	1
4345	2
4346	2
4347	1
4348	1
4349	1
4350	2
4351	2
4352	0
4353	1
4354	0
4355	0
4356	1
4357	0
4358	2
4359	0
4360	1
4361	2
4362	2
4363	0
4364	1
4365	2
4366	1
4367	0
4368	2
4369	1
4370	1
4371	2
4372	1
4373	0
4374	2
4375	0
4376	2
4377	2
4378	0
4379	2
4380	2
4381	0
4382	1
4383	2
4384	2
4385	1
4386	0
4387	2
4388	1
4389	2
4390	1
4391	2
4392	2
4393	1
4394	1
4395	2
4396	1
4397	2
4398	2
4399	0
4400	1
4401	2
4402	2
4403	2
4404	0
4405	2
4406	2
4407	2
4408	2
4409	1
4410	0
4411	2
4412	2
4413	0
4414	2
4415	0
4416	2
4417	1
4418	1
4419	0
4420	0
4421	2
4422	2
4423	2
4424	2
4425	0
4426	2
4427	0
4428	0
4429	2
4430	1
4431	2
4432	1
4433	0
4434	2
4435	2
4436	1
4437	2
4438	2
4439	0
4440	1
4441	1
4442	2
4443	1
4444	1
4445	0
4446	0
4447	1
4448	0
4449	1
4450	0
4451	0
4452	2
4453	2
4454	2
4455	2
4456	1
4457	1
4458	1
4459	2
4460	0
4461	0
4462	1
4463	2
4464	2
4465	2
4466	0
4467	2
4468	2
4469	0
4470	2
4471	2
4472	2
4473	0
4474	0
4475	2
4476	0
4477	0
4478	2
4479	0
4480	2
4481	2
4482	1
4483	0
4484	2
4485	1
4486	0
4487	1
4488	0
4489	2
4490	1
4491	1
4492	0
4493	0
4494	0
4495	0
4496	2
4497	0
4498	0
4499	0
4500	0
4501	2
4502	2
4503	1
4504	2
4505	2
4506	1
4507	1
4508	2
4509	1
4510	2
4511	2
4512	1
4513	0
4514	2
4515	1
4516	1
4517	0
4518	0
4519	0
4520	1
4521	1
4522	2
4523	0
4524	0
4525	0
4526	2
4527	0
4528	2
4529	1
4530	2
4531	2
4532	2
4533	1
4534	2
4535	0
4536	0
4537	1
4538	2
4539	0
4540	1
4541	2
4542	1
4543	1
4544	2
4545	0
4546	0
4547	1
4548	1
4549	2
4550	2
4551	2
4552	1
4553	2
4554	0
4555	0
4556	0
4557	1
4558	1
4559	0
4560	1
4561	0
4562	0
4563	1
4564	0
4565	2
4566	2
4567	1
4568	1
4569	1
4570	1
4571	1
4572	0
4573	0
4574	0
4575	1
4576	1
4577	0
4578	0
4579	1
4580	0
4581	0
4582	2
4583	0
4584	0
4585	1
4586	0
4587	0
4588	1
4589	0
4590	0
4591	0
4592	0
4593	2
4594	2
4595	1
4596	0
4597	1
4598	0
4599	0
4600	1
4601	0
4602	0
4603	1
4604	1
4605	1
4606	1
4607	2
4608	1
4609	0
4610	1
4611	2
4612	1
4613	2
4614	1
4615	1
4616	1
4617	0
4618	0
4619	1
4620	1
4621	1
4622	0
4623	0
4624	1
4625	2
4626	0
4627	1
4628	0
4629	0
4630	0
4631	1
4632	0
4633	2
4634	1
4635	1
4636	0
4637	1
4638	0
4639	0
4640	0
4641	0
4642	1
4643	1
4644	0
4645	0
4646	0
4647	1
4648	1
4649	0
4650	0
4651	1
4652	0
4653	1
4654	1
4655	1
4656	2
4657	1
4658	1
4659	0
4660	1
4661	2
4662	1
4663	1
4664	1
4665	0
4666	1
4667	0
4668	0
4669	1
4670	0
4671	0
4672	0
4673	0
4674	0
4675	0
4676	0
4677	1
4678	1
4679	0
4680	1
4681	2
4682	1
4683	2
4684	1
4685	1
4686	0
4687	0
4688	0
4689	1
4690	1
4691	1
4692	0
4693	0
4694	1
4695	1
4696	0
4697	0
4698	0
4699	1
4700	0
4701	0
4702	0
4703	0
4704	0
4705	0
4706	0
4707	0
4708	0
4709	1
4710	1
4711	0
4712	2
4713	2
4714	0
4715	0
4716	1
4717	0
4718	1
4719	0
4720	0
4721	1
4722	1
4723	0
4724	1
4725	1
4726	1
4727	1
4728	0
4729	0
4730	0
4731	1
4732	0
4733	0
4734	1
4735	1
4736	1
4737	1
4738	1
4739	0
4740	0
4741	0
4742	1
4743	0
4744	0
4745	1
4746	0
4747	0
4748	1
4749	0
4750	0
4751	0
4752	0
4753	0
4754	1
4755	0
4756	0
4757	1
4758	0
4759	0
4760	0
4761	0
4762	1
4763	1
4764	0
4765	1
4766	2
4767	1
4768	1
4769	1
4770	1
4771	1
4772	1
4773	1
4774	1
4775	0
4776	0
4777	0
4778	0
4779	0
4780	1
4781	1
4782	0
4783	1
4784	0
4785	1
4786	0
4787	0
4788	0
4789	1
4790	0
4791	1
4792	1
4793	1
4794	2
4795	0
4796	0
4797	1
4798	0
4799	1
4800	0
4801	0
4802	1
4803	0
4804	0
4805	1
4806	1
4807	0
4808	1
4809	1
4810	1
4811	0
4812	0
4813	0
4814	0
4815	1
4816	0
4817	0
4818	0
4819	1
4820	0
4821	0
4822	0
4823	1
4824	0
4825	0
4826	0
4827	0
4828	0
4829	0
4830	0
4831	1
4832	0
4833	1
4834	0
4835	0
4836	0
4837	1
4838	1
4839	0
4840	0
4841	0
4842	1
4843	1
4844	0
4845	1
4846	0
4847	1
4848	1
4849	2
4850	1
4851	0
4852	0
4853	2
4854	1
4855	1
4856	0
4857	1
4858	1
4859	1
4860	0
4861	0
4862	0
4863	0
4864	0
4865	1
4866	1
4867	1
4868	1
4869	1
4870	0
4871	0
4872	1
4873	0
4874	1
4875	1
4876	1
4877	1
4878	1
4879	0
4880	0
4881	0
4882	0
4883	1
4884	0
4885	1
4886	1
4887	1
4888	0
4889	1
4890	1
4891	0
4892	0
4893	1
4894	0
4895	1
4896	0
4897	1
4898	1
4899	1
4900	1
4901	1
4902	1
4903	1
4904	1
4905	1
4906	0
4907	0
4908	1
4909	1
4910	1
4911	0
4912	1
4913	0
4914	0
4915	0
4916	1
4917	0
4918	2
4919	0
4920	1
4921	1
4922	0
4923	1
4924	0
4925	0
4926	1
4927	0
4928	0
4929	1
4930	1
4931	0
4932	1
4933	0
4934	1
