0	3210
0	5896
3210	1
3210	9
3210	6473
1	5897
5897	14
5897	40
5897	106
5897	122
5897	165
5897	175
5897	188
5897	206
5897	342
5897	349
5897	350
5897	373
5897	379
5897	420
5897	428
5897	510
5897	525
5897	552
5897	554
5897	630
5897	908
5897	934
5897	964
5897	966
5897	969
5897	983
5897	993
5897	998
5897	1000
5897	1039
5897	1043
5897	1057
5897	1065
5897	1066
5897	1070
5897	1073
5897	1075
5897	1136
5897	1138
5897	1156
5897	1159
5897	1165
5897	1185
5897	1197
5897	1209
5897	1472
5897	1610
5897	1615
5897	1629
5897	1632
5897	1649
5897	1652
5897	1666
5897	1667
5897	1672
5897	1681
5897	1760
5897	1766
5897	2003
5897	2157
5897	2193
5897	2343
5897	2647
5897	2648
5897	2650
5897	3219
5897	3222
5897	3231
5897	3241
5897	3249
5897	3252
5897	3282
5897	3285
5897	3286
5897	3290
5897	3291
5897	3295
5897	3298
5897	3297
5897	3305
5897	3355
5897	3317
5897	3361
5897	3424
5897	3537
5897	3534
5897	3557
5897	3558
5897	3571
5897	3585
5897	5569
5897	3728
5897	3735
5897	3805
5897	3804
5897	3840
5897	3848
5897	3853
5897	3911
5897	3889
5897	3912
5897	3954
5897	3965
5897	4012
5897	4020
5897	4026
5897	4381
5897	4345
5897	4346
5897	5648
5897	4370
5897	4375
5897	4443
5897	4586
5897	4591
5897	5678
5897	4628
5897	4747
5897	5716
5897	4779
2	3211
2	5898
3211	6472
5898	8
5898	59
5898	100
5898	145
5898	344
5898	388
5898	396
5898	639
5898	3316
3	3212
3	5899
3212	6
3212	2668
3212	6474
5899	4655
4	3213
4	5900
3213	5982
5900	35
5900	1395
5900	1638
5900	1639
5900	1640
5900	1641
5900	1642
5900	1643
5900	1644
5900	1645
5900	1646
5900	1698
5900	1699
5900	1729
5900	1780
5900	1850
5900	1888
5900	1912
5900	2022
5900	2027
5900	2034
5900	2082
5900	2092
5900	2178
5900	2362
5900	2367
5900	2396
5900	2399
5900	2713
5900	4367
5900	4518
5900	5801
5	3214
5	5901
3214	7
3214	8
3214	6006
5901	13
5901	101
5901	121
5901	157
5901	545
6	5902
5902	12
5902	28
5902	37
5902	51
5902	84
5902	85
5902	99
5902	109
5902	113
5902	127
5902	139
5902	250
5902	337
5902	351
5902	355
5902	3357
7	5903
5903	11
5903	36
5903	47
5903	48
5903	55
5903	71
5903	72
5903	141
5903	365
5903	369
5903	668
5903	1630
5903	3264
5903	3329
9	5904
10	3215
10	5905
3215	2205
3215	5920
11	3216
3216	15
3216	45
3216	6067
12	3217
3217	5982
13	3218
3218	24
3218	27
3218	5929
14	3219
15	5906
5906	147
5906	169
5906	182
5906	191
5906	1701
5906	2480
5906	2970
5906	3024
5906	3178
5906	3192
16	3220
16	5907
3220	17
3220	19
3220	6473
5907	20
5907	3792
17	5908
18	3221
18	5909
3221	50
3221	5982
5909	19
5909	22
5909	63
5909	74
5909	192
5909	304
5909	310
5909	591
5909	593
5909	595
5909	598
5909	601
5909	613
5909	614
5909	735
5909	763
5909	806
5909	837
5909	843
5909	854
5909	865
5909	936
5909	938
5909	945
5909	975
5909	1038
5909	1200
5909	1465
5909	1480
5909	1507
5909	1539
5909	1685
5909	1689
5909	1718
5909	1916
5909	2081
5909	2131
5909	2243
5909	2248
5909	2279
5909	2332
5909	3223
5909	3404
5909	3406
5909	3618
5909	3637
5909	3683
5909	4003
5909	4378
20	3222
3222	21
3222	22
3222	30
21	5910
23	3223
23	5911
3223	25
5911	24
5911	31
5911	32
5911	33
5911	34
5911	68
5911	81
5911	82
5911	88
5911	103
5911	104
5911	105
5911	110
5911	118
5911	119
5911	125
5911	164
5911	180
5911	229
5911	234
5911	296
5911	380
5911	586
5911	609
5911	610
5911	621
5911	671
5911	2175
5911	3263
5911	3260
5911	3261
5911	3438
25	5912
5912	26
5912	27
5912	29
5912	41
5912	43
5912	46
5912	64
5912	65
5912	66
5912	132
5912	134
5912	137
5912	151
5912	152
5912	160
5912	174
5912	178
5912	179
5912	186
5912	187
5912	189
5912	226
5912	235
5912	237
5912	269
5912	272
5912	289
5912	309
5912	328
5912	332
5912	336
5912	358
5912	361
5912	368
5912	375
5912	386
5912	387
5912	391
5912	393
5912	395
5912	397
5912	398
5912	414
5912	416
5912	417
5912	430
5912	433
5912	437
5912	441
5912	449
5912	458
5912	461
5912	462
5912	470
5912	477
5912	479
5912	499
5912	501
5912	504
5912	505
5912	506
5912	508
5912	529
5912	535
5912	537
5912	546
5912	549
5912	551
5912	553
5912	557
5912	569
5912	580
5912	583
5912	585
5912	589
5912	590
5912	602
5912	606
5912	623
5912	628
5912	629
5912	635
5912	641
5912	646
5912	647
5912	655
5912	666
5912	678
5912	679
5912	681
5912	684
5912	685
5912	693
5912	712
5912	724
5912	733
5912	758
5912	764
5912	772
5912	796
5912	799
5912	803
5912	826
5912	827
5912	830
5912	834
5912	836
5912	844
5912	845
5912	851
5912	866
5912	868
5912	869
5912	870
5912	873
5912	876
5912	877
5912	879
5912	882
5912	884
5912	888
5912	895
5912	899
5912	903
5912	905
5912	907
5912	911
5912	926
5912	930
5912	931
5912	932
5912	943
5912	960
5912	987
5912	1007
5912	1009
5912	1027
5912	1033
5912	1044
5912	1059
5912	1060
5912	1061
5912	1072
5912	1091
5912	1092
5912	1094
5912	1098
5912	1113
5912	1139
5912	1143
5912	1144
5912	1145
5912	1151
5912	1169
5912	1170
5912	1180
5912	1191
5912	1193
5912	1208
5912	1210
5912	1254
5912	1268
5912	1272
5912	1334
5912	1347
5912	1354
5912	1360
5912	1361
5912	1382
5912	1404
5912	1407
5912	1413
5912	1424
5912	1425
5912	1450
5912	1452
5912	1482
5912	1544
5912	1570
5912	1571
5912	1591
5912	1592
5912	1597
5912	1622
5912	1674
5912	1677
5912	1678
5912	1682
5912	1713
5912	1716
5912	1732
5912	1757
5912	1761
5912	1767
5912	1789
5912	1827
5912	1833
5912	1843
5912	1859
5912	1883
5912	1905
5912	1909
5912	1910
5912	1918
5912	1920
5912	1966
5912	1973
5912	1974
5912	1976
5912	1981
5912	1983
5912	1998
5912	2013
5912	2030
5912	2045
5912	2056
5912	2073
5912	2127
5912	2134
5912	2135
5912	2141
5912	2143
5912	2186
5912	2191
5912	2226
5912	2290
5912	2291
5912	2334
5912	2349
5912	2360
5912	2366
5912	2551
5912	2552
5912	2564
5912	2565
5912	2568
5912	2572
5912	2573
5912	2588
5912	2617
5912	2625
5912	2646
5912	2666
5912	2783
5912	2804
5912	2805
5912	2806
5912	2807
5912	2817
5912	2818
5912	2820
5912	2838
5912	2841
5912	2846
5912	2847
5912	2856
5912	2857
5912	2860
5912	2881
5912	2909
5912	2911
5912	2912
5912	2913
5912	2914
5912	2915
5912	2916
5912	2917
5912	2919
5912	2924
5912	2928
5912	2931
5912	2932
5912	2935
5912	2938
5912	2949
5912	2950
5912	2951
5912	2952
5912	2961
5912	2963
5912	2966
5912	2968
5912	2969
5912	2983
5912	2985
5912	2991
5912	2999
5912	3000
5912	3004
5912	3005
5912	3020
5912	3022
5912	3025
5912	3027
5912	3028
5912	3031
5912	3032
5912	3036
5912	3045
5912	3047
5912	3052
5912	3055
5912	3067
5912	3068
5912	3115
5912	3124
5912	3126
5912	3127
5912	3141
5912	3142
5912	3144
5912	3145
5912	3153
5912	3174
5912	3176
5912	3203
5912	3228
5912	3239
26	3224
3224	5945
28	3225
3225	5949
29	3226
3226	1961
3226	1962
3226	5949
30	5913
5913	86
5913	93
5913	177
5913	255
5913	424
5913	425
5913	3446
5913	3322
5913	3324
5913	3391
5913	3321
5913	3328
5913	3330
5913	3442
5913	3531
5913	3707
31	3227
3227	6475
32	3228
3228	1738
3228	1740
33	3229
3229	5982
34	3230
3230	35
3230	6476
36	3231
37	3232
3232	5941
38	3233
38	5914
3233	46
3233	5941
5914	73
5914	75
5914	76
5914	78
5914	83
5914	91
5914	111
5914	126
5914	150
5914	162
5914	171
5914	176
5914	184
5914	193
5914	201
5914	203
5914	218
5914	244
5914	251
5914	257
5914	258
5914	268
5914	275
5914	282
5914	288
5914	295
5914	297
5914	299
5914	334
5914	348
5914	352
5914	370
5914	371
5914	377
5914	381
5914	382
5914	383
5914	405
5914	406
5914	412
5914	413
5914	419
5914	423
5914	435
5914	472
5914	475
5914	493
5914	497
5914	502
5914	511
5914	514
5914	533
5914	559
5914	562
5914	571
5914	578
5914	579
5914	582
5914	584
5914	603
5914	637
5914	645
5914	648
5914	656
5914	658
5914	662
5914	686
5914	698
5914	717
5914	726
5914	748
5914	766
5914	789
5914	794
5914	810
5914	815
5914	818
5914	823
5914	855
5914	858
5914	862
5914	883
5914	885
5914	886
5914	887
5914	929
5914	973
5914	980
5914	1004
5914	1074
5914	1102
5914	1105
5914	1117
5914	1119
5914	1133
5914	1164
5914	1274
5914	1276
5914	1310
5914	1311
5914	1327
5914	1336
5914	1339
5914	1371
5914	1376
5914	1421
5914	1429
5914	1451
5914	1457
5914	1477
5914	1486
5914	1492
5914	1513
5914	1515
5914	1517
5914	1519
5914	1540
5914	1551
5914	1554
5914	1559
5914	1560
5914	1562
5914	1648
5914	1665
5914	1669
5914	1728
5914	1747
5914	1774
5914	1885
5914	1957
5914	2061
5914	2441
5914	2598
5914	2628
5914	2673
5914	2768
5914	2774
5914	2785
5914	2886
5914	2893
5914	2953
5914	3030
5914	3072
5914	3251
5914	3289
5914	3308
5914	3320
5914	4265
5914	3627
5914	5720
5914	5858
39	3234
39	5915
3234	136
3234	153
3234	5941
5915	42
5915	117
5915	353
5915	2397
5915	2507
5915	2831
5915	2836
5915	4496
5915	4536
5915	4542
5915	4549
5915	4633
5915	4684
5915	4823
5915	4987
5915	5743
5915	5747
5915	5754
5915	5078
5915	5349
5915	5368
5915	5391
5915	5395
40	3235
3235	574
3235	5941
41	3236
3236	42
3236	575
3236	5941
43	3237
3237	5941
44	3238
44	5916
3238	5948
45	5917
47	3239
3239	1264
48	3240
3240	5945
49	3241
49	5918
5918	52
5918	80
5918	102
50	5919
5919	56
5919	3427
51	3242
3242	5941
52	3243
3243	61
3243	5941
53	3244
53	5920
3244	55
3244	57
3244	454
3244	780
3244	1936
3244	5982
5920	128
54	3245
54	5921
3245	58
3245	5941
56	3246
3246	59
3246	62
3246	63
3246	5982
57	5922
5922	167
58	5923
5923	70
5923	96
5923	124
5923	131
5923	133
5923	194
5923	3247
5923	3277
5923	3346
5923	3279
5923	3283
5923	3284
5923	3287
5923	3288
5923	3294
60	3247
60	5924
3247	673
3247	1614
5924	61
5924	94
5924	130
5924	276
5924	300
5924	303
5924	360
5924	385
5924	446
5924	500
5924	611
5924	642
5924	659
5924	687
5924	690
5924	771
5924	787
5924	1366
5924	1406
5924	1426
5924	1455
5924	3533
5924	3575
5924	3679
5924	3708
5924	5136
62	5925
64	3248
3248	6302
65	3249
66	3250
3250	5941
67	3251
67	5926
5926	97
5926	98
5926	114
5926	116
5926	120
5926	158
5926	159
5926	161
5926	170
5926	172
5926	173
5926	231
5926	3280
5926	3310
68	3252
69	3253
69	5927
3253	71
3253	112
3253	5932
5927	3255
5927	3259
70	3254
3254	84
3254	5941
72	3255
73	3256
3256	77
3256	5941
74	3257
3257	75
3257	85
3257	2808
3257	5941
76	3258
3258	5932
77	5928
5928	316
5928	3265
78	3259
3259	79
3259	80
3259	81
79	5929
5929	140
5929	149
5929	154
5929	156
5929	163
5929	247
5929	298
5929	302
5929	322
5929	327
5929	343
5929	356
5929	359
5929	429
5929	434
5929	436
5929	455
5929	486
5929	534
5929	538
5929	548
5929	563
5929	581
5929	587
5929	608
5929	618
5929	619
5929	622
5929	638
5929	649
5929	650
5929	660
5929	695
5929	716
5929	744
5929	759
5929	761
5929	777
5929	782
5929	807
5929	860
5929	889
5929	915
5929	919
5929	925
5929	959
5929	1024
5929	1034
5929	1077
5929	1127
5929	1177
5929	1181
5929	1189
5929	1190
5929	1213
5929	1238
5929	1250
5929	1256
5929	1273
5929	1287
5929	1301
5929	1302
5929	1306
5929	1307
5929	1315
5929	1349
5929	1357
5929	1367
5929	1402
5929	1414
5929	1418
5929	1423
5929	1469
5929	1470
5929	1495
5929	1553
5929	1574
5929	1593
5929	1594
5929	1608
5929	1618
5929	1651
5929	1662
5929	1688
5929	1694
5929	1704
5929	1710
5929	1737
5929	1742
5929	1845
5929	1872
5929	1963
5929	1996
5929	2005
5929	2025
5929	2051
5929	2067
5929	2104
5929	2129
5929	2153
5929	2182
5929	2222
5929	2246
5929	2410
5929	2425
5929	2451
5929	2489
5929	2490
5929	2500
5929	2506
5929	2513
5929	2515
5929	2547
5929	2597
5929	2629
5929	2654
5929	2692
5929	2719
5929	2990
5929	3394
82	3260
83	3261
86	3262
3262	88
3262	3042
3262	5941
87	3263
87	5930
89	3264
89	5931
5931	616
5931	1042
5931	1322
5931	1324
5931	1326
5931	1397
5931	1711
5931	1865
5931	2381
5931	2832
5931	3362
5931	3413
5931	5558
5931	3422
5931	3508
5931	3564
5931	3594
5931	3610
5931	3632
5931	3639
5931	3988
5931	5697
5931	5698
5931	4811
5931	4825
5931	4918
90	3265
90	5932
3265	91
5932	3267
92	3266
92	5933
3266	5941
5933	249
93	3267
3267	2463
94	3268
3268	220
3268	6067
95	3269
95	5934
3269	6477
96	3270
3270	97
3270	106
3270	5941
98	3271
3271	103
3271	5944
99	3272
3272	107
3272	5941
100	3273
3273	101
3273	102
3273	108
3273	2094
3273	6478
104	3274
3274	5941
105	3275
3275	5941
107	5935
108	5936
5936	293
5936	741
5936	790
5936	792
5936	874
5936	3696
109	3276
3276	111
3276	115
3276	135
3276	5941
110	3277
112	5937
113	3278
3278	320
3278	5941
114	3279
3279	118
115	5938
5938	212
5938	219
5938	224
5938	248
5938	254
5938	262
5938	266
5938	292
5938	313
5938	329
5938	438
5938	464
5938	476
5938	485
5938	633
5938	669
5938	683
5938	694
5938	710
5938	750
5938	859
5938	902
5938	917
5938	935
5938	956
5938	977
5938	1163
5938	1255
5938	1279
5938	1280
5938	1300
5938	1379
5938	1390
5938	1525
5938	1579
5938	1604
5938	1616
5938	1741
5938	1748
5938	1752
5938	1785
5938	1816
5938	1855
5938	1897
5938	1962
5938	1969
5938	1995
5938	2099
5938	2111
5938	2152
5938	2172
5938	2177
5938	2201
5938	2211
5938	2236
5938	2267
5938	2369
5938	2388
5938	2394
5938	2419
5938	2482
5938	2508
5938	2596
5938	2599
5938	2618
5938	2623
5938	2631
5938	2634
5938	2637
5938	2663
5938	2680
5938	2681
5938	2686
5938	2693
5938	2705
5938	2714
5938	2736
5938	2737
5938	2740
5938	2780
5938	2834
5938	2925
5938	3093
5938	3098
5938	3129
5938	3148
5938	3164
116	3280
117	3281
3281	120
3281	6176
119	3282
121	3283
122	3284
3284	126
3284	127
123	3285
123	5939
3285	124
125	3286
3286	129
128	3287
129	5940
5940	3335
130	3288
131	3289
3289	258
132	3290
3290	3135
133	3291
3291	964
3291	965
134	3292
3292	147
3292	6479
135	5941
5941	138
5941	181
5941	198
5941	199
5941	225
5941	415
5941	474
5941	530
5941	536
5941	594
5941	599
5941	612
5941	634
5941	664
5941	665
5941	675
5941	677
5941	701
5941	702
5941	703
5941	711
5941	778
5941	779
5941	781
5941	825
5941	912
5941	949
5941	1076
5941	1330
5941	1385
5941	1416
5941	1431
5941	1438
5941	1456
5941	1483
5941	3389
5941	3350
5941	3293
5941	3302
5941	3411
5941	3325
5941	3306
5941	3307
5941	3313
5941	3347
5941	3354
5941	3333
5941	3360
5941	3334
5941	3628
136	5942
5942	148
5942	211
5942	246
5942	259
5942	267
5942	285
5942	362
5942	384
5942	518
5942	2501
137	3293
138	3294
139	3295
140	3296
3296	5982
141	3297
142	3298
142	5943
143	3299
143	5944
3299	145
3299	5944
5944	155
5944	330
5944	374
5944	392
5944	399
5944	3301
5944	3311
5944	3326
5944	3383
144	3300
144	5945
3300	5945
5945	264
5945	3323
5945	3376
5945	5557
146	3301
146	5946
5946	183
5946	216
148	3302
149	3303
3303	6480
150	3304
3304	152
3304	6095
151	3305
153	5947
154	3306
3306	157
155	3307
3307	156
3307	167
3307	706
158	3308
3308	162
159	3309
3309	163
3309	6168
160	3310
161	3311
164	3312
3312	6481
165	3313
3313	168
166	3314
166	5948
3314	542
3314	627
3314	1563
3314	1960
3314	6168
168	5949
5949	185
5949	278
5949	448
5949	3387
5949	3315
5949	3331
5949	3349
5949	4859
169	3315
3315	254
170	3316
171	3317
3317	223
172	3318
3318	6067
173	3319
3319	6168
174	3320
175	3321
176	3322
177	3323
178	3324
3324	1299
179	3325
180	3326
3326	185
181	3327
3327	864
3327	1142
3327	1481
3327	6482
182	3328
183	3329
184	3330
186	3331
187	3332
3332	6168
188	3333
189	3334
190	3335
190	5950
5950	195
5950	239
5950	495
5950	577
191	3336
3336	212
3336	1581
3336	1695
3336	2866
3336	5953
192	3337
3337	193
3337	6484
194	3338
3338	6484
195	3339
3339	6483
196	3340
196	5951
3340	549
3340	6484
5951	739
5951	788
5951	1017
5951	1160
5951	1232
5951	1288
5951	1374
5951	1377
5951	1555
5951	1768
5951	1786
5951	1813
5951	1818
5951	1879
5951	2069
5951	2163
5951	2210
5951	2224
5951	2247
5951	2432
5951	2483
5951	2561
5951	2576
5951	2604
5951	2641
5951	2642
5951	2699
5951	2802
5951	2837
5951	2965
5951	2975
5951	3026
5951	3080
5951	3099
5951	3104
5951	3105
5951	3128
5951	3147
5951	3166
5951	3170
5951	3204
5951	3206
197	3341
197	5952
3341	6168
198	3342
3342	6484
199	3343
3343	203
3343	6484
200	3344
200	5953
3344	5953
5953	210
5953	3189
5953	5555
5953	3352
201	3345
3345	202
3345	6480
202	5954
204	3346
204	5955
3346	3118
5955	205
5955	208
5955	209
5955	223
5955	242
5955	279
5955	284
5955	301
5955	338
5955	768
5955	829
5955	893
5955	2864
5955	2867
5955	3359
5955	3419
5955	3425
5955	5585
5955	3794
5955	3827
5955	4449
5955	5300
5955	5502
205	3347
206	3348
3348	264
3348	271
3348	6474
207	3349
207	5956
5956	233
5956	240
5956	277
5956	291
5956	345
5956	3650
208	3350
209	3351
3351	219
3351	6168
210	3352
3352	215
3352	218
3352	226
3352	273
3352	1697
211	3353
3353	213
3353	221
3353	5969
213	5957
5957	4061
214	3354
214	5958
5958	215
5958	232
5958	260
5958	261
5958	270
5958	354
5958	3365
5958	3368
5958	3364
5958	3372
5958	3375
5958	3384
5958	3386
5958	3449
216	3355
217	3356
217	5959
3356	241
3356	5959
5959	605
5959	751
5959	752
5959	753
5959	754
5959	3638
5959	3624
5959	3634
5959	3635
5959	3703
5959	3724
5959	3729
220	5960
5960	5559
5960	5621
5960	4287
5960	5660
221	5961
5961	222
5961	230
5961	245
5961	274
5961	346
5961	427
5961	453
5961	519
5961	878
5961	3358
5961	3363
5961	3385
5961	3396
5961	3398
5961	3403
5961	5560
5961	3770
5961	3950
5961	4162
5961	4652
222	3357
3357	252
224	3358
225	3359
3359	227
227	5962
5962	271
228	3360
228	5963
3360	230
3360	319
229	3361
231	3362
3362	232
233	3363
3363	315
3363	318
234	3364
3364	235
236	3365
236	5964
3365	238
3365	239
5964	265
5964	1293
5964	3756
237	3366
3366	6486
238	5965
240	3367
3367	5967
241	5966
242	3368
243	3369
243	5967
5967	1289
5967	2536
5967	5050
244	3370
3370	1536
3370	6485
245	3371
246	3372
3372	247
3372	248
3372	249
250	3373
3373	251
3373	6487
252	5968
5968	280
5968	667
5968	2250
5968	5556
253	3374
253	5969
3374	5969
5969	321
5969	3412
255	3375
3375	256
256	5970
5970	294
257	3376
259	3377
3377	6488
260	3378
3378	263
3378	6489
261	3379
3379	6490
262	3380
3380	6491
263	5971
5971	319
5971	320
5971	333
5971	400
5971	651
5971	714
5971	715
5971	769
5971	1265
5971	1687
5971	2808
5971	5597
5971	4155
5971	5674
265	3381
3381	266
3381	268
3381	269
3381	1977
3381	6150
267	3382
3382	283
3382	6150
270	3383
3383	272
273	5972
274	3384
3384	275
276	3385
3385	279
277	3386
278	3387
280	3388
3388	6493
281	3389
281	5973
5973	3418
282	3390
3390	6492
283	5974
5974	286
5974	290
5974	308
5974	318
5974	324
5974	339
5974	390
5974	468
284	3391
285	3392
3392	286
3392	287
3392	306
3392	1797
3392	1798
287	5975
288	3393
3393	6494
289	3394
3394	292
290	3395
3395	294
3395	6495
291	3396
293	3397
3397	6496
295	3398
3398	296
297	3399
3399	304
3399	6497
298	3400
3400	6477
299	3401
3401	6498
300	3402
3402	6479
301	3403
3403	314
302	3404
303	3405
3405	6499
305	3406
305	5976
306	5977
5977	312
5977	314
5977	317
5977	331
5977	335
5977	347
5977	357
5977	484
5977	513
5977	527
5977	531
5977	539
5977	540
5977	550
5977	560
5977	672
5977	676
5977	689
5977	691
5977	692
5977	722
5977	2198
5977	3186
5977	3566
5977	3602
307	3407
307	5978
3407	308
3407	6500
5978	389
5978	451
5978	456
5978	457
5978	459
5978	469
5978	473
5978	478
5978	483
5978	487
5978	488
5978	491
5978	492
5978	503
5978	561
5978	565
5978	592
5978	661
5978	718
5978	719
5978	736
5978	738
5978	800
5978	802
5978	808
5978	809
5978	835
5978	840
5978	924
5978	1518
5978	3515
5978	3525
5978	3664
5978	3758
309	3408
3408	326
3408	6501
310	3409
3409	6502
311	3410
311	5979
3410	6499
312	3411
313	3412
3412	321
315	5980
316	3413
317	3414
3414	6474
322	3415
3415	330
3415	353
3415	6503
323	3416
323	5981
3416	325
3416	338
3416	6503
324	3417
3417	6503
325	5982
5982	402
5982	516
5982	517
5982	541
5982	963
5982	3524
326	5983
327	3418
328	3419
3419	329
331	3420
3420	6505
332	3421
3421	334
333	3422
335	3423
336	3424
337	3425
339	3426
3426	350
3426	6506
340	3427
340	5984
5984	341
5984	401
5984	520
341	3428
3428	6504
342	3429
3429	6507
343	3430
3430	6176
344	3431
3431	6499
345	3432
3432	6067
346	3433
3433	6508
347	3434
3434	348
3434	6491
349	3435
3435	6509
351	3436
3436	352
3436	357
3436	1237
3436	6510
354	3437
3437	1049
3437	6511
355	3438
356	3439
3439	6512
358	3440
3440	6176
359	3441
3441	6491
360	3442
3442	366
361	3443
3443	6176
362	3444
3444	5987
363	3445
363	5985
3445	6513
5985	366
5985	367
5985	376
5985	444
5985	568
5985	730
5985	743
5985	760
5985	952
5985	958
5985	994
5985	999
5985	1006
5985	1080
5985	1089
5985	1093
5985	1131
5985	1132
5985	1167
5985	1176
5985	1202
5985	1231
5985	1251
5985	1253
5985	1267
5985	1303
5985	1304
5985	1316
5985	1318
5985	1320
5985	1346
5985	1362
5985	1380
5985	1387
5985	1388
5985	1441
5985	1466
5985	1471
5985	1475
5985	1478
5985	1479
5985	1488
5985	1491
5985	1494
5985	1508
5985	1512
5985	1564
5985	1566
5985	1567
5985	1582
5985	1607
5985	1625
5985	1633
5985	1636
5985	1660
5985	1663
5985	1671
5985	1680
5985	1715
5985	1722
5985	1723
5985	1724
5985	1769
5985	1773
5985	1810
5985	1822
5985	1841
5985	1856
5985	1871
5985	1895
5985	1923
5985	1940
5985	1950
5985	1965
5985	1968
5985	1975
5985	1997
5985	2001
5985	2087
5985	2097
5985	2098
5985	2108
5985	2109
5985	2113
5985	2118
5985	2119
5985	2123
5985	2137
5985	2139
5985	2167
5985	2183
5985	2188
5985	2207
5985	2209
5985	2241
5985	2319
5985	2353
5985	2365
5985	2373
5985	2383
5985	2393
5985	2421
5985	2430
5985	2495
5985	2498
5985	2524
5985	2545
5985	2546
5985	2557
5985	2558
5985	2559
5985	2577
5985	2580
5985	2582
5985	3452
5985	4813
5985	3973
5985	5631
5985	4983
5985	5752
364	3446
364	5986
3446	371
365	3447
3447	6514
367	3448
3448	6480
368	3449
3449	369
370	3450
3450	2836
3450	6515
372	3451
372	5987
3451	5987
5987	378
5987	3457
5987	4272
373	3452
3452	482
3452	737
374	3453
3453	6516
375	3454
3454	1265
3454	2350
3454	6016
376	3455
3455	6517
377	3456
3456	1064
3456	6520
378	3457
379	3458
3458	380
3458	6521
381	3459
3459	6491
382	3460
3460	6171
383	3461
3461	6524
384	3462
3462	6523
385	3463
3463	388
3463	6521
386	3464
3464	6526
387	3465
3465	5997
389	3466
3466	6519
390	3467
3467	6525
391	3468
3468	6527
392	3469
3469	394
3469	5988
393	3470
3470	6067
394	5988
395	3471
3471	6528
396	3472
3472	6521
397	3473
3473	6529
398	3474
3474	6530
399	3475
3475	6531
400	3476
3476	6521
401	3477
3477	6476
402	3478
3478	5997
403	3479
403	5989
3479	405
3479	407
3479	6046
404	3480
404	5990
3480	408
3480	5990
5990	3485
406	3481
3481	425
3481	6532
407	5991
408	5992
5992	409
5992	418
409	3482
3482	6533
410	3483
410	5993
3483	6176
5993	411
5993	1344
5993	1345
5993	1445
5993	2763
5993	2778
411	3484
3484	412
3484	6534
413	3485
414	3486
3486	6535
415	3487
3487	6538
416	3488
3488	6539
417	3489
3489	6046
418	3490
3490	419
3490	6540
420	3491
3491	424
3491	6539
421	3492
421	5994
3492	6542
5994	604
422	3493
422	5995
3493	423
3493	643
3493	6541
426	3494
426	5996
3494	427
3494	428
3494	6095
429	3495
3495	6543
430	3496
3496	6544
431	3497
431	5997
3497	432
3497	5997
5997	4812
432	5998
433	3498
3498	434
3498	6023
435	3499
3499	6545
436	3500
3500	6547
437	3501
3501	6548
438	3502
3502	6549
439	3503
439	5999
3503	6543
5999	5561
5999	4312
440	3504
440	6000
3504	6546
6000	442
6000	443
6000	450
6000	467
6000	955
6000	1759
6000	1765
441	3505
3505	6550
442	3506
3506	6542
443	3507
3507	6035
444	3508
445	3509
445	6001
3509	6537
6001	452
6001	460
6001	465
6001	466
6001	480
6001	494
6001	496
6001	509
6001	544
6001	644
6001	1031
6001	1100
6001	1126
6001	1137
6001	2716
6001	2728
6001	3519
6001	3546
6001	3614
6001	3979
6001	5677
446	3510
3510	6530
447	3511
447	6002
3511	6002
6002	3785
448	3512
3512	6551
449	3513
3513	6552
450	3514
3514	6553
451	3515
452	3516
3516	453
3516	6542
454	6003
455	3517
3517	467
3517	6554
456	3518
3518	6530
457	3519
3519	466
458	3520
3520	6555
459	3521
3521	468
3521	6556
460	3522
3522	461
3522	6480
462	3523
3523	6076
463	3524
463	6004
3524	464
465	3525
469	3526
3526	6557
470	3527
3527	6016
471	3528
471	6005
3528	6135
6005	564
6005	632
6005	680
6005	682
6005	699
6005	700
6005	1234
6005	1235
6005	1282
6005	1313
6005	1485
6005	1987
6005	2526
6005	2538
6005	2622
6005	2664
6005	2667
6005	2689
6005	2927
6005	3569
6005	3666
6005	5052
472	3529
3529	473
3529	6529
474	3530
3530	475
3530	6558
476	3531
3531	477
478	3532
3532	6552
479	3533
480	3534
481	3535
481	6006
3535	6006
482	6007
483	3536
3536	6561
484	3537
485	3538
3538	6565
486	3539
3539	487
3539	6566
488	3540
3540	489
3540	6567
489	6008
6008	4362
6008	3555
490	3541
490	6009
3541	6009
6009	3547
6009	3550
6009	5573
491	3542
3542	6568
492	3543
3543	6570
493	3544
3544	6569
494	3545
3545	500
3545	6571
495	3546
496	3547
3547	507
497	3548
3548	6572
498	3549
498	6010
3549	6560
6010	1443
6010	2655
499	3550
501	3551
3551	6152
502	3552
3552	503
3552	6573
504	3553
3553	6035
505	3554
3554	6058
506	3555
507	6011
508	3556
3556	6563
509	3557
510	3558
511	3559
3559	515
3559	6574
512	3560
512	6012
3560	6012
6012	522
6012	3565
513	3561
3561	6571
514	3562
3562	1199
3562	6067
515	6013
516	3563
3563	517
3563	518
3563	6575
519	3564
3564	543
520	3565
3565	521
3565	522
521	6014
523	3566
523	6015
3566	524
3566	527
6015	524
6015	3568
525	3567
3567	6018
526	3568
526	6016
528	3569
528	6017
529	3570
3570	6577
530	3571
531	3572
3572	533
3572	6576
532	3573
532	6018
3573	6018
6018	5566
6018	3576
6018	3578
6018	3582
6018	3595
6018	3626
6018	5574
6018	3644
6018	5576
6018	3661
6018	3665
6018	3677
6018	3674
6018	3682
6018	5580
6018	3697
6018	3695
6018	5581
534	3574
3574	6578
535	3575
536	3576
537	3577
3577	6580
538	3578
3578	540
539	3579
3579	6021
541	3580
3580	6581
542	6019
6019	627
6019	937
543	6020
6020	555
6020	1461
544	3581
3581	6035
545	3582
546	3583
3583	568
3583	6582
547	3584
547	6021
3584	6584
6021	572
6021	696
6021	742
6021	749
6021	906
6021	1290
6021	1529
6021	1589
6021	1606
6021	1624
6021	1731
6021	1735
6021	1771
6021	1783
6021	1804
6021	1844
6021	1848
6021	1849
6021	1925
6021	1929
6021	1945
6021	1947
6021	2021
6021	2024
6021	2035
6021	2055
6021	2071
6021	2080
6021	2242
6021	2256
6021	3673
6021	4350
6021	5568
6021	3801
6021	4283
6021	4324
6021	4334
6021	4359
6021	4356
6021	4436
6021	5661
6021	4501
6021	4700
548	3585
3585	602
550	3586
3586	6586
551	3587
3587	555
3587	6100
552	3588
3588	6583
553	3589
3589	6585
554	3590
3590	6532
556	3591
556	6022
3591	558
3591	6023
6022	720
557	3592
3592	6587
558	6023
6023	1112
6023	3615
6023	3593
6023	3984
6023	5594
6023	3990
6023	3994
6023	4050
6023	4059
6023	4062
6023	5609
6023	4200
6023	4276
6023	4284
559	3593
3593	561
560	3594
562	3595
563	3596
3596	565
3596	566
3596	567
3596	6589
564	3597
3597	6530
566	6024
567	6025
569	3598
3598	6026
570	3599
570	6026
3599	6591
6026	576
6026	1271
6026	1635
6026	1637
6026	1664
6026	1679
6026	1726
6026	2146
6026	2160
6026	2162
6026	2168
6026	3179
6026	3897
6026	4074
6026	4379
6026	5650
6026	4389
6026	4390
6026	4738
6026	4430
6026	4739
6026	5387
6026	5855
6026	5875
571	3600
3600	572
3600	573
3600	6593
573	6027
574	6028
6028	575
576	3601
3601	577
3601	6512
578	3602
579	3603
3603	6592
580	3604
3604	6538
581	3605
3605	6480
582	3606
3606	6588
583	3607
3607	6594
584	3608
3608	6595
585	3609
3609	6046
586	3610
587	3611
3611	6596
588	3612
588	6029
3612	589
3612	841
3612	1150
3612	2821
3612	6596
590	3613
3613	6596
591	3614
592	3615
593	3616
3616	599
3616	6597
594	3617
3617	6035
595	3618
3618	597
596	3619
596	6030
3619	6563
6030	704
6030	805
6030	821
6030	822
6030	831
6030	832
6030	839
6030	872
6030	891
6030	1161
6030	1182
6030	1291
6030	1398
6030	1401
6030	1437
6030	1474
6030	1484
6030	1489
6030	1490
6030	1542
6030	1654
6030	1791
6030	2012
6030	2116
6030	2187
6030	2195
6030	2240
6030	2244
6030	2511
6030	2518
6030	2523
6030	2636
6030	2720
6030	2811
6030	2918
6030	2996
6030	3110
6030	3117
6030	3139
6030	3157
597	6031
6031	636
6031	657
598	3620
3620	6152
600	3621
600	6032
3621	6590
6032	1296
601	3622
3622	2249
3622	6598
603	3623
3623	6061
604	3624
3624	605
606	3625
3625	6051
607	3626
607	6033
6033	615
6033	654
6033	740
6033	765
6033	770
6033	814
6033	838
6033	852
6033	984
6033	1023
6033	1041
6033	1873
6033	1982
6033	2075
6033	2420
6033	2556
6033	5022
608	3627
3627	610
609	3628
3628	611
3628	1701
612	3629
3629	6599
613	3630
3630	6597
614	3631
3631	615
3631	6600
616	3632
617	3633
617	6034
3633	626
3633	6550
6034	944
618	3634
3634	752
619	3635
3635	753
620	3636
620	6035
3636	6035
6035	625
6035	991
6035	1011
6035	1022
6035	1352
6035	1448
6035	1541
6035	1902
6035	3640
6035	3877
6035	3901
6035	3918
6035	5593
6035	3978
6035	5599
6035	4046
6035	4149
6035	4223
6035	4291
6035	4468
6035	4556
6035	4557
6035	5825
6035	5272
6035	5833
621	3637
622	3638
3638	754
3638	1067
623	3639
3639	624
624	6036
625	3640
626	6037
6037	631
6037	643
6037	709
6037	721
6037	757
6037	813
6037	816
6037	875
6037	927
6037	928
6037	942
6037	990
6037	1002
6037	1048
6037	1101
6037	1109
6037	1171
6037	1178
6037	1198
6037	1201
6037	1212
6037	1218
6037	1229
6037	1230
6037	1266
6037	1278
6037	1283
6037	1298
6037	1321
6037	1343
6037	1348
6037	1369
6037	1383
6037	1396
6037	1436
6037	1460
6037	1511
6037	1516
6037	1557
6037	1569
6037	1601
6037	1628
6037	1631
6037	1657
6037	1670
6037	1673
6037	1717
6037	1730
6037	1734
6037	1754
6037	1762
6037	1763
6037	1799
6037	1800
6037	1812
6037	1817
6037	1853
6037	1854
6037	1857
6037	1884
6037	1886
6037	1930
6037	1931
6037	1939
6037	1959
6037	2010
6037	2015
6037	2038
6037	2052
6037	2059
6037	2065
6037	2079
6037	2096
6037	2107
6037	2125
6037	2130
6037	2150
6037	2176
6037	2179
6037	2184
6037	2252
6037	2257
6037	2310
6037	2318
6037	2324
6037	2341
6037	2372
6037	2385
6037	2434
6037	2445
6037	2455
6037	2457
6037	2479
6037	2540
6037	2585
6037	2586
6037	2589
6037	2591
6037	2592
6037	2593
6037	2612
6037	2613
6037	2614
628	3641
3641	6603
629	3642
3642	6604
630	3643
3643	632
3643	6605
631	3644
3644	634
633	3645
3645	6606
635	3646
3646	6608
636	3647
3647	6607
637	3648
3648	6609
638	3649
3649	639
3649	6609
640	3650
640	6038
6038	705
6038	706
6038	1611
6038	1612
6038	1613
6038	1614
6038	1619
6038	1620
6038	1868
6038	3986
6038	3925
6038	3927
6038	4530
6038	4599
6038	5685
641	3651
3651	6602
642	3652
3652	644
3652	6476
645	3653
3653	646
3653	6610
647	3654
3654	651
3654	652
3654	6611
648	3655
3655	6608
649	3656
3656	6538
650	3657
3657	6610
652	6039
653	3658
653	6040
3658	655
3658	657
3658	665
3658	688
3658	6044
6040	918
6040	920
6040	1617
6040	2196
6040	3833
654	3659
3659	6615
656	3660
3660	6613
658	3661
659	3662
3662	6597
660	3663
3663	6046
661	3664
662	3665
663	3666
663	6041
3666	667
3666	680
6041	2002
6041	2194
664	3667
3667	6616
666	3668
3668	6617
668	3669
3669	848
3669	6078
669	3670
3670	670
3670	6480
670	6042
6042	674
6042	697
6042	784
6042	811
6042	817
6042	833
6042	846
6042	850
6042	1847
6042	1866
6042	3780
6042	5665
671	3671
3671	6619
672	3672
3672	679
3672	6618
673	6043
6043	1158
6043	1359
6043	1468
6043	4517
6043	5676
6043	4601
6043	5770
674	3673
675	3674
676	3675
3675	6620
677	3676
3676	6621
678	3677
681	3678
3678	6622
682	3679
683	3680
3680	6623
684	3681
685	3682
3682	686
687	3683
3683	693
688	6044
6044	3684
689	3684
3684	690
691	3685
3685	705
3685	6046
692	3686
3686	696
3686	6542
694	3687
3687	697
3687	698
3687	6542
695	3688
3688	6480
699	3689
3689	6624
700	3690
3690	702
3690	6045
701	3691
3691	6597
703	3692
3692	6625
704	3693
3693	6046
707	3694
707	6045
3694	6626
6045	708
6045	762
6045	786
6045	3698
6045	3709
6045	3712
6045	3751
708	3695
709	3696
710	3697
3697	1992
3697	3190
711	3698
712	3699
3699	6051
713	3700
713	6046
3700	6046
6046	775
6046	5579
6046	3702
6046	3739
6046	3743
6046	3744
6046	3757
6046	3755
6046	4361
6046	3765
6046	3767
6046	3791
6046	3825
6046	3828
6046	3834
6046	5588
6046	3952
6046	4002
6046	4045
6046	5606
6046	5607
6046	4188
6046	4403
6046	4404
6046	4473
6046	4485
6046	4486
6046	4492
6046	4705
6046	4752
6046	5713
6046	4763
6046	4760
6046	4928
6046	4960
6046	5329
714	3701
3701	6067
715	3702
716	3703
717	3704
3704	720
3704	721
3704	723
3704	6628
718	3705
3705	6627
719	3706
3706	1640
3706	6622
722	3707
723	6047
724	3708
725	3709
725	6048
6048	4016
6048	4049
6048	4053
6048	4656
726	3710
3710	6629
727	3711
727	6049
3711	728
3711	729
3711	730
3711	731
3711	732
3711	734
3711	2091
3711	2575
3711	6628
6049	3900
728	6050
729	6051
6051	801
6051	1196
6051	1375
6051	2032
6051	2530
6051	5605
6051	4494
6051	4624
6051	4706
6051	5133
6051	4869
6051	5046
6051	5279
731	6052
732	6053
733	3712
734	6054
6054	1015
6054	1018
6054	1021
6054	1026
6054	1040
6054	1047
6054	1096
6054	1097
6054	1104
6054	1123
6054	1125
6054	1128
6054	1166
6054	1192
6054	1194
6054	1211
6054	1227
6054	1286
6054	1314
6054	1350
6054	1384
6054	1412
6054	1419
6054	1473
6054	1496
6054	1514
6054	1522
6054	1530
6054	1538
6054	1587
6054	1595
6054	1596
6054	1598
6054	1602
6054	1627
6054	1647
6054	1703
6054	1705
6054	1721
6054	1739
6054	1750
6054	1764
6054	1794
6054	1832
6054	1834
6054	1839
6054	1842
6054	1851
6054	1863
6054	1864
6054	1869
6054	1878
6054	1906
6054	1914
6054	1933
6054	1934
6054	1943
6054	1964
6054	1984
6054	2017
6054	2020
6054	2023
6054	2026
6054	2028
6054	2042
6054	2093
6054	2114
6054	2120
6054	2122
6054	2169
6054	2173
6054	2192
6054	2215
6054	2225
6054	2234
6054	2239
6054	2255
6054	2277
6054	2302
6054	2312
6054	2313
6054	2316
6054	2401
6054	2433
6054	2467
6054	2494
6054	2503
6054	2505
6054	2512
6054	2514
6054	2537
6054	2544
6054	2574
6054	2581
6054	2587
6054	2590
6054	2601
6054	2608
6054	2621
6054	2632
6054	2657
6054	2658
6054	2683
6054	2685
6054	2706
6054	2709
6054	2738
6054	2739
6054	2772
6054	2786
6054	2788
6054	2814
6054	2823
6054	2824
6054	2858
6054	2865
6054	2871
6054	2872
6054	2875
6054	2877
6054	2882
6054	2883
6054	2885
6054	2896
6054	2898
6054	2977
6054	2988
6054	2989
6054	2994
6054	2995
6054	3001
6054	3006
6054	3018
6054	3103
6054	3106
6054	3108
6054	3116
6054	3123
6054	3131
6054	3133
6054	3136
6054	3138
6054	3143
6054	3149
6054	3150
6054	3151
6054	3169
6054	3205
6054	3208
735	3713
3713	6630
736	3714
3714	6632
737	6055
738	3715
3715	6632
739	3716
3716	6631
740	3717
3717	6627
741	3718
3718	756
3718	6515
742	3719
3719	6633
743	3720
3720	745
3720	6083
744	3721
3721	3037
3721	6634
745	6056
6056	1417
6056	1867
6056	1948
6056	1949
6056	2287
746	3722
746	6057
3722	6057
6057	747
6057	4262
747	3723
3723	748
749	3724
3724	751
750	3725
3725	6637
755	3726
755	6058
3726	769
3726	6639
6058	756
6058	867
6058	896
6058	933
6058	941
6058	947
6058	948
6058	976
6058	1014
6058	1055
6058	1228
6058	1248
6058	1259
6058	1295
6058	1305
6058	1444
6058	1502
6058	1675
6058	1821
6058	3874
6058	3933
6058	5625
757	3727
3727	767
3727	6636
758	3728
759	3729
760	3730
3730	765
3730	805
3730	6627
761	3731
3731	762
3731	6640
763	3732
3732	6078
764	3733
3733	6491
766	3734
3734	6642
767	6059
768	3735
3735	770
771	3736
3736	772
3736	6643
773	3737
773	6060
3737	793
3737	6060
774	3738
774	6061
3738	6061
6061	5572
6061	3766
775	3739
776	3740
776	6062
3740	778
3740	797
3740	6644
777	3741
3741	6645
779	3742
3742	6646
780	6063
6063	910
6063	2101
6063	2156
6063	2197
6063	2497
6063	4781
6063	3839
6063	4698
781	3743
782	3744
783	3745
783	6064
3745	6562
6064	793
6064	1335
6064	1796
6064	1815
784	3746
3746	785
3746	6638
785	6065
6065	812
786	3747
3747	6647
787	3748
3748	6648
788	3749
3749	6108
789	3750
3750	1499
3750	6649
790	3751
3751	791
791	6066
792	3752
3752	811
3752	6644
794	3753
3753	6642
795	3754
795	6067
3754	6067
6067	3846
6067	3873
6067	3893
6067	5710
796	3755
797	6068
798	3756
798	6069
799	3757
800	3758
801	3759
3759	804
3759	6652
802	3760
3760	6650
803	3761
3761	6654
804	6070
806	3762
3762	6651
807	3763
3763	808
3763	6655
809	3764
3764	812
3764	6656
810	3765
813	3766
814	3767
815	3768
3768	816
3768	6079
817	3769
3769	6635
818	3770
819	3771
819	6071
3771	6657
6071	1129
6071	1706
6071	2464
6071	2921
820	3772
820	6072
3772	823
3772	6397
6072	2263
6072	2264
6072	2473
6072	2474
6072	2571
6072	3021
821	3773
3773	6659
822	3774
3774	6614
824	3775
824	6073
3775	825
3775	831
3775	6073
826	3776
3776	6658
827	3777
3777	6102
828	3778
828	6074
3778	6658
829	3779
3779	6629
830	3780
832	3781
3781	6241
833	3782
3782	6660
834	3783
3783	6662
835	3784
3784	6663
836	3785
3785	2844
837	3786
3786	6078
838	3787
3787	6596
839	3788
3788	1639
3788	6658
840	3789
3789	6581
841	6075
842	3790
842	6076
3790	6661
843	3791
3791	850
844	3792
845	3793
3793	6664
846	3794
847	3795
847	6077
3795	6597
848	6078
6078	4893
6078	3836
6078	3845
6078	5058
849	3796
849	6079
3796	6079
851	3797
3797	6665
852	3798
3798	853
3798	854
3798	855
3798	6611
853	6080
6080	972
6080	995
6080	1019
6080	1124
6080	1634
856	3799
856	6081
3799	6545
6081	863
6081	1056
6081	1063
6081	1088
6081	1116
6081	1244
6081	1317
6081	1458
6081	1476
6081	1586
6081	1656
6081	1811
6081	1814
6081	1826
6081	1967
6081	2078
6081	2133
6081	2140
6081	2147
6081	2158
6081	2159
6081	2217
6081	2235
6081	2769
6081	2981
6081	2987
857	3800
857	6082
3800	858
3800	6082
859	3801
3801	860
861	3802
861	6083
3802	6083
862	3803
3803	6666
863	3804
3804	866
864	6084
865	3805
3805	868
867	3806
3806	6096
869	3807
3807	6596
870	3808
3808	6085
871	3809
871	6085
3809	881
3809	6668
6085	892
6085	913
6085	921
6085	946
6085	968
6085	971
6085	1083
6085	1085
6085	1099
6085	1154
6085	1174
6085	1205
6085	1206
6085	1223
6085	1236
6085	1351
6085	1368
6085	1440
6085	1524
6085	1668
6085	1795
6085	2271
6085	2274
6085	2531
6085	2610
6085	3013
6085	3826
6085	3841
6085	3867
6085	3885
6085	3917
6085	3939
6085	3964
6085	3974
6085	3999
6085	4018
6085	4028
6085	4065
6085	5610
6085	5640
6085	4393
6085	5670
6085	5407
872	3810
3810	6669
873	3811
3811	6667
874	3812
3812	875
3812	890
3812	6564
876	3813
3813	6265
877	3814
3814	6265
878	3815
3815	6087
879	3816
3816	6671
880	3817
880	6086
3817	6670
6086	1079
6086	1207
881	6087
6087	3820
6087	4086
6087	4145
882	3818
3818	6618
883	3819
3819	6672
884	3820
885	3821
3821	894
3821	6089
886	3822
3822	888
3822	1543
3822	6654
887	3823
3823	6671
889	3824
3824	6673
890	6088
891	3825
892	3826
893	3827
894	6089
895	3828
896	3829
3829	897
3829	6185
897	6090
6090	900
6090	904
6090	922
6090	923
898	3830
898	6091
3830	6522
6091	901
899	3831
3831	6674
900	3832
3832	903
3832	1635
3832	6675
901	3833
902	3834
904	3835
3835	905
3835	906
3835	6530
907	3836
908	3837
3837	6676
909	3838
909	6092
3838	6654
6092	914
6092	1809
910	3839
911	3840
3840	912
913	3841
3841	982
914	3842
3842	6679
915	3843
3843	916
3843	6680
916	6093
6093	1025
6093	1090
6093	1399
917	3844
3844	918
3844	6677
919	3845
920	3846
3846	921
3846	922
923	3847
3847	6681
924	3848
925	3849
3849	6683
926	3850
3850	6102
927	3851
3851	6678
928	3852
3852	6685
929	3853
3853	930
931	3854
932	3855
3855	934
3855	6686
933	3856
3856	6687
935	3857
3857	6679
936	3858
3858	6688
937	3859
3859	6689
938	3860
3860	6691
939	3861
939	6094
3861	6690
6094	940
6094	961
6094	962
6094	965
6094	967
6094	974
6094	978
6094	979
6094	981
6094	982
6094	985
6094	986
6094	988
6094	989
6094	992
6094	996
6094	997
6094	1001
6094	1003
6094	1008
6094	1010
6094	1012
6094	1013
6094	1020
6094	1028
6094	1029
6094	1030
6094	1037
6094	1045
6094	1046
6094	1050
6094	1052
6094	1053
6094	1054
6094	1058
6094	1062
6094	1081
6094	1084
6094	1086
6094	1087
6094	1103
6094	1115
6094	1130
6094	1153
6094	1155
6094	1168
6094	1260
6094	1261
6094	1263
6094	1328
6094	1364
6094	1365
6094	1378
6094	1381
6094	1403
6094	1411
6094	1420
6094	1434
6094	1442
6094	1463
6094	1585
6094	1702
6094	1792
6094	1793
6094	2033
940	3862
3862	6682
941	3863
3863	6692
942	3864
3864	6693
943	3865
3865	6653
944	3866
3866	6694
945	3867
3867	2819
946	3868
3868	6696
947	3869
3869	6697
948	3870
3870	6695
949	3871
3871	6698
950	3872
950	6095
3872	6700
6095	951
6095	954
6095	1942
6095	2382
6095	2404
6095	2405
6095	2406
6095	2409
6095	2416
951	3873
952	3874
953	3875
953	6096
3875	1015
3875	6699
954	3876
3876	6353
955	3877
3877	957
956	3878
3878	959
3878	6701
957	6097
958	3879
3879	1344
3879	6684
960	3880
3880	961
3880	2053
3880	6679
962	3881
3881	6176
963	3882
3882	6702
966	3883
3883	1505
3883	6704
967	3884
3884	6102
968	3885
969	3886
3886	970
3886	6098
970	6098
6098	1356
6098	3896
6098	3898
6098	3899
6098	3905
6098	3906
6098	3904
6098	3907
6098	3916
6098	3924
6098	3923
6098	3928
6098	3931
6098	3932
6098	3935
6098	5592
6098	3959
6098	3960
6098	4768
6098	3983
6098	3992
6098	4023
6098	5598
6098	4035
6098	4042
6098	4047
6098	4083
6098	4095
6098	4159
6098	4165
6098	4170
6098	5622
6098	4210
6098	4213
6098	5623
6098	5624
6098	5627
6098	4740
6098	4311
6098	4426
6098	5653
6098	5680
971	3887
3887	6677
972	3888
3888	973
3888	974
3888	975
3888	6102
976	3889
3889	979
977	3890
3890	1146
3890	6635
978	3891
3891	980
3891	6265
981	3892
3892	6705
983	3893
984	3894
985	3895
3895	6706
986	3896
987	3897
988	3898
989	3899
3899	3059
990	3900
3900	2584
991	3901
3901	1011
992	3902
3902	6679
993	3903
3903	994
3903	6491
995	3904
996	3905
3905	2859
997	3906
998	3907
3907	999
3907	1001
1000	3908
3908	6707
1002	3909
3909	6708
1003	3910
3910	1004
1005	3911
1005	6099
3911	2661
1006	3912
1007	3913
3913	1008
3913	1501
3913	6265
1009	3914
3914	6709
1010	3915
3915	6710
1012	3916
1013	3917
3917	1018
1014	3918
3918	1016
3918	1022
1016	6100
1017	3919
3919	6711
1019	3920
3920	2019
3920	6712
1020	3921
3921	6713
1021	3922
3922	6122
1023	3923
1024	3924
3924	1025
3924	1030
1026	3925
3925	1031
1027	3926
3926	6714
1028	3927
1029	3928
1032	3929
1032	6101
3929	6101
6101	4292
6101	5667
6101	5672
6101	4753
1033	3930
3930	6710
1034	3931
3931	1035
3931	1037
1035	6102
6102	1217
6102	1257
6102	1262
6102	1297
6102	3941
6102	4092
6102	4181
1036	3932
1036	6103
3932	1038
3932	1039
3932	2740
1040	3933
1041	3934
3934	6715
1042	3935
3935	1043
1044	3936
1045	3937
3937	6716
1046	3938
3938	1071
3938	6110
1047	3939
1048	3940
3940	1053
1049	6104
1050	3941
1051	3942
1051	6105
3942	6718
6105	3943
1052	3943
1054	3944
3944	6719
1055	3945
3945	1058
3945	6720
1056	3946
3946	1057
3946	6143
1059	3947
1060	3948
1061	3949
3949	6721
1062	3950
1063	3951
3951	1065
3951	6143
1064	6106
6106	1106
6106	1107
6106	1108
6106	1172
6106	1175
1066	3952
1067	6107
6107	1121
1068	3953
1068	6108
3953	6108
6108	1078
6108	4422
6108	4824
1069	3954
1069	6109
3954	1175
1070	3955
3955	6143
1071	6110
1072	3956
3956	6722
1073	3957
3957	6724
1074	3958
3958	6723
1075	3959
1076	3960
1077	3961
3961	1086
3961	6724
1078	3962
3962	6717
1079	3963
3963	1080
3963	6726
1081	3964
1082	3965
1082	6111
3965	1108
6111	1095
1083	3966
3966	1090
3966	6241
1084	3967
3967	6606
1085	3968
3968	1087
3968	6728
1088	3969
3969	1148
3969	6729
1089	3970
3970	6245
1091	3971
3971	6730
1092	3972
3972	6727
1093	3973
1094	3974
1095	3975
3975	1110
1096	3976
3976	6563
1097	3977
3977	6563
1098	3978
1099	3979
1100	3980
3980	6732
1101	3981
3981	6733
1102	3982
3982	6731
1103	3983
1104	3984
1105	3985
3985	1106
3985	1109
3985	6734
1107	3986
1110	6112
6112	1120
6112	1122
6112	1134
1111	3987
1111	6113
3987	1112
3987	1118
3987	6735
6113	1135
6113	1147
6113	1157
6113	1233
6113	1323
6113	1325
6113	1386
6113	1389
6113	1393
6113	1415
6113	1432
6113	1435
6113	1439
6113	1837
6113	1870
6113	1908
6113	1919
6113	1941
6113	1944
6113	1955
6113	1956
6113	1999
6113	2064
6113	2088
6113	2089
6113	2090
6113	2128
6113	2660
6113	2675
6113	2698
6113	2704
6113	2750
6113	2752
6113	2759
6113	2760
6113	2791
6113	3076
1113	3988
3988	1114
1114	6114
1115	3989
3989	6135
1116	3990
3990	1117
1118	6115
1119	3991
3991	1121
3991	6116
1120	3992
1122	3993
3993	6157
1123	3994
1124	3995
3995	6736
1125	3996
3996	6530
1126	3997
3997	1136
3997	6737
1127	3998
3998	6739
1128	3999
1129	4000
4000	6152
1130	4001
4001	6738
1131	4002
1132	4003
4003	1134
4003	1135
1133	4004
4004	1994
4004	6740
1137	4005
4005	6741
1138	4006
4006	6742
1139	4007
4007	1141
4007	6117
1140	4008
1140	6116
4008	6116
6116	4010
6116	4014
6116	4104
1141	6117
1142	6118
1143	4009
4009	6744
1144	4010
1145	4011
4011	6743
1146	6119
1147	4012
1148	6120
6120	1149
6120	1152
6120	1173
6120	1195
6120	1204
6120	1245
6120	1459
6120	1528
6120	1537
6120	1572
6120	1609
6120	1776
6120	2008
6120	2351
1149	4013
4013	6724
1150	6121
1151	4014
1152	4015
4015	1183
4015	6124
1153	4016
1154	4017
4017	1158
4017	1162
4017	2555
4017	6157
1155	4018
4018	1156
1157	4019
4019	1159
1160	4020
1161	4021
4021	1163
4021	6745
1162	6122
6122	5595
1164	4022
4022	1187
1165	4023
4023	1173
1166	4024
4024	6746
1167	4025
4025	1241
4025	1243
1168	4026
1169	4027
1170	4028
1171	4029
4029	1172
4029	6747
1174	4030
4030	6749
1176	4031
4031	6748
1177	4032
4032	1179
4032	6123
1178	4033
4033	6748
1179	6123
1180	4034
4034	1181
4034	6748
1182	4035
4035	1184
1183	6124
6124	1309
6124	4125
6124	4694
6124	5105
1184	6125
6125	1187
6125	1188
6125	1203
6125	1214
6125	1215
6125	1216
6125	1220
6125	1221
6125	1222
6125	1224
6125	1226
6125	1239
6125	1242
6125	1243
1185	4036
4036	1186
4036	6751
1186	6126
6126	1658
6126	4374
1188	4037
4037	1189
4037	1191
4037	6752
1190	4038
4038	6152
1192	4039
4039	6753
1193	4040
4040	6748
1194	4041
4041	6748
1195	4042
1196	4043
4043	6750
1197	4044
4044	1198
4044	6755
1199	6127
1200	4045
4045	1201
1202	4046
1203	4047
4047	1205
1204	4048
4048	6756
1206	4049
1207	4050
1208	4051
4051	6758
1209	4052
4052	6757
1210	4053
1211	4054
4054	1213
4054	6748
1212	4055
4055	6760
1214	4056
4056	6757
1215	4057
4057	6761
1216	4058
4058	6762
1217	4059
1218	4060
4060	6279
1219	4061
1219	6128
4061	1755
1220	4062
1221	4063
4063	6134
1222	4064
4064	6765
1223	4065
1224	4066
4066	2018
4066	6129
1225	4067
1225	6129
4067	1226
4067	6764
1227	4068
4068	1228
4068	6759
1229	4069
4069	6763
1230	4070
4070	1277
4070	1285
4070	6140
1231	4071
4071	6767
1232	4072
4072	1236
4072	6768
1233	4073
4073	1234
4073	6134
1235	4074
1237	6130
6130	1269
1238	4075
4075	1239
4075	1240
4075	6144
1240	6131
6131	1241
6131	1561
6131	1565
6131	1568
6131	1578
6131	1603
6131	1623
6131	1693
6131	1801
6131	1802
6131	1887
6131	1890
6131	1898
6131	1907
6131	1928
6131	1932
6131	1990
6131	2040
6131	2072
6131	2121
6131	2136
6131	2165
6131	2171
6131	2185
6131	2202
6131	2220
6131	2233
6131	2326
6131	2330
6131	2331
6131	2357
6131	2371
6131	2375
6131	2387
6131	2438
6131	2486
6131	2502
6131	2543
6131	2649
6131	2651
6131	2734
6131	3017
6131	3038
6131	3049
6131	4076
6131	4348
6131	4544
6131	4558
6131	4635
6131	4681
6131	4688
6131	4708
6131	4717
6131	5707
6131	5711
6131	4737
6131	4741
6131	4749
6131	5715
6131	4785
6131	4905
6131	4908
6131	4919
6131	4922
6131	5733
6131	5735
6131	5749
6131	5139
6131	5134
6131	5200
6131	5805
6131	5538
1242	4076
4076	3121
1244	4077
4077	6770
1245	4078
4078	1249
4078	6133
1246	4079
1246	6132
4079	6766
6132	1247
6132	1410
6132	4191
1247	4080
4080	1252
4080	6134
1248	4081
4081	6771
1249	6133
1250	4082
4082	6772
1251	4083
1252	6134
6134	4089
1253	4084
4084	6773
1254	4085
4085	1255
4085	1257
4085	6774
1256	4086
4086	1258
1258	6135
6135	1281
6135	1373
6135	5578
6135	4087
6135	4244
1259	4087
4087	1260
4087	2958
1261	4088
4088	1262
4088	6775
1263	4089
1264	6136
6136	2707
6136	2764
6136	2765
1266	4090
4090	1751
4090	6776
1267	4091
4091	6201
1268	4092
1269	4093
1270	4094
1270	6137
4094	6201
6137	1284
6137	1294
1271	4095
1272	4096
1273	4097
4097	6716
1274	4098
4098	6516
1275	4099
1275	6138
4099	6143
6138	1333
1276	4100
4100	1500
4100	6777
1277	6139
6139	1433
1278	4101
4101	1280
4101	6748
1279	4102
4102	6778
1281	4103
4103	6780
1282	4104
1283	4105
4105	6157
1284	4106
4106	6781
1285	6140
1286	4107
4107	6783
1287	4108
4108	6782
1288	4109
4109	6785
1289	4110
4110	6144
1290	4111
4111	6784
1291	4112
4112	1293
4112	6786
1292	4113
1292	6141
4113	6782
6141	1363
1294	4114
4114	6787
1295	4115
4115	6143
1296	4116
4116	1298
4116	6783
1297	4117
4117	6769
1299	6142
1300	4118
4118	1301
4118	6736
1302	4119
4119	6788
1303	4120
4120	1311
4120	1312
4120	6769
1304	4121
4121	6144
1305	4122
4122	1308
4122	6143
1306	4123
4123	6646
1307	4124
4124	6769
1308	6143
6143	4126
6143	4142
6143	5611
1309	4125
1310	4126
1312	6144
6144	1605
6144	1661
6144	2068
6144	2527
6144	5603
6144	4127
6144	4255
6144	5635
6144	5386
6144	5644
6144	4377
6144	4423
6144	5659
6144	4513
6144	5689
6144	4691
6144	5725
6144	5739
6144	5126
6144	5228
6144	5255
6144	5832
6144	5413
6144	5425
6144	5873
1313	4127
1314	4128
4128	6748
1315	4129
4129	1322
4129	6720
1316	4130
4130	1324
4130	6700
1317	4131
4131	6145
1318	4132
4132	6789
1319	4133
1319	6145
4133	6145
6145	1338
6145	4147
1320	4134
4134	2809
4134	6791
1321	4135
4135	1323
4135	1326
4135	6790
1325	4136
4136	6201
1327	4137
4137	6646
1328	4138
4138	6703
1329	4139
1329	6146
4139	6792
6146	1337
6146	1353
1330	4140
4140	1331
4140	6767
1331	6147
6147	4150
1332	4141
1332	6148
4141	6794
6148	1355
6148	1891
6148	2062
6148	2446
6148	2499
6148	2676
6148	5159
1333	4142
1334	4143
4143	6795
1335	4144
4144	6653
1336	4145
1337	4146
4146	6165
1338	4147
1339	4148
4148	1340
4148	6797
1340	6149
6149	1341
6149	4605
1341	4149
4149	1352
1342	4150
1342	6150
4150	1345
4150	1676
4150	2468
6150	4327
1343	4151
4151	6798
1346	4152
4152	6796
1347	4153
4153	6610
1348	4154
4154	1866
1349	4155
4155	1350
1351	4156
4156	1355
4156	1356
4156	1359
4156	6353
1353	4157
4157	6799
1354	4158
4158	6274
1357	4159
4159	1358
1358	6151
6151	2066
6151	2569
1360	4160
4160	6795
1361	4161
4161	6801
1362	4162
1363	4163
4163	6800
1364	4164
4164	6790
1365	4165
4165	1366
1367	4166
4166	1368
4166	6790
1369	4167
4167	6802
1370	4168
1370	6152
4168	1371
4168	6152
6152	4173
6152	4260
6152	4731
1372	4169
1372	6153
4169	6474
6153	5616
1373	4170
1374	4171
4171	6176
1375	4172
4172	6795
1376	4173
1377	4174
4174	1382
4174	6748
1378	4175
1379	4176
4176	1380
4176	1381
4176	6805
1383	4177
4177	1384
4177	6806
1385	4178
4178	6804
1386	4179
4179	6154
1387	4180
4180	1390
4180	6156
1388	4181
4181	1389
1391	4182
1391	6154
4182	6154
1392	4183
1392	6155
4183	6807
6155	4184
6155	5821
6155	5842
6155	5427
1393	4184
1394	4185
1394	6156
4185	1395
4185	6156
6156	4195
6156	4214
6156	4259
6156	4326
6156	4509
1396	4186
4186	6808
1397	4187
4187	6790
1398	4188
1399	4189
4189	1401
4189	6803
1400	4190
1400	6157
4190	6157
1402	4191
4191	1403
1404	4192
4192	6752
1405	4193
1405	6158
4193	2485
4193	6158
6158	1409
6158	2228
6158	2555
1406	4194
4194	1408
4194	1410
4194	6810
1407	4195
1408	6159
6159	4202
1409	4196
4196	1416
4196	6811
1411	4197
4197	6809
1412	4198
4198	1413
4198	6812
1414	4199
1415	4200
1417	4201
4201	6813
1418	4202
1419	4203
4203	1420
4203	6611
1421	4204
4204	6815
1422	4205
1422	6160
4205	6163
1423	4206
4206	1424
4206	6816
1425	4207
4207	6814
1426	4208
4208	6817
1427	4209
1427	6161
4209	6161
6161	1428
1428	4210
4210	1434
1429	4211
4211	1430
4211	1431
4211	6700
1430	6162
1432	4212
4212	1433
4212	6818
1435	4213
1436	4214
1437	4215
4215	1453
4215	6611
1438	4216
4216	1444
4216	6185
1439	4217
4217	6720
1440	4218
4218	6185
1441	4219
4219	1442
4219	6819
1443	4220
4220	1446
4220	6163
1445	4221
4221	6782
1446	6163
1447	4222
1447	6164
4222	6820
6164	1725
6164	1877
6164	5591
1448	4223
1449	4224
1449	6165
4224	6165
6165	1462
6165	4235
6165	4240
6165	4742
6165	4771
1450	4225
4225	6822
1451	4226
4226	1506
4226	6823
1452	4227
4227	6251
1453	6166
6166	1758
6166	4429
6166	4444
6166	4898
1454	4228
1454	6167
4228	6167
6167	1487
6167	4343
6167	4257
6167	5634
6167	4296
1455	4229
4229	1459
4229	6817
1456	4230
4230	6824
1457	4231
4231	1464
4231	6825
1458	4232
4232	6826
1460	4233
4233	6827
1461	4234
4234	6823
1462	4235
4235	2873
1463	4236
4236	6202
1464	6168
6168	5554
1465	4237
4237	6829
1466	4238
4238	6826
1467	4239
1467	6169
4239	6185
1468	4240
1469	4241
4241	6828
1470	4242
4242	6821
1471	4243
4243	6831
1472	4244
4244	1474
1473	4245
4245	6832
1475	4246
4246	1548
4246	6833
1476	4247
4247	6251
1477	4248
4248	6834
1478	4249
4249	6830
1479	4250
4250	6767
1480	4251
4251	1488
4251	6823
1481	6170
1482	4252
4252	6251
1483	4253
4253	6835
1484	4254
4254	6171
1485	4255
1486	4256
4256	6827
1487	4257
1489	4258
1490	4259
4259	3051
4259	3071
1491	4260
4260	1492
1493	4261
1493	6171
4261	1494
4261	2717
4261	6202
6171	1504
6171	5630
1495	4262
1496	4263
4263	6822
1497	4264
1497	6172
4264	6748
1498	4265
1498	6173
6173	1499
6173	1500
6173	1501
6173	1503
6173	1505
6173	1506
6173	1695
6173	1696
6173	1697
6173	1952
1502	4266
4266	6202
1503	4267
4267	6559
1504	4268
4268	6838
1507	4269
4269	6839
1508	4270
4270	6838
1509	4271
1509	6174
6174	1510
1510	4272
4272	1511
1512	4273
4273	1513
4273	6841
1514	4274
4274	6175
1515	4275
4275	6840
1516	4276
4276	1517
1518	4277
4277	1519
4277	1521
4277	6842
1520	4278
1520	6175
4278	6175
6175	1523
6175	1686
6175	1736
6175	4279
6175	4285
6175	4288
6175	4329
6175	4328
6175	4330
6175	4332
6175	4397
6175	4417
6175	4421
6175	4435
6175	4502
6175	4528
6175	4548
6175	4581
6175	4641
6175	4642
6175	4828
6175	4830
1521	6176
6176	1838
6176	2282
6176	2315
6176	2322
6176	2328
6176	2619
6176	3090
6176	3182
6176	3185
6176	4506
6176	5618
1522	4279
4279	1523
1524	4280
4280	1525
4280	6843
1526	4281
1526	6177
4281	6177
6177	4953
1527	4282
1527	6178
4282	2509
4282	6178
6178	1531
6178	1550
6178	1552
6178	1775
6178	1790
6178	1823
6178	1835
6178	1836
6178	1862
6178	1892
6178	1894
6178	1915
6178	1922
6178	1954
6178	1970
6178	1986
6178	1993
6178	2006
6178	2007
6178	2014
6178	2016
6178	2077
6178	2258
6178	2301
6178	2308
6178	2374
6178	2450
6178	2477
6178	2488
6178	2600
6178	2645
6178	2721
6178	3125
6178	5638
6178	5448
6178	4411
6178	4580
6178	4643
6178	4680
6178	4871
6178	5192
1528	4283
1529	4284
1530	4285
1531	4286
4286	1533
4286	1540
4286	6844
1532	4287
1532	6179
6179	1535
6179	2475
6179	2476
6179	2688
1533	6180
6180	1534
6180	1536
6180	1548
6180	1549
1534	4288
4288	1535
4288	1538
1537	4289
1539	4290
4290	6790
1541	4291
1542	4292
1543	6181
1544	4293
4293	6787
1545	4294
1545	6182
4294	1549
4294	6794
6182	1547
6182	1556
6182	4300
1546	4295
1546	6183
4295	6183
6183	1558
6183	2260
6183	4306
6183	4333
6183	4833
1547	4296
1550	4297
4297	6202
1551	4298
4298	6847
1552	4299
4299	1585
4299	6192
1553	4300
1554	4301
4301	6823
1555	4302
4302	1561
4302	1562
4302	2798
4302	2812
4302	6850
1556	4303
4303	6849
1557	4304
4304	1599
4304	1600
4304	6848
1558	4305
4305	6846
1559	4306
1560	4307
4307	6851
1563	6184
1564	4308
4308	1565
4308	1573
4308	6201
1566	4309
4309	6201
1567	4310
4310	1568
4310	6852
1569	4311
1570	4312
1571	4313
4313	6853
1572	4314
4314	6201
1573	6185
1574	4315
4315	1577
4315	6845
1575	4316
1575	6186
4316	1576
4316	1579
4316	6187
6186	1580
1576	6187
1577	6188
1578	4317
4317	1584
4317	6854
1580	4318
4318	6855
1581	6189
1582	4319
4319	6856
1583	4320
1583	6190
4320	6787
6190	1778
6190	1825
6190	4342
6190	4369
6190	4534
6190	4600
1584	6191
6191	2100
6191	2102
6191	2103
6191	2861
1586	4321
4321	6857
1587	4322
4322	1655
4322	6230
1588	4323
1588	6192
4323	6858
6192	1590
6192	1599
6192	5642
6192	5827
6192	5273
1589	4324
1590	4325
1591	4326
1592	4327
1593	4328
4328	1595
1594	4329
1596	4330
1597	4331
4331	6859
1598	4332
1600	6193
6193	4339
1601	4333
1602	4334
1603	4335
4335	2700
4335	6860
1604	4336
4336	6861
1605	4337
4337	6862
1606	4338
4338	6863
1607	4339
4339	1608
4339	1620
1609	4340
1610	4341
4341	6865
1611	4342
4342	1617
1612	4343
1613	4344
4344	2265
4344	6759
1615	4345
4345	1616
4345	2115
1618	4346
4346	1619
1621	4347
1621	6194
4347	1622
4347	6767
1623	4348
4348	1624
1625	4349
4349	6866
1626	4350
1626	6195
1627	4351
4351	6759
1628	4352
4352	6869
1629	4353
4353	6838
1630	4354
4354	6862
1631	4355
4355	1632
4355	6868
1633	4356
4356	2082
4356	2090
1634	4357
4357	6870
1636	4358
4358	6871
1637	4359
1638	4360
4360	6693
1641	4361
1642	4362
1643	4363
4363	6727
1644	4364
4364	6725
1645	4365
4365	6536
1646	4366
4366	6251
1647	4367
1648	4368
4368	6872
1649	4369
1650	4370
1650	6196
4370	1652
1651	4371
4371	1653
4371	1654
4371	6873
1653	6197
6197	1828
6197	1829
6197	1852
6197	1861
6197	1874
6197	1881
6197	1893
6197	1896
6197	1899
6197	1900
6197	1901
6197	1917
6197	1921
6197	4554
6197	4450
1655	6198
1656	4372
4372	2529
4372	6875
1657	4373
4373	6874
1658	4374
1659	4375
1659	6199
4375	1666
1660	4376
4376	6876
1661	4377
1662	4378
4378	1663
1664	4379
1665	4380
4380	6251
1667	4381
1668	4382
4382	2669
4382	6877
1669	4383
4383	1671
4383	6878
1670	4384
4384	6879
1672	4385
4385	2083
4385	6880
1673	4386
4386	6881
1674	4387
4387	6882
1675	4388
4388	6883
1676	6200
1677	4389
4389	1679
1678	4390
1680	4391
4391	6401
1681	4392
4392	6884
1682	4393
1683	4394
1683	6201
4394	6201
6201	5636
6201	5639
6201	5641
6201	4409
6201	4479
6201	4609
6201	5823
1684	4395
1684	6202
4395	6202
6202	5540
6202	5633
6202	4425
6202	4459
6202	4504
1685	4396
4396	6271
1686	4397
1687	4398
4398	6545
1688	4399
4399	1689
4399	1690
4399	1691
4399	1692
4399	6885
1690	6203
1691	6204
1692	6205
1693	4400
4400	6886
1694	4401
4401	6887
1696	4402
4402	6271
1698	4403
1699	4404
1700	4405
1700	6206
4405	6206
6206	5666
6206	5019
1702	4406
4406	6888
1703	4407
4407	6271
1704	4408
4408	6889
1705	4409
4409	1707
4409	1711
1706	4410
4410	6872
1707	6207
1708	4411
1708	6208
6208	1709
6208	1740
6208	1743
6208	1753
6208	1755
6208	1756
6208	1770
6208	2245
6208	2307
6208	2325
6208	2327
6208	2333
6208	2335
6208	2348
6208	2356
6208	2361
6208	2364
6208	2384
6208	2481
1709	4412
4412	6890
1710	4413
4413	6872
1712	4414
1712	6209
4414	6271
6209	1953
6209	2031
6209	2206
6209	2227
6209	2659
6209	2727
6209	2887
6209	2894
6209	2984
1713	4415
4415	6210
1714	4416
1714	6210
4416	6210
1715	4417
1716	4418
4418	6271
1717	4419
4419	1719
4419	6211
1718	4420
4420	1720
4420	2493
4420	6271
1719	6211
1720	6212
1721	4421
4421	1724
1722	4422
1723	4423
1725	4424
4424	6891
1726	4425
1727	4426
1727	6213
1728	4427
4427	6892
1729	4428
4428	6893
1730	4429
1731	4430
1732	4431
4431	6894
1733	4432
1733	6214
4432	6836
6214	2733
6214	4433
6214	5737
1734	4433
1735	4434
4434	1737
4434	1739
4434	6271
1736	4435
1738	6215
6215	1744
1741	4436
4436	1742
1743	4437
4437	1745
4437	1747
4437	6895
1744	4438
4438	6259
1745	6216
6216	1772
6216	1803
1746	4439
1746	6217
4439	6581
6217	1749
6217	1751
6217	1846
6217	1858
6217	1938
6217	2221
6217	2270
6217	2354
6217	2358
6217	2359
6217	2407
6217	2615
6217	2638
6217	2711
6217	2862
6217	2874
6217	2955
6217	3039
6217	3058
6217	3069
6217	3073
6217	3140
6217	3160
6217	3200
1748	4440
4440	6271
1749	4441
4441	1750
4441	6897
1752	4442
4442	6898
1753	4443
1754	4444
4444	1756
4444	1757
4444	1758
1759	4445
4445	1765
4445	2459
4445	6346
1760	4446
4446	6697
1761	4447
4447	1763
4447	1764
4447	6899
1762	4448
4448	2602
4448	6900
1766	4449
1767	4450
1768	4451
4451	6895
1769	4452
4452	6224
1770	4453
4453	6304
1771	4454
4454	6274
1772	4455
4455	1774
4455	6218
1773	4456
4456	6902
1775	4457
4457	6903
1776	4458
4458	6697
1777	4459
1777	6218
6218	1779
6218	1781
6218	1782
6218	1784
6218	1788
6218	1798
1778	4460
4460	6251
1779	4461
4461	6905
1780	4462
4462	6837
1781	4463
4463	2144
4463	6895
1782	4464
4464	6904
1783	4465
4465	1784
4465	1785
4465	6906
1786	4466
4466	1787
4466	1789
4466	6907
1787	6219
1788	4467
4467	1904
4467	6908
1790	4468
1791	4469
4469	6906
1792	4470
4470	6901
1793	4471
4471	6693
1794	4472
4472	6251
1795	4473
4473	2532
1796	4474
4474	1801
4474	6910
1797	6220
1799	4475
4475	6911
1800	4476
4476	6912
1802	4477
4477	1804
4477	6251
1803	4478
4478	6895
1805	4479
1805	6221
6221	1807
6221	1808
6221	1819
6221	1937
1806	4480
1806	6222
4480	6779
6222	1820
6222	1989
6222	4489
6222	4584
6222	4611
6222	4620
1807	4481
4481	6518
1808	4482
4482	6914
1809	4483
4483	6915
1810	4484
4484	1811
4484	6899
1812	4485
1813	4486
4486	1814
1815	4487
4487	1819
4487	6879
1816	4488
4488	6916
1817	4489
4489	1820
1818	4490
4490	6913
1821	4491
4491	6917
1822	4492
1823	4493
4493	1824
4493	6917
1824	6223
6223	1875
6223	1876
6223	1882
6223	1911
6223	2583
6223	2724
6223	3077
6223	3175
6223	3183
1825	4494
4494	1827
1826	4495
4495	6241
1828	4496
1829	4497
4497	6271
1830	4498
1830	6224
4498	6224
6224	1831
6224	2284
6224	4499
6224	4505
6224	4510
6224	4515
6224	4527
6224	5688
6224	4702
6224	5704
6224	4803
6224	5726
6224	4948
6224	5734
6224	5746
1831	4499
1832	4500
4500	6918
1833	4501
1834	4502
1835	4503
4503	6921
1836	4504
1837	4505
1838	4506
1839	4507
4507	1840
4507	6225
1840	6225
1841	4508
4508	6923
1842	4509
1843	4510
1844	4511
4511	6924
1845	4512
4512	6251
1846	4513
1847	4514
4514	6919
1848	4515
1849	4516
4516	6925
1850	4517
1851	4518
1852	4519
4519	6901
1853	4520
4520	6927
1854	4521
4521	6693
1855	4522
4522	1857
4522	6926
1856	4523
4523	6928
1858	4524
4524	1882
4524	6929
1859	4525
4525	1860
4525	6226
1860	6226
1861	4526
4526	6392
1862	4527
1863	4528
4528	1868
1864	4529
4529	6227
1865	4530
1867	4531
4531	6931
1869	4532
4532	6251
1870	4533
4533	6930
1871	4534
1872	4535
4535	1876
4535	6933
1873	4536
4536	1874
1875	4537
4537	6934
1877	4538
4538	6932
1878	4539
4539	6259
1879	4540
4540	6271
1880	4541
1880	6227
4541	6935
6227	1904
6227	4617
1881	4542
1883	4543
4543	1884
4543	6936
1885	4544
4544	1887
1886	4545
4545	6933
1888	4546
4546	6251
1889	4547
1889	6228
4547	2413
4547	6919
1890	4548
4548	1891
1892	4549
4549	1893
1894	4550
4550	6231
1895	4551
4551	6937
1896	4552
4552	6909
1897	4553
4553	1898
4553	1911
4553	6231
1899	4554
1900	4555
4555	6922
1901	4556
1902	4557
1903	4558
1903	6229
1905	4559
4559	1907
4559	6231
1906	4560
4560	6259
1908	4561
4561	6938
1909	4562
4562	6939
1910	4563
4563	6938
1912	4564
4564	6938
1913	4565
1913	6230
4565	6940
6230	4566
1914	4566
1915	4567
4567	1916
4567	6271
1917	4568
4568	1918
4568	6942
1919	4569
4569	1926
4569	6941
1920	4570
4570	6231
1921	4571
4571	6271
1922	4572
4572	1923
4572	6231
1924	4573
1924	6231
4573	6231
6231	5669
6231	4583
6231	4590
1925	4574
4574	6943
1926	6232
6232	5148
1927	4575
1927	6233
4575	1928
4575	6944
1929	4576
4576	6946
1930	4577
4577	6693
1931	4578
4578	6947
1932	4579
4579	6948
1933	4580
1934	4581
1935	4582
1935	6234
4582	1937
4582	6234
1936	6235
1938	4583
1939	4584
1940	4585
4585	1943
4585	6949
1941	4586
1942	4587
4587	6888
1944	4588
4588	1946
4588	6236
1945	4589
4589	6950
1946	6236
1947	4590
1948	4591
4591	1950
1949	4592
4592	1952
4592	6951
1951	4593
1951	6237
4593	6237
6237	1979
6237	2199
6237	2200
6237	2253
6237	2539
1953	4594
4594	6265
1954	4595
4595	6612
1955	4596
4596	6952
1956	4597
4597	1959
4597	6954
1957	4598
4598	6953
1958	4599
1958	6238
1960	6239
6239	2011
1961	6240
1963	4600
1964	4601
4601	1965
1966	4602
4602	6950
1967	4603
4603	6956
1968	4604
4604	6933
1969	4605
1970	4606
4606	6958
1971	4607
1971	6241
4607	6241
6241	4686
6241	4773
6241	5001
6241	5894
1972	4608
1972	6242
4608	6244
1973	4609
1974	4610
4610	6950
1975	4611
1976	4612
4612	1978
4612	6263
1977	6243
1978	6244
1979	4613
4613	6959
1980	4614
1980	6245
4614	6699
6245	2402
6245	4715
6245	4884
6245	4949
6245	5820
1981	4615
4615	6480
1982	4616
4616	2069
4616	6960
1983	4617
4617	1984
1985	4618
1985	6246
4618	6959
1986	4619
4619	1987
4619	1990
4619	6277
1988	4620
1988	6247
4620	1989
6247	5682
1991	4621
1991	6248
4621	6961
6248	2029
6248	2036
6248	2496
6248	2603
6248	2962
6248	2993
1992	6249
1993	4622
4622	6958
1994	6250
6250	2000
6250	2019
6250	4623
6250	4627
6250	4640
1995	4623
4623	1996
4623	1997
1998	4624
1999	4625
4625	6962
2000	4626
4626	6641
2001	4627
2002	4628
4628	2003
2004	4629
2004	6251
4629	6888
6251	5628
6251	4959
2005	4630
4630	2009
4630	6252
2006	4631
4631	6963
2007	4632
4632	2010
4632	6958
2008	4633
2009	6252
2011	4634
4634	6955
2012	4635
2013	4636
4636	6817
2014	4637
4637	6270
2015	4638
4638	6964
2016	4639
4639	6965
2017	4640
2018	6253
6253	5684
6253	4644
2020	4641
2021	4642
4642	2023
2022	4643
2024	4644
2025	4645
4645	2026
4645	2057
4645	2058
4645	6263
2027	4646
4646	6967
2028	4647
4647	6660
2029	4648
4648	6961
2030	4649
4649	6967
2031	4650
4650	6968
2032	4651
4651	6969
2033	4652
2034	4653
4653	2662
4653	2663
4653	6972
2035	4654
4654	6271
2036	4655
4655	2054
2037	4656
2037	6254
2038	4657
4657	6263
2039	4658
2039	6255
4658	6971
6255	2043
6255	2044
6255	2083
2040	4659
4659	6973
2041	4660
2041	6256
4660	6660
6256	2117
6256	2132
6256	2281
6256	2390
6256	2418
2042	4661
4661	6974
2043	4662
4662	6945
2044	4663
4663	6970
2045	4664
4664	6975
2046	4665
2046	6257
4665	6257
6257	4669
6257	4937
2047	4666
2047	6258
4666	2606
4666	6859
2048	4667
2048	6259
4667	6259
2049	4668
2049	6260
4668	6263
6260	2050
6260	2058
6260	2275
6260	2276
6260	2278
6260	2292
6260	2293
6260	2294
6260	2295
6260	2296
6260	2297
6260	2298
6260	2299
6260	2300
6260	2542
2050	4669
2051	4670
4670	6270
2052	4671
4671	6976
2053	6261
2054	6262
6262	2063
6262	2076
6262	2519
6262	2777
2055	4672
4672	6282
2056	4673
4673	6977
2057	6263
2059	4674
4674	6979
2060	4675
2060	6264
4675	6264
6264	4778
6264	4784
2061	4676
4676	6980
2062	4677
4677	2063
4677	2065
4677	6270
2064	4678
4678	6981
2066	4679
4679	2070
4679	6982
2067	4680
2068	4681
4681	2072
2070	6265
6265	5589
6265	5596
6265	4682
2071	4682
2073	4683
4683	6983
2074	4684
2074	6266
6266	2444
6266	2448
6266	2859
6266	2870
6266	2889
6266	2907
6266	2929
6266	2934
6266	2973
6266	2974
6266	2976
6266	3012
6266	3082
6266	3089
6266	3095
6266	3101
6266	3102
6266	3107
6266	3113
6266	3114
6266	3119
6266	3122
6266	3134
6266	3137
6266	3155
6266	3159
6266	3161
6266	3162
6266	3163
6266	3165
6266	3172
6266	3173
6266	3187
6266	3188
6266	3194
6266	3195
6266	3196
6266	3198
2075	4685
4685	2077
4685	6984
2076	4686
2078	4687
4687	2079
4687	6973
2080	4688
2081	4689
4689	6985
2084	4690
2084	6267
4690	2128
4690	6978
6267	2086
6267	5694
2085	4691
2085	6268
6268	4692
2086	4692
4692	2089
2087	4693
4693	6836
2088	4694
2091	6269
2092	4695
4695	6271
2093	4696
4696	2095
4696	6271
2094	6270
2095	6271
6271	2423
6271	2691
6271	2701
6271	2712
6271	2852
6271	2956
6271	2959
6271	3085
6271	3181
6271	5652
6271	5654
6271	5668
6271	4862
6271	4952
6271	5675
6271	5692
6271	5693
6271	5696
6271	5699
6271	4703
6271	4710
6271	4712
6271	5701
6271	5703
6271	4719
6271	5705
6271	5706
6271	5708
6271	5709
6271	5721
6271	4887
6271	4872
6271	4876
6271	5731
6271	4965
6271	5738
6271	5740
6271	5063
6271	5768
6271	5769
6271	5786
6271	5792
6271	5175
6271	5185
6271	5184
6271	5186
6271	5798
6271	5201
6271	5203
6271	5209
6271	5214
6271	5263
6271	5826
6271	5281
6271	5829
6271	5290
6271	5835
6271	5838
6271	5839
6271	5319
6271	5325
6271	5330
6271	5336
6271	5348
6271	5353
6271	5359
6271	5365
6271	5367
6271	5370
6271	5394
6271	5860
6271	5430
6271	5434
6271	5436
6271	5463
6271	5534
6271	5892
2096	4697
4697	6835
2097	4698
4698	2101
2098	4699
4699	6986
2099	4700
2100	4701
4701	6987
2102	4702
2103	4703
2104	4704
4704	6988
2105	4705
2105	6272
4705	2208
6272	2809
2106	4706
2106	6273
4706	2274
2107	4707
4707	2108
4707	2111
4707	2941
4707	6989
2109	4708
2110	4709
2110	6274
4709	6274
6274	4924
2112	4710
2112	6275
6275	5700
2113	4711
4711	6836
2114	4712
2115	6276
2116	4713
4713	2117
4713	6991
2118	4714
4714	6990
2119	4715
2120	4716
4716	6864
2121	4717
2122	4718
4718	6353
2123	4719
2124	4720
2124	6277
4720	6277
6277	4782
6277	4855
6277	4897
6277	5414
6277	4989
2125	4721
4721	2126
4721	6769
2126	6278
2127	4722
4722	6993
2129	4723
4723	2131
4723	6769
2130	4724
4724	6957
2132	4725
4725	6995
2133	4726
4726	6996
2134	4727
4727	6992
2135	4728
4728	6997
2136	4729
4729	6769
2137	4730
4730	6998
2138	4731
2138	6279
2139	4732
4732	2670
4732	7000
2140	4733
4733	6999
2141	4734
4734	7001
2142	4735
2142	6280
4735	6601
6280	2144
6280	2145
6280	2148
6280	2151
6280	2161
6280	2166
6280	2280
6280	2304
6280	2311
6280	2320
6280	2378
6280	2395
6280	2550
6280	2902
2143	4736
4736	6999
2145	4737
2146	4738
2147	4739
4739	2155
2148	4740
2149	4741
2149	6281
6281	2174
6281	2189
6281	2342
6281	2437
6281	2470
6281	2595
6281	2690
6281	2718
6281	2908
2150	4742
4742	2151
2152	4743
4743	7002
2153	4744
4744	7004
2154	4745
2154	6282
4745	6353
6282	2164
6282	5681
6282	5261
2155	6283
2156	4746
4746	7003
2157	4747
2158	4748
4748	7006
2159	4749
2160	4750
4750	7007
2161	4751
4751	7008
2162	4752
4752	2163
2164	4753
2165	4754
4754	7009
2166	4755
4755	2167
4755	7011
2168	4756
4756	6966
2169	4757
4757	7010
2170	4758
2170	6284
4758	6938
6284	2180
6284	2181
6284	2190
6284	2203
6284	2204
6284	2205
2171	4759
4759	6967
2172	4760
2173	4761
4761	2178
4761	6326
2174	4762
4762	7007
2175	4763
2176	4764
4764	7014
2177	4765
4765	2186
4765	7013
2179	4766
4766	7006
2180	4767
4767	7012
2181	4768
2182	4769
4769	7015
2183	4770
4770	7016
2184	4771
2185	4772
4772	7007
2187	4773
2188	4774
4774	7018
2189	4775
4775	7007
2190	4776
4776	6754
2191	4777
4777	2198
4777	7019
2192	4778
2193	4779
4779	2194
2195	4780
4780	2196
4780	7014
2197	4781
2199	4782
2200	4783
2201	4784
4784	2475
2202	4785
2203	4786
4786	6867
2204	4787
4787	6994
2206	4788
4788	7020
2207	4789
4789	7021
2208	6285
2209	4790
4790	2261
4790	7023
2210	4791
4791	7022
2211	4792
4792	7024
2212	4793
2212	6286
4793	2213
4793	6290
6286	2214
6286	2286
6286	2323
6286	2492
6286	2504
2213	6287
6287	2731
6287	2743
6287	2744
6287	2747
6287	2748
6287	3156
6287	5778
2214	4794
4794	2687
4794	6290
2215	4795
4795	6623
2216	4796
2216	6288
4796	6889
6288	5722
2217	4797
4797	6967
2218	4798
2218	6289
4798	2219
4798	7025
6289	4800
6289	4804
2219	6290
6290	4809
6290	4852
6290	4878
2220	4799
4799	7026
2221	4800
2222	4801
4801	7027
2223	4802
2223	6291
4802	2534
4802	6967
6291	2272
6291	2653
6291	4870
6291	5399
2224	4803
2225	4804
4804	2229
4804	2230
4804	2231
2226	4805
4805	6891
2227	4806
4806	7030
2228	4807
4807	7029
2229	6292
2230	6293
2231	6294
2232	4808
2232	6295
4808	2233
4808	6938
2234	4809
2235	4810
4810	7031
2236	4811
4811	2240
2237	4812
2237	6296
2238	4813
2238	6297
2239	4814
4814	7033
2241	4815
4815	7032
2242	4816
4816	6300
2243	4817
4817	7034
2244	4818
4818	7035
2245	4819
4819	2283
4819	6305
2246	4820
4820	7037
2247	4821
4821	7036
2248	4822
4822	6967
2249	6298
2250	4823
2251	4824
2251	6299
2252	4825
4825	2275
2253	4826
4826	7038
2254	4827
2254	6300
4827	6300
6300	2259
6300	3109
6300	4832
6300	4829
6300	5744
6300	5483
6300	5474
6300	5879
6300	5882
2255	4828
2256	4829
2257	4830
2258	4831
4831	7039
2259	4832
2260	4833
2261	6301
6301	2262
2262	4834
4834	7040
2263	4835
4835	7040
2264	4836
4836	7040
2265	6302
6302	2268
6302	2269
2266	4837
2266	6303
4837	6888
6303	2303
6303	2347
6303	4838
2267	4838
2268	4839
4839	7040
2269	4840
4840	2271
4840	2732
4840	7041
2270	4841
4841	7043
2272	4842
4842	7042
2273	4843
2273	6304
4843	6304
2276	4844
4844	7005
2277	4845
4845	7044
2278	4846
4846	7028
2279	4847
4847	7045
2280	4848
4848	7047
2281	4849
4849	7048
2282	4850
4850	7046
2283	6305
2284	4851
4851	2285
4851	6306
2285	6306
2286	4852
2287	4853
4853	6898
2288	4854
2288	6307
4854	2290
4854	6326
2289	4855
2289	6308
4855	2294
2291	4856
4856	7051
2292	4857
4857	6896
2293	4858
4858	7050
2295	4859
2296	4860
4860	7049
2297	4861
4861	6888
2298	4862
2299	4863
4863	2431
4863	7051
2300	4864
4864	7051
2301	4865
4865	7051
2302	4866
4866	7051
2303	4867
4867	7051
2304	4868
4868	7051
2305	4869
2305	6309
4869	2560
2306	4870
2306	6310
2307	4871
4871	2308
2309	4872
2309	6311
4872	2321
2310	4873
4873	7051
2311	4874
4874	7051
2312	4875
4875	7052
2313	4876
4876	2314
2314	6312
6312	2317
6312	2339
6312	2340
6312	2344
6312	2346
6312	2352
6312	2424
6312	2665
2315	4877
4877	7051
2316	4878
2317	4879
4879	7053
2318	4880
4880	7054
2319	4881
4881	7056
2320	4882
4882	7057
2321	6313
2322	4883
4883	7055
2323	4884
2324	4885
4885	7060
2325	4886
4886	2471
4886	7058
2326	4887
2327	4888
4888	7059
2328	4889
4889	2336
4889	6315
2329	4890
2329	6314
4890	6314
6314	5029
6314	5030
2330	4891
4891	7047
2331	4892
4892	7062
2332	4893
2333	4894
4894	7061
2334	4895
4895	7063
2335	4896
4896	7064
2336	6315
2337	4897
2337	6316
2338	4898
2338	6317
2339	4899
4899	7065
2340	4900
4900	7066
2341	4901
4901	7067
2342	4902
4902	2343
4902	2345
4902	6623
2344	4903
4903	7068
2345	6318
2346	4904
4904	7069
2347	4905
4905	2412
2348	4906
4906	7070
2349	4907
4907	7071
2350	6319
2351	4908
2352	4909
4909	2353
4909	7072
2354	4910
4910	7073
2355	4911
2355	6320
4911	7074
6320	2427
6320	2440
6320	2442
6320	2456
2356	4912
4912	2357
4912	2363
4912	6321
2358	4913
4913	7073
2359	4914
4914	7075
2360	4915
4915	7071
2361	4916
4916	7076
2362	4917
4917	7077
2363	6321
6321	5146
2364	4918
2365	4919
2366	4920
4920	7078
2367	4921
4921	7079
2368	4922
2368	6322
4922	2371
6322	2370
6322	2377
6322	2379
6322	2386
6322	2389
6322	2392
6322	2408
6322	2411
6322	2412
6322	2422
6322	2428
6322	2429
6322	2439
6322	2443
6322	2447
6322	2449
6322	2452
6322	2453
6322	2454
6322	2458
6322	2528
6322	2533
6322	2535
6322	2570
6322	2578
6322	2605
6322	2607
6322	2609
6322	2611
6322	2620
6322	2624
6322	2627
6322	2630
6322	2652
6322	2656
6322	2684
6322	2696
6322	2697
6322	2726
6322	2729
6322	2833
6322	2849
6322	2850
6322	2910
6322	3050
6322	3061
6322	3154
6322	3199
6322	5286
6322	5293
2369	4923
4923	7080
2370	4924
2372	4925
4925	7081
2373	4926
4926	6401
2374	4927
4927	7082
2375	4928
2376	4929
2376	6323
4929	6331
6323	4932
2377	4930
4930	2378
4930	2380
4930	7083
2379	4931
4931	7085
2380	6324
2381	4932
2382	4933
4933	2478
4933	7084
2383	4934
4934	7086
2384	4935
4935	7087
2385	4936
4936	7088
2386	4937
4937	2387
2388	4938
4938	2389
4938	7089
2390	4939
4939	2392
4939	7090
2391	4940
2391	6325
4940	2393
4940	7092
6325	5403
2394	4941
4941	7093
2395	4942
4942	2403
4942	2992
4942	7091
2396	4943
4943	7094
2397	4944
4944	6614
2398	4945
2398	6326
4945	6326
6326	5031
6326	5412
6326	5409
6326	5422
6326	5480
6326	5482
6326	5551
2399	4946
4946	7095
2400	4947
2400	6327
4947	6327
6327	4956
6327	4971
6327	4979
6327	4980
6327	5742
6327	5767
6327	5774
2401	4948
2402	4949
2403	6328
6328	2869
6328	3046
6328	3184
6328	3209
6328	5741
6328	5837
6328	5881
2404	4950
4950	7017
2405	4951
4951	6579
2406	4952
2407	4953
4953	2408
2409	4954
4954	6920
2410	4955
4955	7096
2411	4956
2413	6329
2414	4957
2414	6330
4957	7059
6330	2417
2415	4958
2415	6331
4958	6331
6331	2426
6331	2435
6331	2888
6331	2890
6331	2891
6331	2897
6331	2906
6331	2922
6331	2926
6331	2930
6331	2933
6331	2937
6331	2939
6331	2967
6331	2972
6331	2978
6331	2979
6331	3167
6331	3171
6331	4968
6331	4976
6331	5756
6331	5327
6331	5845
6331	5334
6331	5850
6331	5350
6331	5357
6331	5360
6331	5374
6331	5384
6331	5383
6331	5867
6331	5524
2416	4959
2417	4960
2418	4961
4961	7097
2419	4962
4962	7098
2420	4963
4963	7071
2421	4964
4964	7099
2422	4965
4965	2423
2424	4966
4966	6800
2425	4967
4967	7100
2426	4968
2427	4969
4969	7101
2428	4970
4970	7102
2429	4971
2430	4972
4972	7103
2431	6332
2432	4973
4973	7104
2433	4974
4974	6793
2434	4975
4975	2441
4975	2444
4975	7106
2435	4976
2436	4977
2436	6333
4977	6527
2437	4978
4978	7108
2438	4979
2439	4980
2440	4981
4981	7105
2442	4982
4982	7110
2443	4983
2445	4984
4984	7109
2446	4985
4985	7111
2447	4986
4986	6889
2448	4987
4987	2501
2449	4988
4988	7112
2450	4989
2451	4990
4990	7113
2452	4991
4991	7114
2453	4992
4992	7115
2454	4993
4993	7116
2455	4994
4994	7118
2456	4995
4995	3192
4995	7119
2457	4996
4996	7117
2458	4997
4997	7121
2459	6334
6334	2466
6334	5745
2460	4998
2460	6335
4998	2462
4998	7123
2461	4999
2461	6336
4999	7120
6336	2462
6336	2472
6336	2484
6336	2491
2463	6337
2464	5000
5000	2469
5000	2945
5000	2946
5000	7126
2465	5001
2465	6338
2466	5002
5002	7124
2467	5003
5003	7127
2468	6339
6339	2469
2470	5004
5004	7128
2471	6340
2472	5005
5005	7129
2473	5006
5006	7130
2474	5007
5007	7125
2476	5008
5008	7122
2477	5009
5009	7131
2478	6341
2479	5010
5010	7132
2480	5011
5011	7134
2481	5012
5012	7133
2482	5013
5013	6845
2483	5014
5014	7103
2484	5015
5015	3120
5015	7135
2485	6342
2486	5016
5016	7137
2487	5017
2487	6343
5017	2520
5017	7136
6343	2493
2488	5018
5018	7139
2489	5019
5019	2491
2490	5020
5020	7138
2492	5021
5021	6365
2494	5022
2495	5023
5023	2497
5023	6361
2496	5024
5024	2525
5024	6348
2498	5025
5025	7140
2499	5026
5026	7141
2500	5027
5027	7142
2502	5028
5028	7143
2503	5029
2504	5030
5030	3207
2505	5031
5031	2541
2506	5032
5032	7148
2507	5033
5033	7144
2508	5034
5034	7147
2509	6344
2510	5035
2510	6345
5035	7149
6345	2516
6345	2517
6345	5041
2511	5036
5036	2512
5036	7150
2513	5037
5037	2514
5037	7014
2515	5038
5038	2517
5038	7151
2516	5039
5039	7145
2518	5040
5040	7152
2519	5041
2520	6346
2521	5042
2521	6347
5042	7153
6347	2522
6347	5750
2522	5043
5043	2523
5043	7155
2524	5044
5044	7154
2525	6348
2526	5045
5045	2527
5045	2528
5045	6467
2529	6349
2530	5046
2531	5047
5047	7157
2532	6350
2533	5048
5048	7158
2534	6351
2535	5049
5049	6619
2536	5050
2537	5051
5051	7107
2538	5052
2539	5053
5053	6353
2540	5054
5054	7159
2541	6352
2542	5055
5055	7160
2543	5056
5056	2695
5056	7161
2544	5057
5057	7160
2545	5058
2546	5059
5059	2554
5059	6356
2547	5060
5060	7162
2548	5061
2548	6353
5061	6353
6353	5761
2549	5062
2549	6354
5062	2550
5062	7163
6354	5757
2551	5063
2552	5064
5064	7165
2553	5065
2553	6355
5065	7162
2554	6356
2556	5066
5066	7166
2557	5067
5067	7167
2558	5068
5068	2563
5068	7169
2559	5069
5069	7170
2560	6357
6357	2702
2561	5070
5070	7168
2562	5071
2562	6358
5071	2564
5071	6480
6358	2563
6358	2566
6358	2567
6358	2579
2565	5072
5072	7172
2566	5073
5073	7171
2567	5074
5074	7116
2568	5075
5075	6909
2569	5076
5076	2570
5076	7173
2571	5077
5077	7174
2572	5078
2573	5079
5079	2574
5079	7176
2575	6359
2576	5080
5080	2577
5080	2585
5080	7177
2578	5081
5081	6909
2579	5082
5082	7175
2580	5083
5083	7178
2581	5084
5084	7179
2582	5085
5085	7180
2583	5086
5086	7123
2584	6360
2586	5087
5087	7181
2587	5088
5088	7182
2588	5089
5089	7183
2589	5090
5090	7176
2590	5091
5091	7087
2591	5092
5092	7184
2592	5093
5093	7169
2593	5094
5094	7169
2594	5095
2594	6361
5095	2640
5095	3172
5095	6439
6361	2626
6361	2677
6361	3002
6361	3003
6361	3009
6361	3010
6361	3011
6361	5096
6361	5097
6361	5123
6361	5775
6361	5130
6361	5208
6361	5401
6361	5437
2595	5096
2596	5097
2597	5098
5098	7185
2598	5099
5099	7186
2599	5100
5100	7049
2600	5101
5101	6467
2601	5102
5102	6836
2602	6362
2603	5103
5103	7187
2604	5104
5104	2605
5104	7084
2606	6363
2607	5105
2608	5106
5106	7188
2609	5107
5107	7192
2610	5108
5108	7189
2611	5109
5109	7084
2612	5110
5110	2615
5110	7191
2613	5111
5111	7193
2614	5112
5112	7193
2616	5113
2616	6364
5113	6364
6364	2635
6364	5117
6364	5772
6364	5773
6364	5127
6364	5776
6364	5137
6364	5779
6364	5147
2617	5114
5114	7193
2618	5115
5115	6836
2619	5116
5116	7190
2620	5117
2621	5118
5118	7194
2622	5119
5119	2623
5119	7195
2624	5120
5120	7196
2625	5121
5121	7197
2626	5122
5122	2627
5122	7196
2628	5123
5123	2629
5123	2630
5123	2631
2632	5124
5124	7169
2633	5125
2633	6365
5125	3033
5125	7198
6365	2695
2634	5126
2635	5127
2636	5128
5128	2637
5128	7199
2638	5129
5129	6368
2639	5130
2639	6366
6366	2640
2641	5131
5131	7201
2642	5132
5132	7200
2643	5133
2643	6367
5133	2647
2644	5134
2644	6368
5134	2649
2645	5135
5135	7202
2646	5136
2648	5137
2650	5138
5138	7205
2651	5139
2652	5140
5140	7206
2653	5141
5141	7180
2654	5142
5142	2655
5142	2763
5142	7207
2656	5143
5143	2660
5143	7209
2657	5144
5144	7210
2658	5145
5145	7211
2659	5146
2661	6369
2662	6370
2664	5147
2665	5148
2666	5149
5149	6376
2667	5150
5150	7208
2668	6371
2669	6372
2670	6373
2671	5151
2671	6374
5151	2972
5151	7208
6374	2672
6374	5785
2672	5152
5152	7212
2673	5153
5153	7160
2674	5154
2674	6375
5154	2926
5154	2974
5154	7204
6375	3016
2675	5155
5155	7213
2676	5156
5156	6376
2677	5157
5157	7215
2678	5158
2678	6376
5158	6376
2679	5159
2679	6377
2680	5160
5160	7214
2681	5161
5161	7160
2682	5162
2682	6378
5162	7007
2683	5163
5163	7156
2684	5164
5164	6380
2685	5165
5165	7160
2686	5166
5166	2692
5166	7215
2687	6379
2688	5167
5167	7078
2689	5168
5168	7218
2690	5169
5169	7007
2691	5170
5170	2693
2694	5171
2694	6380
5171	6380
6380	5294
2696	5172
5172	2715
5172	7219
2697	5173
5173	7220
2698	5174
5174	6383
2699	5175
2700	6381
2701	5176
5176	7222
2702	5177
5177	7160
2703	5178
2703	6382
5178	2704
5178	7223
2705	5179
5179	2706
5179	3097
5179	7115
2707	5180
5180	2735
5180	7116
2708	5181
2708	6383
5181	2725
5181	6383
6383	2730
6383	5193
6383	5194
6383	5195
2709	5182
5182	7095
2710	5183
2710	6384
5183	7221
6384	5793
6384	5321
2711	5184
2712	5185
2713	5186
2714	5187
5187	3010
5187	7224
2715	6385
2716	5188
5188	7225
2717	6386
2718	5189
5189	7227
2719	5190
5190	2723
5190	2724
5190	7226
2720	5191
5191	7228
2721	5192
2722	5193
2722	6387
2723	6388
2725	6389
2726	5194
5194	2730
2727	5195
2728	5196
5196	7222
2729	5197
5197	3022
5197	7007
2731	5198
5198	7224
2732	6390
2733	5199
5199	7180
2734	5200
2735	6391
2736	5201
2737	5202
5202	7230
2738	5203
2739	5204
5204	7231
2741	5205
2741	6392
5205	2744
5205	7232
6392	5695
2742	5206
2742	6393
5206	2911
5206	7229
2743	5207
5207	7233
2745	5208
2745	6394
2746	5209
2746	6395
5209	2747
6395	2751
6395	2754
6395	2755
6395	2756
6395	2757
6395	2767
6395	2770
6395	2773
6395	2776
6395	2810
6395	2813
6395	2815
6395	2822
6395	2825
6395	2835
6395	2839
6395	2851
6395	2855
6395	2863
6395	2879
6395	2880
6395	2884
6395	2895
6395	2899
6395	2948
6395	2960
6395	2997
6395	3023
6395	3029
6395	3092
6395	3130
6395	3177
6395	3193
6395	5256
2748	5210
5210	2749
5210	2752
5210	7234
2749	6396
6396	2758
6396	5213
6396	5222
2750	5211
5211	7211
2751	5212
5212	7235
2753	5213
2753	6397
6397	3097
2754	5214
2755	5215
5215	7160
2756	5216
5216	7236
2757	5217
5217	7237
2758	5218
5218	7238
2759	5219
5219	7239
2760	5220
5220	6437
2761	5221
2761	6398
5221	2762
5221	2764
5221	6399
2762	6399
6399	2766
6399	2784
6399	5223
6399	5237
6399	5818
2765	5222
2766	5223
5223	2782
2767	5224
5224	2807
5224	7240
2768	5225
5225	2769
5225	7103
2770	5226
5226	7164
2771	5227
2771	6400
5227	2777
5227	6400
2772	5228
2773	5229
5229	7242
2774	5230
5230	2781
5230	7243
2775	5231
2775	6401
5231	6401
2776	5232
5232	7244
2778	5233
5233	6430
2779	5234
2779	6402
5234	6402
6402	5247
6402	5397
2780	5235
5235	7241
2781	6403
6403	2782
6403	2787
6403	2789
6403	2792
6403	2843
6403	2868
6403	2876
6403	2964
6403	3111
6403	3180
6403	3197
2783	5236
5236	7242
2784	5237
2785	5238
5238	7246
2786	5239
5239	7247
2787	5240
5240	7245
2788	5241
5241	7164
2789	5242
5242	7248
2790	5243
2790	6404
5243	7216
6404	5244
2791	5244
2792	5245
5245	7249
2793	5246
2793	6405
5246	7250
6405	2795
6405	2796
6405	2799
6405	2801
6405	2803
6405	2826
6405	2828
6405	2830
6405	2842
2794	5247
2794	6406
5247	2795
6406	3060
6406	5441
2796	5248
5248	7251
2797	5249
2797	6407
5249	6407
6407	5372
2798	6408
2799	5250
5250	7236
2800	5251
2800	6409
5251	6430
2801	5252
5252	7252
2802	5253
5253	2803
5253	7253
2804	5254
5254	7164
2805	5255
2806	5256
2810	5257
5257	2811
5257	7255
2812	6410
2813	5258
5258	2814
5258	7257
2815	5259
5259	7258
2816	5260
2816	6411
5260	7193
2817	5261
2818	5262
5262	7254
2819	6412
2820	5263
2821	6413
2822	5264
5264	7259
2823	5265
5265	7256
2824	5266
5266	7095
2825	5267
5267	7261
2826	5268
5268	6415
2827	5269
2827	6414
5269	7260
6414	2840
6414	2853
6414	2854
2828	5270
5270	7242
2829	5271
2829	6415
5271	7262
2830	5272
2831	5273
2832	5274
5274	7256
2833	5275
5275	7263
2834	5276
5276	2848
5276	7264
2835	5277
5277	7265
2837	5278
5278	7266
2838	5279
2839	5280
5280	7164
2840	5281
2841	5282
5282	2843
5282	6924
2842	5283
5283	7267
2844	6416
2845	5284
2845	6417
5284	7242
2846	5285
5285	7268
2847	5286
2848	6418
2849	5287
5287	6924
2850	5288
5288	7269
2851	5289
5289	6422
2852	5290
2853	5291
5291	7164
2854	5292
5292	2855
5292	7164
2856	5293
2857	5294
2858	5295
5295	6430
2860	5296
5296	7270
2861	5297
5297	7104
2862	5298
5298	7271
2863	5299
5299	7164
2864	5300
2865	5301
5301	6430
2866	6419
2867	5302
5302	7272
2868	5303
5303	7203
2869	5304
5304	7273
2870	5305
5305	7164
2871	5306
5306	7274
2872	5307
5307	7107
2873	6420
2874	5308
5308	7275
2875	5309
5309	7107
2876	5310
5310	2877
5310	7232
2878	5311
2878	6421
5311	2879
5311	7164
2880	5312
5312	7164
2881	5313
5313	7160
2882	5314
5314	7160
2883	5315
5315	7278
2884	5316
5316	7279
2885	5317
5317	7277
2886	5318
5318	2889
5318	7277
2887	5319
2888	5320
5320	7280
2890	5321
2891	5322
5322	7276
2892	5323
2892	6422
5323	2943
5323	7281
6422	5830
2893	5324
5324	2907
5324	2909
5324	7277
2894	5325
5325	2895
2896	5326
5326	7282
2897	5327
2898	5328
5328	7283
2899	5329
2900	5330
2900	6423
5330	2951
6423	2901
6423	2920
6423	2936
2901	5331
5331	2902
5331	2905
5331	6426
2903	5332
2903	6424
5332	7282
2904	5333
2904	6425
5333	2914
5333	6425
6425	5883
2905	6426
2906	5334
2908	5335
5335	2910
5335	2929
5335	7285
2912	5336
5336	2956
2913	5337
5337	7160
2915	5338
5338	7284
2916	5339
5339	7288
2917	5340
5340	7287
2918	5341
5341	7286
2919	5342
5342	2925
5342	6431
2920	5343
5343	7289
2921	5344
5344	7290
2922	5345
5345	2923
5345	6427
2923	6427
6427	5849
2924	5346
5346	6430
2927	5347
5347	7291
2928	5348
2930	5349
2931	5350
5350	2933
2932	5351
5351	7164
2934	5352
5352	7292
2935	5353
2936	5354
5354	7288
2937	5355
5355	7294
2938	5356
5356	2940
5356	6428
2939	5357
2940	6428
6428	2942
6428	2943
6428	2944
6428	2945
2941	6429
2942	5358
5358	2947
5358	2948
5358	7164
2944	5359
2946	6430
6430	2947
6430	2954
6430	3152
6430	5848
6430	5364
6430	5373
6430	5379
6430	5429
6430	5877
6430	5477
6430	5492
6430	5505
6430	5537
2949	5360
2950	5361
5361	7248
2952	5362
5362	7164
2953	5363
5363	7293
2954	5364
2955	5365
2957	5366
2957	6431
5366	6431
2958	6432
2959	5367
2960	5368
2961	5369
5369	6436
2962	5370
2963	5371
5371	7295
2964	5372
2965	5373
2966	5374
2967	5375
5375	2968
5375	7296
2969	5376
5376	6444
2970	5377
5377	7297
2971	5378
2971	6433
5378	6433
6433	3063
6433	3064
6433	3065
6433	3066
6433	3070
6433	3071
6433	3078
6433	3079
6433	3084
6433	3086
6433	3094
6433	3112
6433	3201
2973	5379
2975	5380
5380	7299
2976	5381
5381	2980
5381	6434
2977	5382
5382	7164
2978	5383
2979	5384
2980	6434
6434	5388
6434	5460
6434	5468
6434	5479
2981	5385
5385	7300
2982	5386
2982	6435
2983	5387
2984	5388
2985	5389
5389	2986
5389	6436
2986	6436
2987	5390
5390	7300
2988	5391
5391	2990
5391	3146
2989	5392
5392	7164
2991	5393
5393	7302
2992	6437
6437	5878
2993	5394
2994	5395
2995	5396
5396	7164
2996	5397
2997	5398
5398	6442
2998	5399
2998	6438
2999	5400
5400	7304
3000	5401
3001	5402
5402	7306
3002	5403
5403	3038
3003	5404
5404	7307
3004	5405
5405	7308
3005	5406
5406	7309
3006	5407
5407	3013
3007	5408
3007	6439
5408	6439
3008	5409
3008	6440
5409	3009
3011	5410
5410	7141
3012	5411
5411	7123
3014	5412
3014	6441
6441	3015
6441	3057
3015	5413
3016	5414
3017	5415
5415	3019
5415	6442
3018	5416
5416	7310
3019	6442
3020	5417
5417	7312
3021	5418
5418	7311
3023	5419
5419	3024
5419	7314
3025	5420
5420	7132
3026	5421
5421	7316
3027	5422
3028	5423
5423	7315
3029	5424
5424	3030
5424	3046
5424	7217
3031	5425
3032	5426
5426	7301
3033	6443
3034	5427
3034	6444
6444	3035
6444	5870
3035	5428
5428	7313
3036	5429
3037	6445
3039	5430
3040	5431
3040	6446
5431	3041
5431	3043
5431	3044
5431	7317
3041	6447
3042	6448
3043	6449
3044	6450
3045	5432
5432	7270
3047	5433
5433	7318
3048	5434
3048	6451
3049	5435
5435	6456
3050	5436
3051	6452
3052	5437
5437	3057
3053	5438
3053	6453
5438	7321
6453	3054
6453	3056
3054	5439
5439	7317
3055	5440
5440	7322
3056	5441
3058	5442
5442	6845
3059	6454
6454	3100
3060	5443
5443	7319
3061	5444
5444	3083
5444	6457
3062	5445
3062	6455
5445	7164
6455	3074
6455	3081
3063	5446
5446	7323
3064	5447
5447	7303
3065	5448
3066	5449
5449	3067
5449	7324
3068	5450
5450	7305
3069	5451
5451	6456
3070	5452
3072	5453
5453	3076
5453	7325
3073	5454
5454	3075
5454	6456
3074	5455
5455	7327
3075	6456
3077	5456
5456	7328
3078	5457
5457	7329
3079	5458
5458	7330
3080	5459
5459	7226
3081	5460
3082	5461
5461	7331
3083	6457
3084	5462
3085	5463
3086	5464
5464	7310
3087	5465
3087	6458
5465	3088
5465	6994
6458	3088
3089	5466
5466	7226
3090	5467
5467	7226
3091	5468
3091	6459
3092	5469
5469	3093
5469	3102
5469	7332
3094	5470
5470	7326
3095	5471
5471	7333
3096	5472
3096	6460
5472	7217
3098	5473
5473	7267
3099	5474
3100	5475
5475	7334
3101	5476
5476	7335
3103	5477
3104	5478
5478	7336
3105	5479
3106	5480
3107	5481
5481	7338
3108	5482
3109	5483
3110	5484
5484	7339
3111	5485
5485	3112
5485	7320
3113	5486
5486	3115
5486	7337
3114	5487
5487	7320
3116	5488
5488	3119
5488	7340
3117	5489
5489	7341
3118	6461
3120	6462
3121	6463
3122	5490
5490	7342
3123	5491
5491	7343
3124	5492
3125	5493
5493	7320
3126	5494
5494	7344
3127	5495
5495	7104
3128	5496
5496	7346
3129	5497
5497	7326
3130	5498
5498	7345
3131	5499
5499	7347
3132	5500
3132	6464
5500	3134
5500	7320
3133	5501
5501	7348
3135	6465
3136	5502
5502	3137
3138	5503
5503	3141
5503	7103
3139	5504
5504	7350
3140	5505
3142	5506
5506	7349
3143	5507
5507	3144
5507	7348
3145	5508
5508	7351
3146	6466
3147	5509
5509	7352
3148	5510
5510	3149
5510	7146
3150	5511
5511	7160
3151	5512
5512	7164
3152	5513
5513	3153
5513	7164
3154	5514
5514	3158
5514	7354
3155	5515
5515	3156
5515	7315
3157	5516
5516	7355
3158	6467
6467	3168
3159	5517
5517	3179
5517	3183
5517	3186
5517	7356
3160	5518
5518	7353
3161	5519
5519	7357
3162	5520
5520	3164
5520	7358
3163	5521
5521	7359
3165	5522
5522	7360
3166	5523
5523	3168
5523	7346
3167	5524
3169	5525
5525	7361
3170	5526
5526	7346
3171	5527
5527	3174
5527	7320
3173	5528
5528	7165
3175	5529
5529	7346
3176	5530
5530	7362
3177	5531
5531	7363
3178	5532
5532	7364
3180	5533
5533	7365
3181	5534
3182	5535
5535	3184
5535	7366
3185	5536
5536	7367
3187	5537
3188	5538
3189	5539
5539	7368
3190	6468
3191	5540
3191	6469
3193	5541
5541	3194
5541	7369
3195	5542
5542	7370
3196	5543
5543	7372
3197	5544
5544	7370
3198	5545
5545	6480
3199	5546
5546	3203
5546	7374
3200	5547
5547	7373
3201	5548
5548	7371
3202	5549
3202	6470
5549	7107
6470	5890
3204	5550
5550	3209
5550	7298
3205	5551
3206	5552
5552	7375
3207	6471
3208	5553
5553	7164
6477	5571
6486	5564
6491	5584
6521	5562
6528	5563
6529	5565
6530	5582
6550	5575
6550	5577
6581	5567
6581	5619
6592	5570
6610	5790
6612	5583
6619	5753
6619	5759
6632	5587
6670	5586
6670	5714
6682	5600
6700	5615
6703	5590
6714	5655
6743	5601
6744	5612
6769	5602
6771	5658
6776	5604
6793	5608
6795	5613
6795	5614
6800	5724
6800	5814
6801	5691
6803	5617
6803	5620
6817	5686
6821	5626
6823	5777
6827	5629
6835	5702
6836	5782
6837	5632
6838	5651
6842	5717
6845	5637
6845	5811
6845	5815
6859	5643
6864	5645
6864	5646
6867	5647
6868	5649
6888	5657
6888	5664
6888	5729
6889	5748
6896	5656
6896	5728
6896	5730
6901	5679
6908	5663
6909	5662
6938	5764
6940	5673
6945	5671
6956	5824
6959	5683
6976	5846
6978	5687
6978	5690
6978	5817
6982	5763
7005	5712
7005	5723
7005	5727
7007	5719
7007	5765
7007	5791
7007	5794
7007	5796
7007	5797
7007	5800
7007	5802
7007	5804
7007	5806
7007	5810
7020	5718
7030	5780
7071	5732
7071	5736
7071	5788
7083	5784
7130	5766
7141	5831
7147	5891
7154	5755
7156	5751
7156	5758
7156	5762
7159	5836
7160	5841
7164	5760
7164	5819
7164	5852
7164	5853
7164	5856
7164	5865
7164	5868
7164	5871
7164	5880
7166	5834
7194	5771
7202	5807
7202	5808
7203	5781
7208	5783
7211	5813
7211	5822
7213	5795
7213	5859
7214	5787
7217	5789
7217	5884
7218	5809
7222	5803
7222	5812
7226	5799
7244	5816
7244	5828
7248	5851
7248	5886
7248	5888
7267	5895
7277	5840
7277	5844
7280	5843
7280	5847
7285	5857
7291	5861
7298	5854
7308	5862
7308	5866
7309	5864
7309	5876
7310	5863
7310	5869
7320	5872
7322	5874
7326	5885
7346	5889
7356	5887
7356	5893
