25307	35
25308	30
25309	18
25310	22
25311	43
25312	46
25313	21
25314	8
25315	54
25316	23
25317	62
25318	40
25319	68
25320	9
25321	76
25322	75
25323	72
25324	79
25325	16
25326	85
25327	93
25328	92
25329	89
25330	96
25331	102
25332	107
25333	109
25334	108
25335	118
25336	125
25337	126
25338	41
25339	128
25340	129
25341	65
25342	141
25343	144
25344	117
25345	147
25346	151
25347	150
25348	86
25349	98
25350	156
25351	160
25352	61
25353	94
25354	166
25355	34
25356	169
25357	173
25358	155
25359	77
25360	180
25361	174
25362	188
25363	197
25364	208
25365	209
25366	224
25367	226
25368	202
25369	193
25370	238
25371	234
25372	246
25373	252
25374	251
25375	132
25376	259
25377	269
25378	284
25379	300
25380	295
25381	307
25382	312
25383	320
25384	328
25385	335
25386	250
25387	343
25388	13
25389	347
25390	353
25391	354
25392	359
25393	288
25394	374
25395	377
25396	385
25397	362
25398	393
25399	394
25400	203
25401	404
25402	405
25403	413
25404	364
25405	204
25406	398
25407	417
25408	432
25409	256
25410	442
25411	441
25412	452
25413	453
25414	456
25415	474
25416	484
25417	487
25418	494
25419	367
25420	500
25421	475
25422	338
25423	507
25424	435
25425	457
25426	501
25427	545
25428	547
25429	569
25430	571
25431	568
25432	142
25433	5
25434	578
25435	587
25436	241
25437	606
25438	165
25439	618
25440	620
25441	282
25442	632
25443	634
25444	639
25445	641
25446	642
25447	645
25448	648
25449	650
25450	614
25451	661
25452	613
25453	665
25454	667
25455	669
25456	649
25457	678
25458	686
25459	689
25460	695
25461	697
25462	363
25463	599
25464	716
25465	728
25466	736
25467	738
25468	739
25469	760
25470	720
25471	782
25472	792
25473	755
25474	525
25475	718
25476	823
25477	824
25478	827
25479	805
25480	822
25481	838
25482	785
25483	486
25484	850
25485	14
25486	422
25487	860
25488	868
25489	573
25490	879
25491	899
25492	907
25493	915
25494	878
25495	939
25496	940
25497	947
25498	565
25499	949
25500	70
25501	954
25502	973
25503	972
25504	978
25505	991
25506	993
25507	1017
25508	1040
25509	1041
25510	1045
25511	1054
25512	1058
25513	1068
25514	1069
25515	1093
25516	1096
25517	758
25518	1099
25519	323
25520	1103
25521	1109
25522	1122
25523	1124
25524	1135
25525	270
25526	1143
25527	1147
25528	872
25529	1161
25530	932
25531	1166
25532	1167
25533	1038
25534	1173
25535	845
25536	1188
25537	1190
25538	1197
25539	1154
25540	927
25541	1214
25542	1217
25543	1225
25544	1228
25545	1230
25546	177
25547	212
25548	1284
25549	213
25550	1287
25551	1290
25552	1291
25553	1286
25554	1266
25555	1298
25556	703
25557	773
25558	1325
25559	1353
25560	1293
25561	1361
25562	1369
25563	1388
25564	1389
25565	1396
25566	1350
25567	1345
25568	1407
25569	1378
25570	1431
25571	1176
25572	1433
25573	1435
25574	1434
25575	1437
25576	1288
25577	1451
25578	1453
25579	471
25580	420
25581	1464
25582	1466
25583	1472
25584	852
25585	1479
25586	1457
25587	1039
25588	1495
25589	1498
25590	1499
25591	1504
25592	1520
25593	206
25594	249
25595	1537
25596	1551
25597	1577
25598	1580
25599	1581
25600	105
25601	1590
25602	1605
25603	1608
25604	1609
25605	1612
25606	839
25607	1555
25608	1638
25609	1640
25610	1655
25611	1659
25612	195
25613	1661
25614	1669
25615	1670
25616	1150
25617	1664
25618	480
25619	1672
25620	1693
25621	1700
25622	1701
25623	1711
25624	1712
25625	1717
25626	1723
25627	1757
25628	1766
25629	1767
25630	1772
25631	1775
25632	1771
25633	1784
25634	1375
25635	1789
25636	1792
25637	1793
25638	1802
25639	1788
25640	1502
25641	1796
25642	1823
25643	1829
25644	1830
25645	1832
25646	1833
25647	1843
25648	1838
25649	1852
25650	1855
25651	1868
25652	1579
25653	1873
25654	1883
25655	1894
25656	1893
25657	1896
25658	1900
25659	1689
25660	1902
25661	1906
25662	1907
25663	1614
25664	1926
25665	5653
25666	1677
25667	1895
25668	1925
25669	1964
25670	1970
25671	1967
25672	1977
25673	1985
25674	1841
25675	2003
25676	2009
25677	2011
25678	576
25679	2017
25680	2019
25681	2032
25682	2034
25683	2038
25684	2049
25685	2051
25686	2062
25687	1811
25688	2064
25689	2078
25690	2090
25691	2070
25692	2100
25693	2074
25694	2123
25695	2115
25696	1993
25697	2031
25698	281
25699	1990
25700	2094
25701	2140
25702	2146
25703	2098
25704	2151
25705	2157
25706	2164
25707	2169
25708	2172
25709	2184
25710	2187
25711	2190
25712	2195
25713	1513
25714	2213
25715	2216
25716	2217
25717	2220
25718	2145
25719	1898
25720	2240
25721	2243
25722	2246
25723	175
25724	2251
25725	2944
25726	904
25727	2274
25728	747
25729	1496
25730	1085
25731	2308
25732	2258
25733	1494
25734	2334
25735	2342
25736	2343
25737	2347
25738	2349
25739	1152
25740	1405
25741	2356
25742	2357
25743	553
25744	2359
25745	1973
25746	2351
25747	2228
25748	2372
25749	2380
25750	1846
25751	2387
25752	1992
25753	2417
25754	2426
25755	2444
25756	2445
25757	2452
25758	2455
25759	1891
25760	2477
25761	2489
25762	2496
25763	2500
25764	2502
25765	2507
25766	2509
25767	2510
25768	2481
25769	2526
25770	2482
25771	2532
25772	2545
25773	1745
25774	2559
25775	399
25776	2575
25777	2546
25778	2592
25779	2595
25780	2465
25781	2607
25782	2610
25783	2534
25784	2336
25785	2626
25786	2631
25787	2637
25788	2665
25789	2669
25790	2673
25791	2678
25792	2681
25793	884
25794	181
25795	2700
25796	2501
25797	2701
25798	1310
25799	2713
25800	2716
25801	2407
25802	2717
25803	2725
25804	91
25805	2740
25806	2366
25807	2751
25808	2761
25809	2763
25810	2766
25811	2786
25812	2790
25813	2231
25814	2793
25815	2819
25816	2822
25817	2824
25818	2652
25819	2834
25820	2726
25821	2841
25822	2844
25823	2624
25824	2862
25825	2423
25826	2875
25827	2876
25828	2877
25829	2891
25830	2895
25831	1803
25832	2905
25833	1546
25834	663
25835	2919
25836	2923
25837	1882
25838	2939
25839	2894
25840	2315
25841	2958
25842	2965
25843	2971
25844	2866
25845	2984
25846	2987
25847	2754
25848	1812
25849	3005
25850	3009
25851	3011
25852	3014
25853	3021
25854	3022
25855	3024
25856	10871
25857	3033
25858	3036
25859	2993
25860	3029
25861	3040
25862	3041
25863	3045
25864	3061
25865	3065
25866	3071
25867	2702
25868	3076
25869	3079
25870	2059
25871	3051
25872	3097
25873	2850
25874	1786
25875	2811
25876	2951
25877	3132
25878	3139
25879	3147
25880	3155
25881	3156
25882	3169
25883	3162
25884	3173
25885	3178
25886	3138
25887	3190
25888	3211
25889	752
25890	3213
25891	3225
25892	3232
25893	3234
25894	3238
25895	3245
25896	3249
25897	3250
25898	3253
25899	913
25900	3056
25901	3274
25902	3282
25903	313
25904	1395
25905	3323
25906	3324
25907	3354
25908	3356
25909	3366
25910	3374
25911	3380
25912	3383
25913	3333
25914	3397
25915	3402
25916	3410
25917	3407
25918	3420
25919	3423
25920	3425
25921	3442
25922	3446
25923	3449
25924	3455
25925	766
25926	3451
25927	3464
25928	3448
25929	1309
25930	3427
25931	3496
25932	3342
25933	2842
25934	3509
25935	3520
25936	3526
25937	3058
25938	3532
25939	3528
25940	3494
25941	3288
25942	3546
25943	3554
25944	3468
25945	3556
25946	3562
25947	3566
25948	3573
25949	3577
25950	3579
25951	3582
25952	1064
25953	3585
25954	3593
25955	3090
25956	3603
25957	3606
25958	3609
25959	3614
25960	3618
25961	3623
25962	732
25963	2178
25964	3640
25965	3652
25966	3283
25967	3654
25968	3656
25969	3664
25970	3644
25971	3671
25972	3673
25973	3677
25974	3688
25975	3695
25976	3696
25977	3698
25978	3699
25979	3702
25980	3728
25981	3730
25982	3736
25983	3737
25984	2830
25985	3751
25986	3713
25987	3661
25988	3476
25989	3770
25990	3778
25991	3777
25992	3780
25993	301
25994	3804
25995	3814
25996	3817
25997	3824
25998	3836
25999	3818
26000	3847
26001	3750
26002	3848
26003	3852
26004	3835
26005	3854
26006	344
26007	3865
26008	3870
26009	3936
26010	3938
26011	3942
26012	3826
26013	3951
26014	3957
26015	3969
26016	3988
26017	3989
26018	3497
26019	4004
26020	4006
26021	4011
26022	4014
26023	4020
26024	4022
26025	4025
26026	4034
26027	4037
26028	4039
26029	4043
26030	4047
26031	4053
26032	3999
26033	4060
26034	4074
26035	4078
26036	4101
26037	4104
26038	3941
26039	4107
26040	588
26041	4121
26042	4130
26043	4138
26044	4145
26045	4148
26046	4176
26047	4178
26048	2320
26049	4225
26050	4227
26051	4228
26052	4235
26053	4234
26054	4241
26055	4252
26056	4257
26057	4249
26058	4267
26059	4272
26060	4277
26061	4280
26062	4281
26063	4285
26064	4286
26065	4291
26066	4299
26067	2916
26068	4304
26069	4301
26070	4311
26071	4331
26072	3943
26073	4342
26074	4347
26075	3634
26076	4357
26077	4359
26078	4338
26079	4370
26080	4058
26081	4397
26082	4402
26083	4334
26084	4407
26085	4409
26086	2813
26087	4411
26088	4412
26089	4414
26090	4423
26091	4429
26092	4440
26093	4442
26094	4133
26095	4444
26096	4446
26097	1487
26098	4460
26099	4464
26100	4465
26101	4470
26102	4207
26103	4273
26104	4480
26105	4482
26106	4479
26107	4486
26108	4473
26109	4493
26110	4505
26111	4506
26112	4508
26113	4518
26114	4524
26115	4530
26116	4535
26117	4543
26118	4550
26119	4565
26120	4571
26121	4573
26122	4576
26123	4574
26124	3718
26125	4570
26126	4593
26127	4489
26128	4603
26129	4608
26130	4611
26131	1621
26132	4618
26133	4632
26134	4639
26135	4641
26136	2899
26137	4658
26138	4660
26139	4662
26140	4663
26141	4670
26142	4674
26143	4675
26144	4677
26145	4682
26146	4683
26147	4684
26148	4688
26149	4705
26150	4706
26151	4712
26152	4118
26153	4724
26154	4727
26155	4733
26156	4722
26157	4740
26158	4741
26159	4744
26160	4746
26161	4760
26162	4762
26163	4765
26164	4771
26165	4777
26166	2646
26167	4795
26168	4799
26169	4800
26170	4752
26171	4408
26172	4832
26173	4835
26174	4836
26175	4844
26176	4868
26177	4873
26178	4879
26179	4889
26180	4893
26181	4894
26182	4904
26183	3855
26184	4927
26185	4592
26186	4929
26187	4932
26188	4934
26189	4939
26190	4942
26191	4941
26192	4940
26193	4954
26194	4821
26195	4967
26196	4980
26197	4983
26198	4982
26199	4988
26200	4997
26201	4097
26202	5006
26203	4964
26204	4974
26205	4457
26206	5053
26207	5058
26208	5071
26209	5042
26210	5085
26211	5090
26212	5103
26213	2549
26214	5114
26215	5107
26216	5118
26217	5136
26218	5135
26219	5100
26220	5159
26221	5160
26222	3359
26223	5171
26224	5174
26225	5175
26226	5189
26227	5143
26228	5208
26229	4761
26230	5228
26231	5230
26232	5237
26233	5241
26234	5251
26235	5270
26236	5277
26237	5276
26238	5283
26239	5291
26240	5296
26241	3931
26242	4110
26243	390
26244	5316
26245	5323
26246	5334
26247	5362
26248	5259
26249	5238
26250	5347
26251	5368
26252	5370
26253	5372
26254	5377
26255	5390
26256	5391
26257	5397
26258	5398
26259	5415
26260	5419
26261	5421
26262	5427
26263	5271
26264	5444
26265	5450
26266	5452
26267	5455
26268	5465
26269	5492
26270	5333
26271	5499
26272	5500
26273	5502
26274	5503
26275	5505
26276	5531
26277	5540
26278	5508
26279	5563
26280	5569
26281	5576
26282	5544
26283	5586
26284	5588
26285	5583
26286	5590
26287	5594
26288	5595
26289	5604
26290	5605
26291	5515
26292	5625
26293	5627
26294	5318
26295	5638
26296	5642
26297	5646
26298	5650
26299	4528
26300	5668
26301	5679
26302	5695
26303	5699
26304	5702
26305	5711
26306	5051
26307	5666
26308	5722
26309	5013
26310	5731
26311	5178
26312	5738
26313	5744
26314	5746
26315	5753
26316	5757
26317	5761
26318	5763
26319	5769
26320	5783
26321	3113
26322	5793
26323	5796
26324	5070
26325	5815
26326	5798
26327	5830
26328	5752
26329	5836
26330	5860
26331	5626
26332	5880
26333	5884
26334	5887
26335	3684
26336	5904
26337	4186
26338	5804
26339	2946
26340	5929
26341	5947
26342	5948
26343	2189
26344	4086
26345	5969
26346	6008
26347	6009
26348	6011
26349	6015
26350	6027
26351	6037
26352	6044
26353	6050
26354	3355
26355	6056
26356	6072
26357	6087
26358	6090
26359	6076
26360	6109
26361	5547
26362	6119
26363	6129
26364	6134
26365	6138
26366	6081
26367	6146
26368	6151
26369	6150
26370	664
26371	6160
26372	6163
26373	6169
26374	6172
26375	6173
26376	6176
26377	5944
26378	6174
26379	6221
26380	5317
26381	6230
26382	6238
26383	6240
26384	6241
26385	6255
26386	6256
26387	5851
26388	6266
26389	6286
26390	6291
26391	6305
26392	6304
26393	6316
26394	6157
26395	2238
26396	6344
26397	6347
26398	6352
26399	6356
26400	6368
26401	6370
26402	6374
26403	6375
26404	6267
26405	6385
26406	6391
26407	6397
26408	6412
26409	6192
26410	6424
26411	6427
26412	6387
26413	6437
26414	6454
26415	6459
26416	6461
26417	6470
26418	6399
26419	6421
26420	6525
26421	6528
26422	6552
26423	6558
26424	6559
26425	6569
26426	6571
26427	6547
26428	6578
26429	6588
26430	6599
26431	6605
26432	6625
26433	6627
26434	6630
26435	5019
26436	6651
26437	6657
26438	6670
26439	6673
26440	6685
26441	6634
26442	6373
26443	6692
26444	6365
26445	6697
26446	6066
26447	6698
26448	6711
26449	5959
26450	6722
26451	6740
26452	6741
26453	6748
26454	6775
26455	6776
26456	6786
26457	6785
26458	6791
26459	6792
26460	6797
26461	6799
26462	6801
26463	6805
26464	6818
26465	6771
26466	6822
26467	6823
26468	6826
26469	6853
26470	6863
26471	6866
26472	6868
26473	6880
26474	6884
26475	6891
26476	6893
26477	6896
26478	6898
26479	6899
26480	6041
26481	6897
26482	6905
26483	6907
26484	6869
26485	6910
26486	6916
26487	6920
26488	6885
26489	6774
26490	6934
26491	6937
26492	6939
26493	6645
26494	6942
26495	6963
26496	6978
26497	6594
26498	7007
26499	7015
26500	6974
26501	7056
26502	4903
26503	7066
26504	7076
26505	7091
26506	7040
26507	7100
26508	7104
26509	7073
26510	7107
26511	7124
26512	7122
26513	6463
26514	6858
26515	7155
26516	7158
26517	2148
26518	5848
26519	7176
26520	7199
26521	7203
26522	7204
26523	7207
26524	7075
26525	7212
26526	7215
26527	7200
26528	7236
26529	7113
26530	7233
26531	7242
26532	7239
26533	7276
26534	6925
26535	2642
26536	7293
26537	6637
26538	7214
26539	7321
26540	6568
26541	7339
26542	7342
26543	7232
26544	7351
26545	7353
26546	7331
26547	7366
26548	7380
26549	7384
26550	7385
26551	7412
26552	7098
26553	7361
26554	7422
26555	7423
26556	7424
26557	4647
26558	6279
26559	7452
26560	6713
26561	4587
26562	7465
26563	7472
26564	7410
26565	7480
26566	7483
26567	7488
26568	7181
26569	7519
26570	7522
26571	6321
26572	7531
26573	3858
26574	7527
26575	7543
26576	7545
26577	7550
26578	7563
26579	7420
26580	7566
26581	7583
26582	6436
26583	7591
26584	7604
26585	6077
26586	7619
26587	7622
26588	7623
26589	4749
26590	7638
26591	7635
26592	7240
26593	7654
26594	7656
26595	7577
26596	7673
26597	7636
26598	7679
26599	7680
26600	7684
26601	7660
26602	7697
26603	7720
26604	7728
26605	4789
26606	7705
26607	7772
26608	6215
26609	7807
26610	7815
26611	7817
26612	7821
26613	5978
26614	7831
26615	5943
26616	7561
26617	7847
26618	7851
26619	7852
26620	7866
26621	7894
26622	7912
26623	7576
26624	7907
26625	7936
26626	7916
26627	7970
26628	7992
26629	7993
26630	8000
26631	8010
26632	8031
26633	8033
26634	8039
26635	8050
26636	8051
26637	8059
26638	8070
26639	8067
26640	8072
26641	8079
26642	8080
26643	8095
26644	8108
26645	8101
26646	8129
26647	8113
26648	8149
26649	8148
26650	8158
26651	8159
26652	8181
26653	8177
26654	8191
26655	8195
26656	8020
26657	8205
26658	8203
26659	8042
26660	8212
26661	8237
26662	8246
26663	8255
26664	8261
26665	8297
26666	8306
26667	8313
26668	8315
26669	8320
26670	8330
26671	8331
26672	8304
26673	8341
26674	8277
26675	16670
26676	8357
26677	8367
26678	8369
26679	8406
26680	8421
26681	8425
26682	8430
26683	8446
26684	8452
26685	8462
26686	8329
26687	8474
26688	8362
26689	8487
26690	8493
26691	8496
26692	8509
26693	8522
26694	8526
26695	8528
26696	8531
26697	8322
26698	8534
26699	8485
26700	8549
26701	8552
26702	8556
26703	8557
26704	2321
26705	8571
26706	8574
26707	8576
26708	8590
26709	8580
26710	8599
26711	8597
26712	8606
26713	8332
26714	8634
26715	8635
26716	7498
26717	8640
26718	8636
26719	8656
26720	4106
26721	8672
26722	8681
26723	8691
26724	8700
26725	7706
26726	8706
26727	8708
26728	8738
26729	8741
26730	8746
26731	8749
26732	8763
26733	8761
26734	8801
26735	8806
26736	8815
26737	8820
26738	8826
26739	8827
26740	8837
26741	8845
26742	8847
26743	8848
26744	8854
26745	9860
26746	9883
26747	9893
26748	8326
26749	9901
26750	9906
26751	9911
26752	8279
26753	7373
26754	9922
26755	9926
26756	9931
26757	7608
26758	7812
26759	9950
26760	9960
26761	8412
26762	9974
26763	9976
26764	9977
26765	8264
26766	10001
26767	10003
26768	9978
26769	10008
26770	8583
26771	10019
26772	10029
26773	10034
26774	10048
26775	10051
26776	10069
26777	10070
26778	10052
26779	10094
26780	10114
26781	10121
26782	8659
26783	10119
26784	10147
26785	10149
26786	10158
26787	10172
26788	10156
26789	10186
26790	10205
26791	1272
26792	10256
26793	10092
26794	10287
26795	10296
26796	10305
26797	10331
26798	10336
26799	10337
26800	10343
26801	10264
26802	10361
26803	10362
26804	10365
26805	10371
26806	10387
26807	10388
26808	10406
26809	7505
26810	10436
26811	10459
26812	8585
26813	10469
26814	692
26815	10389
26816	10473
26817	10478
26818	10485
26819	10504
26820	4351
26821	6536
26822	10521
26823	10532
26824	10536
26825	10526
26826	10550
26827	10555
26828	10562
26829	10583
26830	10609
26831	8725
26832	10623
26833	10626
26834	10642
26835	10643
26836	10646
26837	10651
26838	10652
26839	10657
26840	10584
26841	10687
26842	10391
26843	10681
26844	10705
26845	10710
26846	10713
26847	10714
26848	10717
26849	10719
26850	10721
26851	10732
26852	10728
26853	10755
26854	10777
26855	10800
26856	8791
26857	8325
26858	10669
26859	7485
26860	10849
26861	10854
26862	6120
26863	10866
26864	10869
26865	10876
26866	10879
26867	10884
26868	10888
26869	10878
26870	11904
26871	11911
26872	11921
26873	11946
26874	11949
26875	10057
26876	11956
26877	11959
26878	11962
26879	11982
26880	11986
26881	11993
26882	12008
26883	12015
26884	12022
26885	12038
26886	12049
26887	12059
26888	12067
26889	12085
26890	12098
26891	8266
26892	12103
26893	12105
26894	6738
26895	12132
26896	12136
26897	12043
26898	12146
26899	12167
26900	12168
26901	12172
26902	12169
26903	12200
26904	12180
26905	12211
26906	12262
26907	10100
26908	8828
26909	12282
26910	12303
26911	12323
26912	12330
26913	12338
26914	12353
26915	13365
26916	12318
26917	13385
26918	13394
26919	13411
26920	13422
26921	13423
26922	13439
26923	13445
26924	13435
26925	13455
26926	13459
26927	13464
26928	13468
26929	12333
26930	13472
26931	13488
26932	13491
26933	13420
26934	13521
26935	13527
26936	13545
26937	12348
26938	13613
26939	8188
26940	13625
26941	13630
26942	13633
26943	13636
26944	13648
26945	13654
26946	13415
26947	13664
26948	13684
26949	13686
26950	13690
26951	10707
26952	13710
26953	13725
26954	13727
26955	13761
26956	13768
26957	13772
26958	13776
26959	13780
26960	13786
26961	13789
26962	13790
26963	13794
26964	13796
26965	13784
26966	13809
26967	13810
26968	13736
26969	13816
26970	13820
26971	6752
26972	13825
26973	13845
26974	13609
26975	13852
26976	13857
26977	13860
26978	13839
26979	13871
26980	13878
26981	13885
26982	13886
26983	13896
26984	13899
26985	13902
26986	13906
26987	13909
26988	13412
26989	13918
26990	10430
26991	13921
26992	13925
26993	11928
26994	13933
26995	13942
26996	14947
26997	14948
26998	10175
26999	14960
27000	14961
27001	14975
27002	14998
27003	15000
27004	15002
27005	12093
27006	15008
27007	957
27008	15020
27009	15023
27010	15024
27011	15021
27012	13706
27013	15068
27014	14992
27015	15082
27016	15083
27017	15042
27018	15089
27019	14987
27020	15096
27021	15097
27022	15101
27023	15108
27024	15111
27025	15116
27026	15118
27027	15138
27028	15141
27029	15149
27030	15163
27031	15181
27032	15183
27033	15185
27034	15186
27035	15120
27036	13687
27037	15202
27038	15204
27039	13407
27040	15215
27041	15216
27042	15217
27043	15219
27044	10441
27045	15244
27046	15246
27047	15251
27048	15252
27049	15268
27050	15271
27051	15281
27052	15282
27053	15286
27054	15304
27055	15315
27056	15319
27057	15320
27058	15326
27059	15331
27060	15309
27061	15342
27062	15348
27063	15350
27064	15352
27065	15356
27066	15386
27067	15392
27068	15427
27069	13939
27070	15458
27071	15464
27072	15473
27073	15475
27074	15478
27075	15486
27076	15490
27077	15499
27078	15507
27079	13813
27080	15535
27081	15538
27082	15540
27083	10104
27084	15544
27085	15550
27086	10442
27087	15561
27088	15577
27089	15580
27090	15583
27091	15584
27092	15591
27093	15652
27094	15683
27095	15691
27096	15736
27097	15749
27098	15682
27099	15734
27100	15690
27101	15783
27102	15658
27103	4957
27104	15804
27105	15810
27106	10745
27107	15841
27108	15843
27109	15852
27110	15842
27111	15867
27112	15873
27113	15877
27114	15890
27115	8057
27116	15905
27117	10306
27118	15919
27119	15949
27120	15951
27121	15924
27122	15962
27123	15909
27124	15987
27125	15992
27126	7148
27127	16002
27128	15362
27129	15980
27130	16031
27131	16042
27132	16053
27133	16054
27134	15988
27135	16048
27136	16064
27137	16084
27138	16089
27139	15618
27140	16133
27141	16158
27142	16174
27143	16177
27144	16179
27145	8030
27146	12223
27147	16197
27148	16204
27149	16206
27150	16219
27151	16224
27152	16229
27153	16236
27154	16240
27155	16252
27156	16195
27157	16281
27158	16282
27159	16287
27160	16288
27161	16296
27162	16297
27163	16301
27164	16271
27165	15717
27166	16290
27167	16319
27168	16327
27169	15864
27170	16318
27171	16363
27172	16364
27173	16356
27174	16381
27175	2111
27176	15122
27177	16417
27178	15542
27179	16435
27180	16432
27181	16473
27182	15993
27183	16489
27184	16496
27185	16511
27186	16437
27187	16517
27188	16525
27189	16531
27190	16535
27191	16483
27192	16428
27193	16577
27194	16582
27195	16264
27196	10828
27197	16597
27198	16599
27199	16559
27200	16641
27201	16645
27202	16652
27203	16654
27204	16655
27205	16666
27206	16647
27207	16684
27208	1440
27209	16692
27210	16697
27211	16044
27212	16691
27213	16721
27214	16723
27215	16740
27216	16743
27217	5418
27218	16765
27219	16766
27220	16768
27221	16781
27222	16789
27223	16790
27224	16801
27225	16762
27226	16817
27227	16822
27228	16824
27229	16835
27230	16295
27231	16870
27232	17887
27233	17901
27234	17919
27235	17902
27236	7549
27237	17926
27238	15689
27239	17940
27240	17954
27241	17960
27242	7436
27243	17987
27244	4629
27245	18020
27246	18023
27247	16662
27248	18031
27249	18034
27250	5886
27251	18051
27252	18054
27253	18071
27254	16280
27255	18077
27256	18090
27257	18092
27258	7629
27259	16807
27260	17883
27261	18115
27262	18116
27263	18121
27264	18122
27265	12151
27266	18136
27267	1311
27268	18140
27269	18143
27270	18155
27271	18156
27272	18174
27273	18176
27274	18178
27275	1835
27276	17969
27277	18185
27278	18169
27279	18010
27280	18203
27281	18219
27282	18237
27283	18247
27284	18254
27285	10014
27286	18264
27287	18267
27288	18270
27289	18284
27290	18287
27291	18292
27292	18311
27293	18322
27294	18323
27295	18354
27296	18369
27297	18376
27298	18380
27299	18388
27300	18395
27301	18397
27302	18406
27303	18411
27304	18412
27305	18421
27306	18423
27307	18364
27308	18440
27309	18400
27310	18458
27311	18459
27312	18469
27313	18478
27314	18436
27315	15856
27316	18502
27317	18513
27318	18532
27319	18538
27320	18539
27321	18544
27322	18565
27323	18566
27324	18596
27325	18600
27326	18608
27327	18611
27328	18613
27329	18620
27330	18628
27331	18641
27332	18646
27333	18667
27334	18676
27335	5156
27336	18706
27337	18710
27338	18726
27339	18727
27340	18730
27341	18748
27342	18762
27343	18791
27344	18789
27345	18796
27346	18803
27347	18811
27348	18815
27349	18753
27350	18835
27351	18848
27352	18850
27353	18858
27354	18882
27355	18884
27356	18834
27357	10751
27358	18925
27359	18928
27360	18942
27361	18944
27362	18920
27363	18957
27364	18961
27365	18972
27366	18976
27367	18983
27368	18992
27369	18998
27370	19001
27371	19022
27372	19025
27373	19026
27374	19027
27375	19028
27376	19031
27377	19036
27378	10872
27379	19034
27380	18442
27381	19093
27382	19096
27383	19102
27384	19111
27385	19116
27386	19117
27387	19137
27388	19101
27389	19181
27390	19119
27391	19188
27392	19193
27393	19198
27394	19210
27395	19219
27396	19235
27397	19264
27398	19267
27399	19270
27400	19271
27401	19286
27402	19294
27403	19297
27404	19301
27405	19311
27406	19320
27407	19346
27408	19342
27409	19348
27410	19325
27411	16111
27412	19307
27413	19318
27414	19361
27415	19363
27416	19367
27417	19376
27418	19379
27419	18422
27420	19406
27421	19410
27422	19411
27423	19421
27424	19422
27425	19426
27426	19428
27427	18078
27428	19444
27429	19458
27430	19469
27431	18959
27432	19474
27433	16841
27434	19495
27435	19492
27436	19531
27437	15402
27438	19550
27439	19570
27440	19555
27441	19366
27442	1800
27443	19590
27444	19601
27445	19605
27446	19609
27447	19612
27448	19620
27449	15850
27450	19632
27451	19416
27452	19636
27453	19653
27454	19663
27455	19678
27456	8486
27457	19683
27458	18493
27459	19698
27460	19723
27461	19738
27462	19757
27463	19765
27464	19767
27465	19771
27466	19776
27467	19778
27468	19789
27469	19795
27470	19825
27471	19845
27472	19846
27473	19849
27474	19885
27475	19888
27476	19446
27477	19929
27478	19934
27479	19943
27480	19965
27481	19969
27482	19974
27483	19980
27484	19986
27485	19951
27486	20028
27487	20033
27488	20037
27489	20038
27490	19579
27491	20039
27492	20040
27493	20042
27494	20045
27495	20008
27496	20065
27497	1409
27498	20081
27499	20090
27500	20095
27501	20096
27502	18977
27503	20063
27504	386
27505	20116
27506	16171
27507	20121
27508	20140
27509	20149
27510	20158
27511	20183
27512	20219
27513	20223
27514	20225
27515	20229
27516	20252
27517	20253
27518	18339
27519	20283
27520	20302
27521	19529
27522	20319
27523	19333
27524	20327
27525	20335
27526	20338
27527	20350
27528	20354
27529	20359
27530	20363
27531	20368
27532	20260
27533	20403
27534	20414
27535	18793
27536	20416
27537	20423
27538	20426
27539	20437
27540	20438
27541	20401
27542	20453
27543	20455
27544	19512
27545	20473
27546	20494
27547	20496
27548	20507
27549	20424
27550	20518
27551	20554
27552	20525
27553	21560
27554	20490
27555	21572
27556	21586
27557	18763
27558	21614
27559	21651
27560	21648
27561	7267
27562	21674
27563	21673
27564	21694
27565	20508
27566	21714
27567	8630
27568	21675
27569	21732
27570	21737
27571	21763
27572	21767
27573	21774
27574	21777
27575	21754
27576	21789
27577	21791
27578	21796
27579	21797
27580	19734
27581	21794
27582	20536
27583	21815
27584	21822
27585	21856
27586	21868
27587	21871
27588	21904
27589	21910
27590	21913
27591	21915
27592	21905
27593	21920
27594	18372
27595	21921
27596	21924
27597	18389
27598	21951
27599	21948
27600	21969
27601	21985
27602	21988
27603	22024
27604	22010
27605	22073
27606	22058
27607	22085
27608	22114
27609	22116
27610	21911
27611	21930
27612	22069
27613	23162
27614	23172
27615	23170
27616	23186
27617	23192
27618	23203
27619	23205
27620	23225
27621	23220
27622	23234
27623	23233
27624	23253
27625	3806
27626	23259
27627	23264
27628	23276
27629	23278
27630	23311
27631	23318
27632	23321
27633	23324
27634	23327
27635	23332
27636	23277
27637	18296
27638	23369
27639	23382
27640	23398
27641	23402
27642	15806
27643	23387
27644	23461
27645	23472
27646	23475
27647	10329
27648	23519
27649	23523
27650	23570
27651	23561
27652	23574
27653	23579
27654	20213
27655	23627
27656	23637
27657	18487
27658	23658
27659	16498
27660	23668
27661	23676
27662	6482
27663	23701
27664	23704
27665	23726
27666	23737
27667	23768
27668	23782
27669	23786
27670	23810
27671	23829
27672	23830
27673	23831
27674	23790
27675	23832
27676	23703
27677	23841
27678	23844
27679	18654
27680	23845
27681	23873
27682	23489
27683	23888
27684	19268
27685	23939
27686	23962
27687	23972
27688	23978
27689	23990
27690	23998
27691	24005
27692	24008
27693	23984
27694	15299
27695	24071
27696	12096
27697	24088
27698	24108
27699	24111
27700	24048
27701	24139
27702	24147
27703	23709
27704	24163
27705	24190
27706	24207
27707	23884
27708	24213
27709	24223
27710	24229
27711	24232
27712	24235
27713	24242
27714	24244
27715	24140
27716	24261
27717	24259
27718	24306
27719	24307
27720	24332
27721	24334
27722	24356
27723	24359
27724	24374
27725	24375
27726	24376
27727	24387
27728	24397
27729	24411
27730	24448
27731	24454
27732	24406
27733	24467
27734	24479
27735	24492
27736	24499
27737	24504
27738	24512
27739	24550
27740	18061
27741	24560
27742	24429
27743	24572
27744	24605
27745	24612
27746	19947
27747	24645
27748	24691
27749	24702
27750	24721
27751	24487
27752	24755
27753	24764
27754	24795
27755	24796
27756	24794
27757	24817
27758	24649
27759	24831
27760	21959
27761	24875
27762	24878
27763	24981
27764	24983
27765	24994
27766	25037
27767	25042
27768	18649
27769	25048
27770	25053
27771	25073
27772	25074
27773	25075
27774	19987
27775	25083
27776	25109
27777	24470
27778	25120
27779	25215
27780	6968
27781	25122
27782	25151
27783	25266
27784	24836
27785	25277
27786	25278
27787	25289
27788	25306
27789	25317
27790	25340
27791	25384
27792	25386
27793	25390
27794	25403
27795	25406
27796	25410
27797	25421
27798	25426
27799	25435
27800	25434
27801	25451
27802	20094
27803	16180
27804	25528
27805	25534
27806	24102
27807	25600
27808	25602
27809	25620
27810	25617
27811	25635
27812	25641
27813	25648
27814	25675
27815	25682
27816	25686
27817	25225
27818	25707
27819	25727
27820	25730
27821	25735
27822	23615
27823	25732
27824	25766
27825	25782
27826	25785
27827	25813
27828	25816
27829	25820
27830	25833
27831	25834
27832	25822
27833	25863
27834	25892
27835	25893
27836	25898
27837	25925
27838	25930
27839	25946
27840	25955
27841	25974
27842	25975
27843	26010
27844	26029
27845	26013
27846	26048
27847	26056
27848	26068
27849	25685
27850	26073
27851	17914
27852	26080
27853	26082
27854	26093
27855	26111
27856	25768
27857	25672
27858	26120
27859	26140
27860	15990
27861	26148
27862	26152
27863	26153
27864	26154
27865	26159
27866	26167
27867	21699
27868	26178
27869	19891
27870	26190
27871	26193
27872	26203
27873	18492
27874	26253
27875	23304
27876	26232
27877	26155
27878	26312
27879	26320
27880	25907
27881	26349
27882	26357
27883	26348
27884	23727
27885	26366
27886	26389
27887	7077
27888	26396
27889	26442
27890	26465
27891	26470
27892	26471
27893	26484
27894	25578
27895	26501
27896	26504
27897	26505
27898	26518
27899	26524
27900	26537
27901	8316
27902	26560
27903	26570
27904	26574
27905	26609
27906	26599
27907	26631
27908	26480
27909	18232
27910	26654
27911	26660
27912	26679
27913	26490
27914	26702
27915	26718
27916	26757
27917	26764
27918	25279
27919	26767
27920	21691
27921	26785
27922	26763
27923	26756
27924	26821
27925	24442
27926	26840
27927	26842
27928	26869
27929	26870
27930	26873
27931	26875
27932	26889
27933	26895
27934	26906
27935	26932
27936	25380
27937	26985
27938	27020
27939	27024
27940	27023
27941	27041
27942	27063
27943	26852
27944	27075
27945	27077
27946	27103
27947	27178
27948	27203
27949	27220
27950	27228
27951	27240
27952	27374
27953	27429
27954	27437
27955	25162
27956	27447
27957	19901
27958	27468
27959	27375
27960	24231
27961	27517
27962	27524
27963	27503
27964	27537
27965	27546
27966	27548
27967	13666
27968	24672
27969	27567
27970	27580
27971	27582
27972	27557
27973	27603
27974	27609
27975	27615
27976	27621
27977	27624
27978	27630
27979	27611
27980	27683
27981	27358
27982	27147
27983	27706
27984	27722
27985	27737
27986	27710
27987	27535
27988	27741
27989	27749
27990	27758
27991	27763
27992	27705
27993	27773
27994	27807
27995	27814
27996	2955
27997	27866
27998	27891
27999	27911
28000	27913
28001	27915
28002	27881
28003	27636
28004	27916
28005	27070
28006	27960
28007	24597
28008	27980
28009	27989
28010	27995
28011	27997
28012	28026
28013	28030
28014	28033
28015	28040
28016	28057
28017	28060
28018	28086
28019	19017
28020	28152
28021	28184
28022	28185
28023	28189
28024	28198
28025	16628
28026	28202
28027	28216
28028	28221
28029	28225
28030	28234
28031	28244
28032	28207
28033	28256
28034	28277
28035	28290
28036	28286
28037	28312
28038	28331
28039	28339
28040	28370
28041	28371
28042	28375
28043	28385
28044	25681
28045	28424
28046	28407
28047	23546
28048	28439
28049	28461
28050	28471
28051	28501
28052	2424
28053	28544
28054	28550
28055	28561
28056	28575
28057	28583
28058	27663
28059	28596
28060	28599
28061	28622
28062	28635
28063	28663
28064	25777
28065	28675
28066	28677
28067	28709
28068	28711
28069	28712
28070	28678
28071	28730
28072	21918
28073	23747
28074	28751
28075	28769
28076	27464
28077	27402
28078	28779
28079	28793
28080	28799
28081	28818
28082	28824
28083	28838
28084	28703
28085	28859
28086	28860
28087	28874
28088	28875
28089	28383
28090	28917
28091	28924
28092	28925
28093	28929
28094	28939
28095	28990
28096	15238
28097	5295
28098	29057
28099	29025
28100	29070
28101	29075
28102	29108
28103	29114
28104	29129
28105	29145
28106	29146
28107	29157
28108	29158
28109	29169
28110	29175
28111	29183
28112	29185
28113	29188
28114	29170
28115	29235
28116	29245
28117	29304
28118	27970
28119	29325
28120	29337
28121	29342
28122	23370
28123	29405
28124	29406
28125	29416
28126	29420
28127	3134
28128	29449
28129	22053
28130	29506
28131	29515
28132	29522
28133	29516
28134	29412
28135	29322
28136	29604
28137	29608
28138	29622
28139	29632
28140	29607
28141	29533
28142	29649
28143	29688
28144	29690
28145	29692
28146	29693
28147	29699
28148	29771
28149	26933
28150	29763
28151	29833
28152	29854
28153	29445
28154	29874
28155	29909
28156	29913
28157	29942
28158	29950
28159	29984
28160	30055
28161	30058
28162	30072
28163	30056
28164	30100
28165	30110
28166	30112
28167	30148
28168	29011
28169	30202
28170	30227
28171	30270
28172	10692
28173	25585
28174	30233
28175	30345
28176	30367
28177	30376
28178	30383
28179	30404
28180	30405
28181	30433
28182	29017
28183	30460
28184	27817
28185	30506
28186	30511
28187	28392
28188	30516
28189	30520
28190	30557
28191	30567
28192	28212
28193	30581
28194	30583
28195	30584
28196	30597
28197	30610
28198	30626
28199	30628
28200	30635
28201	30654
28202	30661
28203	30667
28204	28625
28205	18880
28206	30711
28207	900
28208	30764
28209	30766
28210	30776
28211	30779
28212	29301
28213	30796
28214	27483
28215	30813
28216	30818
28217	30828
28218	30840
28219	30692
28220	30841
28221	29356
28222	30870
28223	30892
28224	30899
28225	30904
28226	30915
28227	30958
28228	30967
28229	30989
28230	30999
28231	31009
28232	30797
28233	31032
28234	6714
28235	31061
28236	31037
28237	8480
28238	31084
28239	31117
28240	31127
28241	31133
28242	31158
28243	31164
28244	31194
28245	31216
28246	30925
28247	31226
28248	31233
28249	31243
28250	29792
28251	31268
28252	31045
28253	31302
28254	31319
28255	15121
28256	31332
28257	31213
28258	31346
28259	31349
28260	15230
28261	31354
28262	31358
28263	31363
28264	31362
28265	31369
28266	31382
28267	31383
28268	31385
28269	31207
28270	31404
28271	2650
28272	31424
28273	31438
28274	31453
28275	31480
28276	30363
28277	31494
28278	31290
28279	31503
28280	31531
28281	31532
28282	31553
28283	31554
28284	31556
28285	31559
28286	31400
28287	31571
28288	31495
28289	31574
28290	31577
28291	28134
28292	26558
28293	30612
28294	31641
28295	31644
28296	4151
28297	31664
28298	31698
28299	31703
28300	31705
28301	31343
28302	31712
28303	18105
28304	31723
28305	31733
28306	31738
28307	31741
28308	31760
28309	31284
28310	1974
28311	7845
28312	31812
28313	31003
28314	31846
28315	31855
28316	31867
28317	31886
28318	31894
28319	27377
28320	1867
28321	31912
28322	10641
28323	31968
28324	31546
28325	31984
28326	31989
28327	31996
28328	32012
28329	32017
28330	27476
28331	32022
28332	32026
28333	32062
28334	32074
28335	28841
28336	32085
28337	8389
28338	32091
28339	28950
28340	32109
28341	32073
28342	32139
28343	32134
28344	32168
28345	32197
28346	32200
28347	32212
28348	32213
28349	32220
28350	2571
28351	32239
28352	32242
28353	32245
28354	32287
28355	32293
28356	31775
28357	32314
28358	32018
28359	32343
28360	32344
28361	32316
28362	32346
28363	32371
28364	32397
28365	32419
28366	32448
28367	32464
28368	32495
28369	32554
28370	10538
28371	27691
28372	32424
28373	32588
28374	32595
28375	32622
28376	32674
28377	32707
28378	31355
28379	32773
28380	32783
28381	32811
28382	32795
28383	32852
28384	28219
28385	32866
28386	32901
28387	32905
28388	32916
28389	32954
28390	33015
28391	33018
28392	33090
28393	33094
28394	33014
28395	33143
28396	33155
28397	33195
28398	33225
28399	33237
28400	33251
28401	33255
28402	33259
28403	33261
28404	32255
28405	33283
28406	33292
28407	33302
28408	33325
28409	33218
28410	33339
28411	33362
28412	33384
28413	28937
28414	33433
28415	33436
28416	33470
28417	33460
28418	33511
28419	33521
28420	33446
28421	33034
28422	33546
28423	22002
28424	33559
28425	33567
28426	33569
28427	33606
28428	33614
28429	33626
28430	33635
28431	33640
28432	33651
28433	33566
28434	33664
28435	33676
28436	33678
28437	33681
28438	33689
28439	33702
28440	33709
28441	32983
28442	33716
28443	33755
28444	31395
28445	29120
28446	33773
28447	33812
28448	33826
28449	33841
28450	33842
28451	33860
28452	33869
28453	33897
28454	33904
28455	33910
28456	34152
28457	33921
28458	33977
28459	29898
28460	34015
28461	34046
28462	34074
28463	34075
28464	23391
28465	34084
28466	28210
28467	34099
28468	34118
28469	31822
28470	19274
28471	34184
28472	33727
28473	34241
28474	33708
28475	34301
28476	34327
28477	34333
28478	34337
28479	34358
28480	34369
28481	34386
28482	27481
28483	34422
28484	34418
28485	34435
28486	34436
28487	34447
28488	34506
28489	34513
28490	34531
28491	34557
28492	25315
28493	34562
28494	31231
28495	34566
28496	34584
28497	34589
28498	34606
28499	34602
28500	33510
28501	34130
28502	34619
28503	34644
28504	34652
28505	34653
28506	3531
28507	34680
28508	34684
28509	34690
28510	33822
28511	11931
28512	34710
28513	34763
28514	20427
28515	34802
28516	34807
28517	34822
28518	31261
28519	34854
28520	34897
28521	34077
28522	26156
28523	34926
28524	34721
28525	34938
28526	35009
28527	34872
28528	35053
28529	35059
28530	35081
28531	35128
28532	35150
28533	35113
28534	28178
28535	35180
28536	34985
28537	35227
28538	35250
28539	35261
28540	35351
28541	20
28542	25
28543	39
28544	12
28545	36
28546	58
28547	84
28548	97
28549	112
28550	114
28551	119
28552	120
28553	31
28554	131
28555	78
28556	135
28557	143
28558	148
28559	149
28560	29
28561	138
28562	164
28563	170
28564	167
28565	48
28566	95
28567	192
28568	233
28569	242
28570	245
28571	266
28572	262
28573	296
28574	314
28575	324
28576	325
28577	345
28578	361
28579	191
28580	380
28581	408
28582	412
28583	429
28584	430
28585	448
28586	449
28587	472
28588	482
28589	458
28590	495
28591	499
28592	510
28593	516
28594	556
28595	526
28596	574
28597	400
28598	582
28599	558
28600	602
28601	622
28602	631
28603	633
28604	638
28605	659
28606	651
28607	691
28608	698
28609	704
28610	711
28611	714
28612	715
28613	717
28614	725
28615	130
28616	740
28617	759
28618	771
28619	791
28620	795
28621	797
28622	807
28623	812
28624	816
28625	820
28626	828
28627	446
28628	712
28629	849
28630	851
28631	854
28632	757
28633	864
28634	873
28635	874
28636	876
28637	751
28638	901
28639	694
28640	921
28641	925
28642	933
28643	944
28644	953
28645	958
28646	960
28647	962
28648	976
28649	966
28650	942
28651	988
28652	996
28653	998
28654	336
28655	753
28656	1011
28657	885
28658	1036
28659	1052
28660	1060
28661	1067
28662	1070
28663	679
28664	985
28665	1088
28666	1092
28667	1089
28668	644
28669	1095
28670	1106
28671	1112
28672	1113
28673	1100
28674	1137
28675	867
28676	1141
28677	756
28678	1144
28679	1047
28680	955
28681	1149
28682	1153
28683	178
28684	1157
28685	1160
28686	1170
28687	1184
28688	1178
28689	1187
28690	1165
28691	1196
28692	1205
28693	1235
28694	1236
28695	1238
28696	1239
28697	1241
28698	1242
28699	1219
28700	1203
28701	1249
28702	1254
28703	1257
28704	1264
28705	1273
28706	1276
28707	1278
28708	1262
28709	163
28710	1292
28711	1055
28712	1306
28713	1354
28714	1358
28715	1365
28716	1366
28717	1381
28718	1377
28719	1382
28720	1397
28721	1399
28722	1398
28723	1401
28724	1336
28725	1410
28726	1412
28727	222
28728	1416
28729	1420
28730	1429
28731	1417
28732	1450
28733	1458
28734	1459
28735	654
28736	1462
28737	1463
28738	1468
28739	1179
28740	1372
28741	1486
28742	1493
28743	1084
28744	1515
28745	670
28746	1432
28747	1539
28748	1139
28749	1473
28750	1554
28751	1561
28752	1567
28753	1569
28754	1588
28755	1589
28756	1107
28757	1595
28758	1594
28759	101
28760	1632
28761	1634
28762	1642
28763	1647
28764	1650
28765	1652
28766	1517
28767	1681
28768	1682
28769	1671
28770	1765
28771	1791
28772	1488
28773	1795
28774	1797
28775	1810
28776	1813
28777	1820
28778	1834
28779	1837
28780	1741
28781	1807
28782	1866
28783	1872
28784	1874
28785	1875
28786	592
28787	1879
28788	1885
28789	1888
28790	1892
28791	1914
28792	1924
28793	1927
28794	1934
28795	1328
28796	1954
28797	6262
28798	1953
28799	1959
28800	1965
28801	1968
28802	1979
28803	1988
28804	1989
28805	2004
28806	1549
28807	1962
28808	2025
28809	2026
28810	2037
28811	2046
28812	2057
28813	2008
28814	2060
28815	2063
28816	2076
28817	2079
28818	2085
28819	1960
28820	2112
28821	2119
28822	2138
28823	2139
28824	1909
28825	2155
28826	271
28827	2171
28828	2020
28829	277
28830	2179
28831	1172
28832	2185
28833	2186
28834	3325
28835	381
28836	2204
28837	2207
28838	2208
28839	2233
28840	2235
28841	2236
28842	3439
28843	2245
28844	2257
28845	2259
28846	2266
28847	2267
28848	2272
28849	956
28850	2283
28851	2291
28852	1018
28853	2317
28854	2318
28855	2332
28856	2338
28857	2316
28858	2293
28859	2362
28860	2363
28861	2071
28862	2324
28863	2398
28864	2412
28865	2418
28866	2420
28867	2422
28868	2429
28869	2432
28870	2437
28871	2440
28872	104
28873	2450
28874	1944
28875	2463
28876	2470
28877	2473
28878	2492
28879	2495
28880	2427
28881	2516
28882	2529
28883	2541
28884	2411
28885	2561
28886	2562
28887	2564
28888	1347
28889	2573
28890	2587
28891	2588
28892	2589
28893	2593
28894	2597
28895	2611
28896	2614
28897	2615
28898	2616
28899	2636
28900	2639
28901	2641
28902	2658
28903	2662
28904	2471
28905	2675
28906	2685
28907	2039
28908	1082
28909	2704
28910	2707
28911	2709
28912	2723
28913	2734
28914	2737
28915	2742
28916	2703
28917	2755
28918	2758
28919	2760
28920	2762
28921	2769
28922	2776
28923	2779
28924	2807
28925	247
28926	2816
28927	2845
28928	2846
28929	2848
28930	2853
28931	2854
28932	1053
28933	2865
28934	2012
28935	2874
28936	2888
28937	2883
28938	2889
28939	2920
28940	2921
28941	2926
28942	2934
28943	2938
28944	2941
28945	2945
28946	2942
28947	2959
28948	2962
28949	2964
28950	2967
28951	2969
28952	2974
28953	2806
28954	2989
28955	2900
28956	3006
28957	3008
28958	1155
28959	3018
28960	3023
28961	3037
28962	3038
28963	3046
28964	3063
28965	3067
28966	3073
28967	3075
28968	3077
28969	3080
28970	3084
28971	734
28972	3096
28973	3099
28974	3102
28975	3104
28976	2976
28977	514
28978	3122
28979	3137
28980	3145
28981	3150
28982	3158
28983	3159
28984	3170
28985	3174
28986	3175
28987	3182
28988	3186
28989	3126
28990	3194
28991	3201
28992	3206
28993	3214
28994	3222
28995	3237
28996	3228
28997	3257
28998	3280
28999	2832
29000	3284
29001	3287
29002	2103
29003	3165
29004	3299
29005	3303
29006	3307
29007	3308
29008	3326
29009	2730
29010	3313
29011	3331
29012	3340
29013	3341
29014	3343
29015	3348
29016	3350
29017	3353
29018	3378
29019	3387
29020	3388
29021	3379
29022	3392
29023	3400
29024	3401
29025	3418
29026	3419
29027	3421
29028	3424
29029	1870
29030	3431
29031	3436
29032	809
29033	3440
29034	3441
29035	3444
29036	3453
29037	3456
29038	3458
29039	3460
29040	3461
29041	3463
29042	3109
29043	3472
29044	3485
29045	3486
29046	3488
29047	3490
29048	1470
29049	1360
29050	3508
29051	3519
29052	3523
29053	3525
29054	2104
29055	3530
29056	3534
29057	3539
29058	1687
29059	3545
29060	813
29061	3548
29062	3549
29063	3551
29064	3552
29065	3555
29066	3624
29067	3569
29068	3571
29069	3578
29070	3580
29071	3581
29072	3591
29073	3596
29074	2601
29075	3622
29076	3625
29077	3629
29078	3589
29079	3648
29080	3655
29081	3663
29082	3667
29083	3668
29084	3674
29085	3683
29086	3690
29087	3704
29088	3705
29089	3708
29090	3715
29091	2268
29092	3723
29093	3724
29094	3298
29095	3727
29096	3732
29097	3733
29098	3558
29099	3734
29100	3735
29101	3738
29102	3749
29103	3752
29104	3754
29105	3755
29106	3757
29107	3760
29108	3763
29109	3772
29110	3774
29111	3786
29112	2913
29113	3794
29114	3266
29115	3805
29116	560
29117	3825
29118	3830
29119	3834
29120	3815
29121	3653
29122	1975
29123	3843
29124	3849
29125	2600
29126	3873
29127	3878
29128	3880
29129	3889
29130	3892
29131	3912
29132	3916
29133	3929
29134	3939
29135	3935
29136	3932
29137	3959
29138	3885
29139	3918
29140	3963
29141	3964
29142	3967
29143	3972
29144	3978
29145	4002
29146	4019
29147	4038
29148	4042
29149	3785
29150	4045
29151	4057
29152	4061
29153	4076
29154	4079
29155	4083
29156	4093
29157	4094
29158	4095
29159	2273
29160	4098
29161	2823
29162	4105
29163	4112
29164	4124
29165	4141
29166	4147
29167	4152
29168	4160
29169	4168
29170	4181
29171	4183
29172	4189
29173	4195
29174	4196
29175	4201
29176	4202
29177	4206
29178	4208
29179	4217
29180	4219
29181	4223
29182	4230
29183	4231
29184	1425
29185	4243
29186	4250
29187	2075
29188	4253
29189	4255
29190	3868
29191	4270
29192	4214
29193	4295
29194	4302
29195	2446
29196	4310
29197	4127
29198	4326
29199	4341
29200	4344
29201	4348
29202	4353
29203	2389
29204	4371
29205	4385
29206	4400
29207	4419
29208	4430
29209	3998
29210	4443
29211	4471
29212	4428
29213	4466
29214	4474
29215	4476
29216	4483
29217	4495
29218	4498
29219	4519
29220	4523
29221	4328
29222	4517
29223	4531
29224	4537
29225	4539
29226	4548
29227	4561
29228	4563
29229	4566
29230	4567
29231	4568
29232	4520
29233	4578
29234	4579
29235	4588
29236	4597
29237	1482
29238	4606
29239	4609
29240	4624
29241	4634
29242	2018
29243	4657
29244	4666
29245	4669
29246	4672
29247	4695
29248	4679
29249	4692
29250	4693
29251	1673
29252	4615
29253	4703
29254	4681
29255	4296
29256	3243
29257	4719
29258	4726
29259	4730
29260	4653
29261	4739
29262	4743
29263	4136
29264	4766
29265	4772
29266	4794
29267	4802
29268	4803
29269	4809
29270	1028
29271	4052
29272	4820
29273	4750
29274	4862
29275	4863
29276	4525
29277	4870
29278	4874
29279	3599
29280	4625
29281	4898
29282	4900
29283	4901
29284	4915
29285	4919
29286	4925
29287	4933
29288	1842
29289	4943
29290	4891
29291	4962
29292	4966
29293	4968
29294	4969
29295	4979
29296	4989
29297	4998
29298	4999
29299	5001
29300	5007
29301	5024
29302	5033
29303	4546
29304	5045
29305	5067
29306	5081
29307	5083
29308	5088
29309	5099
29310	5106
29311	5117
29312	5121
29313	4510
29314	4950
29315	5163
29316	4953
29317	5168
29318	5176
29319	5191
29320	5207
29321	5209
29322	5214
29323	5216
29324	5226
29325	5212
29326	1294
29327	4072
29328	2867
29329	5303
29330	5311
29331	5320
29332	1908
29333	5341
29334	5346
29335	5360
29336	5288
29337	5367
29338	4884
29339	5383
29340	5396
29341	5417
29342	5439
29343	5448
29344	5445
29345	5460
29346	5281
29347	5438
29348	5479
29349	5200
29350	5483
29351	5486
29352	5489
29353	5187
29354	5516
29355	5518
29356	5520
29357	5523
29358	5530
29359	5533
29360	5539
29361	5543
29362	5282
29363	5558
29364	3330
29365	5574
29366	5577
29367	5578
29368	5599
29369	5602
29370	5611
29371	5621
29372	5622
29373	5629
29374	5639
29375	5640
29376	5654
29377	5657
29378	4283
29379	5665
29380	2833
29381	1057
29382	5568
29383	5717
29384	5719
29385	5726
29386	5197
29387	5737
29388	5736
29389	5742
29390	5749
29391	5756
29392	5771
29393	3600
29394	5779
29395	5790
29396	5795
29397	2053
29398	5800
29399	5811
29400	5812
29401	3934
29402	5816
29403	5824
29404	5829
29405	5840
29406	5802
29407	5852
29408	5856
29409	5857
29410	3114
29411	5868
29412	5876
29413	5301
29414	5889
29415	5891
29416	5893
29417	5897
29418	5898
29419	5899
29420	5900
29421	5909
29422	3792
29423	5919
29424	5950
29425	5952
29426	5956
29427	5958
29428	5572
29429	5971
29430	5858
29431	5980
29432	5989
29433	5993
29434	5997
29435	5998
29436	6001
29437	6002
29438	4905
29439	6013
29440	6019
29441	6026
29442	6034
29443	6040
29444	6049
29445	6060
29446	6071
29447	6086
29448	6088
29449	6093
29450	6099
29451	6101
29452	6107
29453	6106
29454	6115
29455	6121
29456	6123
29457	6127
29458	6143
29459	6161
29460	6166
29461	6010
29462	6171
29463	6175
29464	6181
29465	6213
29466	6214
29467	5776
29468	6227
29469	6242
29470	6251
29471	6257
29472	6265
29473	6269
29474	6280
29475	5052
29476	6302
29477	6290
29478	6343
29479	6354
29480	6330
29481	6353
29482	6360
29483	6367
29484	2973
29485	6380
29486	4671
29487	6422
29488	6398
29489	6439
29490	6443
29491	6447
29492	6448
29493	6458
29494	5634
29495	6479
29496	6483
29497	6493
29498	3462
29499	6515
29500	6508
29501	6526
29502	6527
29503	6513
29504	6538
29505	6545
29506	6548
29507	6549
29508	6551
29509	6553
29510	6555
29511	6556
29512	6565
29513	6566
29514	6567
29515	6577
29516	6581
29517	6591
29518	6597
29519	6609
29520	6614
29521	6628
29522	6646
29523	6544
29524	6656
29525	6662
29526	6675
29527	6694
29528	6689
29529	6690
29530	6693
29531	6696
29532	6715
29533	6725
29534	6727
29535	6728
29536	6744
29537	6747
29538	6830
29539	6756
29540	6757
29541	6763
29542	6754
29543	6782
29544	6787
29545	6828
29546	6834
29547	6837
29548	6838
29549	5446
29550	6867
29551	6877
29552	2350
29553	6878
29554	6870
29555	5567
29556	6888
29557	6889
29558	6901
29559	6909
29560	6918
29561	6924
29562	6928
29563	6929
29564	6923
29565	6938
29566	6940
29567	6944
29568	6947
29569	6951
29570	6954
29571	6970
29572	6982
29573	6995
29574	6996
29575	7001
29576	7010
29577	7011
29578	7012
29579	7018
29580	5348
29581	7022
29582	7020
29583	6973
29584	6765
29585	7083
29586	7084
29587	7085
29588	7088
29589	7111
29590	7097
29591	7089
29592	6956
29593	7135
29594	7139
29595	7142
29596	7149
29597	7165
29598	7170
29599	7193
29600	7194
29601	7223
29602	7229
29603	7234
29604	7243
29605	7244
29606	7246
29607	7248
29608	7259
29609	7260
29610	7265
29611	7068
29612	7290
29613	7294
29614	7304
29615	7307
29616	7315
29617	7202
29618	7330
29619	7338
29620	6710
29621	7347
29622	3981
29623	7359
29624	7372
29625	12081
29626	2808
29627	7381
29628	7349
29629	7397
29630	7398
29631	7401
29632	7409
29633	7415
29634	7414
29635	5758
29636	7435
29637	7449
29638	7454
29639	7456
29640	7474
29641	7466
29642	7481
29643	7484
29644	7489
29645	5063
29646	7493
29647	7510
29648	7513
29649	7515
29650	7517
29651	7530
29652	7535
29653	7559
29654	1831
29655	7573
29656	7580
29657	7582
29658	7581
29659	7584
29660	7585
29661	7589
29662	7598
29663	7609
29664	7617
29665	1824
29666	7607
29667	7626
29668	7627
29669	7643
29670	7652
29671	4816
29672	7666
29673	7672
29674	7676
29675	7677
29676	7685
29677	7687
29678	7694
29679	7709
29680	7716
29681	7718
29682	7730
29683	7743
29684	7749
29685	7755
29686	7762
29687	7770
29688	7771
29689	7774
29690	7781
29691	7784
29692	7793
29693	7800
29694	7809
29695	7813
29696	7822
29697	7825
29698	7826
29699	7839
29700	7860
29701	7874
29702	7882
29703	7883
29704	7884
29705	7886
29706	7897
29707	7891
29708	7906
29709	7914
29710	7925
29711	7927
29712	7682
29713	7931
29714	6228
29715	7946
29716	7953
29717	7963
29718	7964
29719	7969
29720	7972
29721	7440
29722	7983
29723	7997
29724	8004
29725	8006
29726	8007
29727	8011
29728	8036
29729	8037
29730	8044
29731	8048
29732	8066
29733	1607
29734	8097
29735	8109
29736	2173
29737	8081
29738	8154
29739	8165
29740	7189
29741	8172
29742	8185
29743	8170
29744	8187
29745	8199
29746	5049
29747	8219
29748	8221
29749	8227
29750	8231
29751	8234
29752	8236
29753	8238
29754	8244
29755	8245
29756	8247
29757	8253
29758	8260
29759	5199
29760	8278
29761	8284
29762	8301
29763	8305
29764	8312
29765	8324
29766	8164
29767	8333
29768	8358
29769	8365
29770	8366
29771	8368
29772	8371
29773	6796
29774	4837
29775	8383
29776	8386
29777	8400
29778	8404
29779	8405
29780	8419
29781	8429
29782	8434
29783	8439
29784	7528
29785	8447
29786	8451
29787	8453
29788	8454
29789	8467
29790	8468
29791	8482
29792	8483
29793	8460
29794	8502
29795	8505
29796	8508
29797	8520
29798	8540
29799	8548
29800	8551
29801	8554
29802	8561
29803	8563
29804	8566
29805	8579
29806	8581
29807	8589
29808	8098
29809	8594
29810	8602
29811	8626
29812	8631
29813	8633
29814	8638
29815	8642
29816	8648
29817	8523
29818	8650
29819	8652
29820	8592
29821	8680
29822	8688
29823	8689
29824	8694
29825	8702
29826	8707
29827	8715
29828	8699
29829	8728
29830	4797
29831	8732
29832	8739
29833	8705
29834	8753
29835	8756
29836	8760
29837	7172
29838	4872
29839	8776
29840	5767
29841	7973
29842	8805
29843	8807
29844	8809
29845	8810
29846	8812
29847	8844
29848	371
29849	8737
29850	8856
29851	8857
29852	4100
29853	9865
29854	9869
29855	9874
29856	9878
29857	1862
29858	9884
29859	9885
29860	9888
29861	9886
29862	9889
29863	9897
29864	9898
29865	9910
29866	9917
29867	9877
29868	9928
29869	9952
29870	9959
29871	9963
29872	9970
29873	9972
29874	5065
29875	9996
29876	10000
29877	10002
29878	9998
29879	493
29880	10012
29881	10035
29882	10046
29883	10049
29884	9919
29885	10067
29886	6386
29887	10091
29888	10096
29889	10098
29890	10106
29891	10107
29892	8790
29893	10112
29894	10130
29895	7923
29896	10143
29897	10150
29898	10160
29899	10163
29900	10164
29901	6753
29902	10168
29903	10184
29904	10174
29905	10189
29906	10193
29907	10195
29908	10202
29909	10206
29910	10209
29911	10224
29912	6144
29913	10243
29914	10246
29915	10247
29916	10260
29917	10268
29918	10271
29919	10280
29920	10087
29921	10293
29922	10263
29923	10300
29924	10232
29925	10324
29926	10326
29927	10339
29928	10341
29929	10352
29930	7032
29931	10357
29932	10358
29933	10374
29934	10380
29935	5220
29936	10356
29937	10395
29938	10399
29939	8693
29940	10403
29941	10404
29942	10408
29943	10421
29944	10472
29945	10431
29946	10432
29947	10416
29948	10440
29949	10444
29950	10447
29951	10455
29952	10456
29953	10457
29954	10458
29955	10467
29956	8223
29957	10483
29958	10493
29959	10500
29960	10501
29961	10506
29962	10013
29963	6345
29964	4751
29965	10540
29966	10541
29967	9909
29968	10549
29969	10557
29970	7661
29971	10564
29972	10578
29973	10586
29974	10597
29975	10603
29976	10610
29977	4261
29978	10650
29979	10656
29980	5091
29981	10671
29982	10688
29983	10684
29984	10689
29985	10694
29986	10607
29987	10700
29988	10716
29989	10727
29990	10768
29991	10771
29992	10767
29993	10772
29994	10780
29995	10786
29996	10788
29997	10803
29998	10812
29999	10826
30000	10829
30001	10833
30002	10836
30003	2667
30004	9947
30005	10749
30006	10857
30007	10858
30008	8603
30009	10864
30010	10867
30011	10874
30012	10108
30013	5037
30014	10887
30015	10894
30016	11898
30017	11902
30018	11907
30019	11910
30020	11913
30021	11918
30022	11926
30023	11935
30024	11930
30025	11939
30026	11944
30027	11950
30028	11953
30029	11964
30030	11969
30031	11981
30032	11996
30033	11997
30034	11999
30035	12009
30036	12011
30037	12017
30038	12012
30039	12026
30040	12042
30041	12044
30042	12048
30043	12051
30044	11979
30045	12061
30046	3920
30047	12068
30048	12069
30049	12077
30050	12080
30051	12083
30052	12107
30053	10635
30054	12119
30055	12124
30056	12131
30057	11903
30058	12158
30059	12178
30060	12190
30061	12193
30062	4449
30063	12201
30064	12207
30065	12208
30066	12214
30067	12220
30068	12221
30069	5673
30070	12229
30071	12242
30072	12248
30073	12251
30074	12261
30075	12272
30076	12277
30077	12278
30078	12290
30079	12294
30080	12300
30081	12302
30082	12305
30083	12309
30084	12313
30085	12315
30086	12328
30087	12171
30088	12345
30089	12356
30090	12362
30091	13369
30092	13372
30093	13377
30094	13388
30095	13391
30096	12116
30097	13569
30098	12359
30099	13409
30100	10276
30101	13413
30102	13416
30103	13421
30104	13424
30105	13426
30106	8374
30107	13449
30108	13452
30109	13456
30110	13440
30111	12245
30112	13474
30113	13475
30114	13481
30115	13483
30116	13493
30117	13507
30118	13506
30119	13510
30120	13512
30121	13505
30122	13518
30123	13531
30124	13540
30125	13559
30126	13565
30127	13575
30128	13576
30129	13577
30130	13580
30131	13587
30132	13595
30133	10806
30134	11961
30135	13560
30136	13389
30137	10658
30138	530
30139	13628
30140	13631
30141	13652
30142	13653
30143	3457
30144	13659
30145	13667
30146	13668
30147	13670
30148	13677
30149	13623
30150	13691
30151	13693
30152	13701
30153	13704
30154	13716
30155	13717
30156	12005
30157	13724
30158	13735
30159	13738
30160	9930
30161	13746
30162	13737
30163	13758
30164	13760
30165	13762
30166	13777
30167	13799
30168	13801
30169	2881
30170	13814
30171	13818
30172	13822
30173	13834
30174	13841
30175	13851
30176	13855
30177	13856
30178	13861
30179	12279
30180	13873
30181	13847
30182	13875
30183	13876
30184	10376
30185	13890
30186	13895
30187	13897
30188	13908
30189	13913
30190	13919
30191	13929
30192	13930
30193	13932
30194	13936
30195	13938
30196	13944
30197	14951
30198	14952
30199	14954
30200	14955
30201	14958
30202	14959
30203	14950
30204	14988
30205	13478
30206	14969
30207	5381
30208	7191
30209	14995
30210	15005
30211	15007
30212	15010
30213	15013
30214	15018
30215	15025
30216	15036
30217	14976
30218	15062
30219	15066
30220	15067
30221	15080
30222	15086
30223	15092
30224	12122
30225	15105
30226	15107
30227	6433
30228	15113
30229	15124
30230	15129
30231	15131
30232	15132
30233	15137
30234	15139
30235	15140
30236	15144
30237	15148
30238	15159
30239	15160
30240	15173
30241	7920
30242	15184
30243	15192
30244	15200
30245	15222
30246	15227
30247	15236
30248	15257
30249	13561
30250	15273
30251	15291
30252	15312
30253	15316
30254	15317
30255	10426
30256	15329
30257	15330
30258	15332
30259	15333
30260	15339
30261	15341
30262	15248
30263	15345
30264	15346
30265	15349
30266	15351
30267	15360
30268	15376
30269	6124
30270	15347
30271	15403
30272	15408
30273	15412
30274	15435
30275	15433
30276	15461
30277	15459
30278	15463
30279	15466
30280	15434
30281	15471
30282	15474
30283	15483
30284	15489
30285	15494
30286	15513
30287	13707
30288	15531
30289	15534
30290	15543
30291	15548
30292	15566
30293	12247
30294	15593
30295	15564
30296	15598
30297	15599
30298	15601
30299	15614
30300	15607
30301	15620
30302	15621
30303	15628
30304	15653
30305	15664
30306	15666
30307	15692
30308	15712
30309	18229
30310	15726
30311	15735
30312	15737
30313	6998
30314	15757
30315	15770
30316	15784
30317	15792
30318	15795
30319	15777
30320	15803
30321	15813
30322	15815
30323	15823
30324	15828
30325	15839
30326	15840
30327	15855
30328	6985
30329	15845
30330	15896
30331	15270
30332	15913
30333	15928
30334	15936
30335	15942
30336	15950
30337	15953
30338	15956
30339	15966
30340	15970
30341	15973
30342	15976
30343	15977
30344	15634
30345	15985
30346	15996
30347	15997
30348	15998
30349	16008
30350	16009
30351	16010
30352	16013
30353	15145
30354	16019
30355	16034
30356	16039
30357	16041
30358	16043
30359	16045
30360	16058
30361	16060
30362	16067
30363	16069
30364	16075
30365	16078
30366	16079
30367	16083
30368	16086
30369	15995
30370	16092
30371	16102
30372	16109
30373	16116
30374	15368
30375	12089
30376	16154
30377	16172
30378	16175
30379	16184
30380	16186
30381	16198
30382	16200
30383	16201
30384	16203
30385	16221
30386	16222
30387	16242
30388	16243
30389	6062
30390	16256
30391	16261
30392	16275
30393	16285
30394	16291
30395	16294
30396	16302
30397	16305
30398	16314
30399	16316
30400	16326
30401	16343
30402	16352
30403	16360
30404	16378
30405	16380
30406	16383
30407	16384
30408	16388
30409	16389
30410	16390
30411	16393
30412	16407
30413	15925
30414	16416
30415	16423
30416	16427
30417	16429
30418	16434
30419	16443
30420	16461
30421	16472
30422	16162
30423	16217
30424	16508
30425	15895
30426	16519
30427	16523
30428	16527
30429	16529
30430	16549
30431	16557
30432	16567
30433	16572
30434	16576
30435	16583
30436	16585
30437	16586
30438	11927
30439	16596
30440	13619
30441	16610
30442	16625
30443	16636
30444	16665
30445	16676
30446	16694
30447	16696
30448	16698
30449	2557
30450	16209
30451	16717
30452	16718
30453	16730
30454	16736
30455	16458
30456	16746
30457	16756
30458	16761
30459	16767
30460	16774
30461	16777
30462	16779
30463	16805
30464	16803
30465	16809
30466	16760
30467	16826
30468	16839
30469	16840
30470	16847
30471	16861
30472	16864
30473	17896
30474	17904
30475	16571
30476	17910
30477	17941
30478	17951
30479	17952
30480	17955
30481	17957
30482	16590
30483	17961
30484	17971
30485	17939
30486	17983
30487	17989
30488	17996
30489	16348
30490	18013
30491	18022
30492	18028
30493	18029
30494	18037
30495	2757
30496	16506
30497	17918
30498	18072
30499	18082
30500	16193
30501	18086
30502	18089
30503	18101
30504	18104
30505	18108
30506	18109
30507	18110
30508	18112
30509	18120
30510	16306
30511	18135
30512	18137
30513	18139
30514	18141
30515	18149
30516	18157
30517	1584
30518	15720
30519	18177
30520	18182
30521	18192
30522	16591
30523	18215
30524	16233
30525	18228
30526	18240
30527	18250
30528	3098
30529	18274
30530	18307
30531	18286
30532	18317
30533	16856
30534	18320
30535	18333
30536	18356
30537	18358
30538	18365
30539	18371
30540	16349
30541	18385
30542	18392
30543	18401
30544	18407
30545	18416
30546	18428
30547	18424
30548	4768
30549	18430
30550	18474
30551	18500
30552	10566
30553	18523
30554	18534
30555	18549
30556	18522
30557	18574
30558	18576
30559	18580
30560	18593
30561	18594
30562	10495
30563	18597
30564	18615
30565	18618
30566	18475
30567	18640
30568	18642
30569	18644
30570	5754
30571	18656
30572	15885
30573	18679
30574	18686
30575	18695
30576	18610
30577	18375
30578	18708
30579	18718
30580	18722
30581	18734
30582	18737
30583	18745
30584	18746
30585	18747
30586	18760
30587	18690
30588	18575
30589	18245
30590	18779
30591	18788
30592	18798
30593	17879
30594	18820
30595	18830
30596	18831
30597	18837
30598	7432
30599	18854
30600	18853
30601	18857
30602	18308
30603	18873
30604	18336
30605	18875
30606	18878
30607	18877
30608	18881
30609	18891
30610	18917
30611	18876
30612	18919
30613	18923
30614	1616
30615	18939
30616	18943
30617	18955
30618	18956
30619	18963
30620	18966
30621	18971
30622	18988
30623	18980
30624	4783
30625	19039
30626	19040
30627	18781
30628	19043
30629	19047
30630	19048
30631	19065
30632	19075
30633	19085
30634	19087
30635	19106
30636	19115
30637	19121
30638	19122
30639	19123
30640	19126
30641	19133
30642	19140
30643	19149
30644	19164
30645	19165
30646	19174
30647	19178
30648	3864
30649	19194
30650	19196
30651	19200
30652	19207
30653	19192
30654	19234
30655	19246
30656	19263
30657	19262
30658	19273
30659	19283
30660	19287
30661	19300
30662	19308
30663	19331
30664	19338
30665	19358
30666	19380
30667	19386
30668	19397
30669	19404
30670	19408
30671	19414
30672	19424
30673	12265
30674	19059
30675	19449
30676	19457
30677	19461
30678	19475
30679	19214
30680	16188
30681	16278
30682	19491
30683	19514
30684	19515
30685	19533
30686	19221
30687	19566
30688	19563
30689	10226
30690	19532
30691	19574
30692	19577
30693	19585
30694	19594
30695	19607
30696	19611
30697	19614
30698	19618
30699	19571
30700	19633
30701	19635
30702	19647
30703	19654
30704	19670
30705	19671
30706	19677
30707	19680
30708	19686
30709	19691
30710	8204
30711	19700
30712	19705
30713	19706
30714	19708
30715	19610
30716	19713
30717	19717
30718	19728
30719	19730
30720	19735
30721	19742
30722	19750
30723	19751
30724	15930
30725	19770
30726	19775
30727	19785
30728	19799
30729	19803
30730	19828
30731	19839
30732	19842
30733	19854
30734	19861
30735	19875
30736	19882
30737	19896
30738	19911
30739	19936
30740	19941
30741	19945
30742	19973
30743	19975
30744	19983
30745	19984
30746	19988
30747	19992
30748	19994
30749	20003
30750	20007
30751	20014
30752	20015
30753	20019
30754	20026
30755	20036
30756	20043
30757	20044
30758	20048
30759	20054
30760	20059
30761	20064
30762	20069
30763	20076
30764	20106
30765	20107
30766	20120
30767	20124
30768	20131
30769	20139
30770	7067
30771	20151
30772	19848
30773	20164
30774	20171
30775	19526
30776	20176
30777	20187
30778	20195
30779	20198
30780	20203
30781	20206
30782	20217
30783	20220
30784	20226
30785	20228
30786	20233
30787	15773
30788	20249
30789	20251
30790	20257
30791	20269
30792	20292
30793	20281
30794	15556
30795	18607
30796	20273
30797	20309
30798	20312
30799	20316
30800	20325
30801	20326
30802	20334
30803	20346
30804	20347
30805	20351
30806	20355
30807	20358
30808	20371
30809	20372
30810	20374
30811	20377
30812	20328
30813	20384
30814	7733
30815	20396
30816	20399
30817	20407
30818	20410
30819	20412
30820	20420
30821	20451
30822	20457
30823	20474
30824	20300
30825	20476
30826	20481
30827	20488
30828	20489
30829	20160
30830	20505
30831	20519
30832	20542
30833	20555
30834	21569
30835	21570
30836	21578
30837	10351
30838	21594
30839	21607
30840	21595
30841	21617
30842	21563
30843	21622
30844	21625
30845	21626
30846	21630
30847	21631
30848	21642
30849	21643
30850	18784
30851	21661
30852	21662
30853	20458
30854	21672
30855	21687
30856	21689
30857	20447
30858	21710
30859	21713
30860	21718
30861	21721
30862	21726
30863	21728
30864	15858
30865	21785
30866	21788
30867	21793
30868	21798
30869	21805
30870	21809
30871	21821
30872	21835
30873	21867
30874	21876
30875	21877
30876	21879
30877	7690
30878	21925
30879	21931
30880	6532
30881	21900
30882	21929
30883	21949
30884	21950
30885	21966
30886	21997
30887	19244
30888	22004
30889	22006
30890	21944
30891	22041
30892	4203
30893	22062
30894	22064
30895	22080
30896	22088
30897	22093
30898	22099
30899	22101
30900	22133
30901	7037
30902	6640
30903	23165
30904	23168
30905	23180
30906	23190
30907	23204
30908	23219
30909	20506
30910	23226
30911	23251
30912	23252
30913	23254
30914	23269
30915	23271
30916	23285
30917	23294
30918	23296
30919	23303
30920	23308
30921	23314
30922	23317
30923	6848
30924	23333
30925	23339
30926	23349
30927	23331
30928	23371
30929	21963
30930	23396
30931	23406
30932	23413
30933	18067
30934	23440
30935	23442
30936	23443
30937	23445
30938	23423
30939	23454
30940	23468
30941	23469
30942	23470
30943	22139
30944	23522
30945	23533
30946	23539
30947	23542
30948	18233
30949	23462
30950	23575
30951	23577
30952	23500
30953	19796
30954	23597
30955	13826
30956	23611
30957	23619
30958	23624
30959	23631
30960	16513
30961	23652
30962	23673
30963	23675
30964	23686
30965	23687
30966	23697
30967	23728
30968	18382
30969	16131
30970	23738
30971	23739
30972	23748
30973	23750
30974	23754
30975	23759
30976	23771
30977	21619
30978	23785
30979	23787
30980	23792
30981	23589
30982	23815
30983	23821
30984	23780
30985	23826
30986	23827
30987	23834
30988	23837
30989	23848
30990	23851
30991	8337
30992	23877
30993	23882
30994	23905
30995	23933
30996	23944
30997	23883
30998	23563
30999	23955
31000	23967
31001	23980
31002	23982
31003	23987
31004	23988
31005	23689
31006	24006
31007	24017
31008	8229
31009	24032
31010	24043
31011	24054
31012	24058
31013	24076
31014	24083
31015	24084
31016	24097
31017	24098
31018	23341
31019	15673
31020	24115
31021	24116
31022	3172
31023	24138
31024	24146
31025	16648
31026	24156
31027	24159
31028	24169
31029	24046
31030	24181
31031	24183
31032	24206
31033	24211
31034	24216
31035	24221
31036	10007
31037	24249
31038	24260
31039	24264
31040	24280
31041	24296
31042	22013
31043	24314
31044	24316
31045	24320
31046	19213
31047	24328
31048	24337
31049	24338
31050	24352
31051	24354
31052	24390
31053	549
31054	24401
31055	24407
31056	24409
31057	24412
31058	24413
31059	24419
31060	24428
31061	24434
31062	4477
31063	24435
31064	24439
31065	7554
31066	24446
31067	24453
31068	23803
31069	24458
31070	24459
31071	24464
31072	24469
31073	24474
31074	24485
31075	24486
31076	24488
31077	3398
31078	24491
31079	24495
31080	24503
31081	24509
31082	24515
31083	24305
31084	24530
31085	24544
31086	24570
31087	24576
31088	12111
31089	24606
31090	24609
31091	24611
31092	24636
31093	24652
31094	24653
31095	24663
31096	24665
31097	24668
31098	24671
31099	24688
31100	24726
31101	24737
31102	24740
31103	24743
31104	24757
31105	24781
31106	2792
31107	24784
31108	24790
31109	24791
31110	24797
31111	24803
31112	24840
31113	24868
31114	24869
31115	24876
31116	24855
31117	24887
31118	24897
31119	24028
31120	24914
31121	24654
31122	24922
31123	24923
31124	24955
31125	24958
31126	24979
31127	25002
31128	25008
31129	25013
31130	25014
31131	25026
31132	25038
31133	7026
31134	25041
31135	25043
31136	25057
31137	25059
31138	25061
31139	25069
31140	25076
31141	25077
31142	25097
31143	25100
31144	25118
31145	25126
31146	25129
31147	25130
31148	25131
31149	25096
31150	24528
31151	25135
31152	25141
31153	25147
31154	25158
31155	25159
31156	25170
31157	25184
31158	25195
31159	25199
31160	25216
31161	24972
31162	25230
31163	25231
31164	25238
31165	25239
31166	25252
31167	25255
31168	25259
31169	25261
31170	25263
31171	25269
31172	21899
31173	25276
31174	25298
31175	25300
31176	25307
31177	25330
31178	25334
31179	25335
31180	25296
31181	24720
31182	25344
31183	25351
31184	25352
31185	25364
31186	25366
31187	25399
31188	21616
31189	25418
31190	25419
31191	25424
31192	25430
31193	24918
31194	25441
31195	25446
31196	23236
31197	25455
31198	25460
31199	25463
31200	25467
31201	25468
31202	25482
31203	25483
31204	25506
31205	25514
31206	18281
31207	25519
31208	25526
31209	25527
31210	25536
31211	25544
31212	25548
31213	25550
31214	25558
31215	25572
31216	25576
31217	25596
31218	25598
31219	25612
31220	25614
31221	25622
31222	25630
31223	25631
31224	25644
31225	25645
31226	25659
31227	25663
31228	25668
31229	25670
31230	25674
31231	25697
31232	25619
31233	25710
31234	25720
31235	25721
31236	25733
31237	25740
31238	25767
31239	25769
31240	25779
31241	25814
31242	25836
31243	25844
31244	25624
31245	25855
31246	25858
31247	25859
31248	25533
31249	25879
31250	25884
31251	23745
31252	25902
31253	25909
31254	25924
31255	25927
31256	25935
31257	25941
31258	18775
31259	25954
31260	25652
31261	25979
31262	25978
31263	25995
31264	26007
31265	26008
31266	26011
31267	26022
31268	26021
31269	26036
31270	26044
31271	26051
31272	26052
31273	26067
31274	26043
31275	26071
31276	26072
31277	18937
31278	26090
31279	26108
31280	6078
31281	26115
31282	26124
31283	26126
31284	26125
31285	26133
31286	26113
31287	26150
31288	19082
31289	26160
31290	26171
31291	26172
31292	26206
31293	26220
31294	26034
31295	26195
31296	26242
31297	26246
31298	26259
31299	26265
31300	26269
31301	26278
31302	26282
31303	26284
31304	26288
31305	26292
31306	26293
31307	26299
31308	26302
31309	26306
31310	26308
31311	26326
31312	26342
31313	26345
31314	26354
31315	26367
31316	26375
31317	26388
31318	26393
31319	26408
31320	26411
31321	23669
31322	26431
31323	26439
31324	26444
31325	26445
31326	26397
31327	26461
31328	26469
31329	26474
31330	26476
31331	26477
31332	26478
31333	26481
31334	26487
31335	26499
31336	26502
31337	26507
31338	26510
31339	26341
31340	26527
31341	26534
31342	26482
31343	26557
31344	26583
31345	26587
31346	26593
31347	26600
31348	26619
31349	26613
31350	26623
31351	26622
31352	26627
31353	26630
31354	26635
31355	26639
31356	26686
31357	26689
31358	15894
31359	26716
31360	26721
31361	26728
31362	26734
31363	10297
31364	26762
31365	26780
31366	26815
31367	7079
31368	26837
31369	26841
31370	26846
31371	26850
31372	26866
31373	26867
31374	26874
31375	26877
31376	26878
31377	26891
31378	26920
31379	26925
31380	26939
31381	26941
31382	26905
31383	8593
31384	26958
31385	26966
31386	26970
31387	26972
31388	26973
31389	26991
31390	27000
31391	27003
31392	27006
31393	27012
31394	27015
31395	27026
31396	27031
31397	27052
31398	27054
31399	27055
31400	27056
31401	27058
31402	27076
31403	27091
31404	27110
31405	27004
31406	27112
31407	27113
31408	27116
31409	27118
31410	27125
31411	27144
31412	27155
31413	27156
31414	27124
31415	27163
31416	27179
31417	27194
31418	27219
31419	16460
31420	27243
31421	26605
31422	27300
31423	26804
31424	27353
31425	27363
31426	27371
31427	27372
31428	27387
31429	27388
31430	27406
31431	27407
31432	27410
31433	27416
31434	27424
31435	27459
31436	27471
31437	27477
31438	27492
31439	27496
31440	27511
31441	27515
31442	27531
31443	27426
31444	27560
31445	27564
31446	27572
31447	27578
31448	27584
31449	27599
31450	27625
31451	27626
31452	27628
31453	27629
31454	27640
31455	27654
31456	27658
31457	27597
31458	27670
31459	27672
31460	27679
31461	27681
31462	27682
31463	27699
31464	27702
31465	27708
31466	27718
31467	27726
31468	27731
31469	27744
31470	27755
31471	27756
31472	27759
31473	27760
31474	27673
31475	27771
31476	19648
31477	27772
31478	27774
31479	27775
31480	27783
31481	27791
31482	27796
31483	27828
31484	8209
31485	27865
31486	27850
31487	27873
31488	8668
31489	27868
31490	27912
31491	12255
31492	27923
31493	27399
31494	27957
31495	27965
31496	27966
31497	27967
31498	18377
31499	23433
31500	27975
31501	27979
31502	18634
31503	27992
31504	26692
31505	28010
31506	27370
31507	27619
31508	28064
31509	28071
31510	28074
31511	28078
31512	28087
31513	28090
31514	28099
31515	24931
31516	28101
31517	28110
31518	28122
31519	28124
31520	28135
31521	28142
31522	28157
31523	28165
31524	28167
31525	28180
31526	28193
31527	28200
31528	28203
31529	28205
31530	23986
31531	28281
31532	13669
31533	28292
31534	28309
31535	28322
31536	28337
31537	28351
31538	28363
31539	10686
31540	28378
31541	28384
31542	28397
31543	28427
31544	28432
31545	27890
31546	28437
31547	28441
31548	28451
31549	28462
31550	28472
31551	28474
31552	28475
31553	28497
31554	28498
31555	28507
31556	28028
31557	28526
31558	28530
31559	28533
31560	28539
31561	4167
31562	28548
31563	28549
31564	28552
31565	27959
31566	28566
31567	25890
31568	28588
31569	28605
31570	28616
31571	28617
31572	28621
31573	28627
31574	28633
31575	19435
31576	28646
31577	28661
31578	28676
31579	24414
31580	28737
31581	28752
31582	28758
31583	28731
31584	28767
31585	28781
31586	28787
31587	28774
31588	28798
31589	28811
31590	28828
31591	28834
31592	28866
31593	28876
31594	28881
31595	28436
31596	27083
31597	28894
31598	28909
31599	28911
31600	28858
31601	27680
31602	28922
31603	28927
31604	28926
31605	28938
31606	28947
31607	28957
31608	7763
31609	26266
31610	28975
31611	28977
31612	28982
31613	28983
31614	28984
31615	28988
31616	28996
31617	29031
31618	29034
31619	29050
31620	24822
31621	29079
31622	29098
31623	29101
31624	29105
31625	29118
31626	29126
31627	29127
31628	29144
31629	29155
31630	29149
31631	29166
31632	29174
31633	29190
31634	29193
31635	29200
31636	29211
31637	29218
31638	29229
31639	29230
31640	29152
31641	28280
31642	25248
31643	29247
31644	29249
31645	23806
31646	29275
31647	29278
31648	29281
31649	29287
31650	29055
31651	28763
31652	29296
31653	29314
31654	29333
31655	29339
31656	29347
31657	29360
31658	29362
31659	29370
31660	29387
31661	29395
31662	29398
31663	29413
31664	29421
31665	29447
31666	29459
31667	29419
31668	29297
31669	29503
31670	29509
31671	29528
31672	29551
31673	29558
31674	29562
31675	28945
31676	20556
31677	29556
31678	29580
31679	29590
31680	29600
31681	29611
31682	29619
31683	29626
31684	15999
31685	29634
31686	29647
31687	29672
31688	29680
31689	29686
31690	29695
31691	29703
31692	29713
31693	27009
31694	29732
31695	29726
31696	29709
31697	29751
31698	29762
31699	29772
31700	29796
31701	29798
31702	29815
31703	29820
31704	29839
31705	29842
31706	29861
31707	29864
31708	29895
31709	29819
31710	29899
31711	30983
31712	29867
31713	29955
31714	29915
31715	29975
31716	29990
31717	29998
31718	30054
31719	29957
31720	29858
31721	29549
31722	30109
31723	29970
31724	30117
31725	30132
31726	30140
31727	30155
31728	30159
31729	29903
31730	30169
31731	30000
31732	23670
31733	30181
31734	30199
31735	30272
31736	30279
31737	30290
31738	30355
31739	30389
31740	30282
31741	30394
31742	30402
31743	30379
31744	30409
31745	30412
31746	30418
31747	29374
31748	30428
31749	29605
31750	30429
31751	30432
31752	30435
31753	30447
31754	30458
31755	29808
31756	30469
31757	5794
31758	29730
31759	30507
31760	30512
31761	30518
31762	30543
31763	30554
31764	30569
31765	30573
31766	30436
31767	30592
31768	30596
31769	30606
31770	30619
31771	30622
31772	30632
31773	30636
31774	30641
31775	30645
31776	30656
31777	30659
31778	30662
31779	8074
31780	30671
31781	30678
31782	28542
31783	30705
31784	7869
31785	30266
31786	30719
31787	30722
31788	30737
31789	30739
31790	30750
31791	30751
31792	28224
31793	30768
31794	29612
31795	29258
31796	30814
31797	26737
31798	26797
31799	30820
31800	30834
31801	30842
31802	30845
31803	30848
31804	30852
31805	30862
31806	30877
31807	30890
31808	30893
31809	30900
31810	30902
31811	30886
31812	30908
31813	30914
31814	30916
31815	30945
31816	30956
31817	30488
31818	30995
31819	31021
31820	31033
31821	31036
31822	31048
31823	31052
31824	31053
31825	31060
31826	31022
31827	31067
31828	31079
31829	31087
31830	30660
31831	30933
31832	31098
31833	31099
31834	31104
31835	31112
31836	31122
31837	31125
31838	31130
31839	31145
31840	31153
31841	31157
31842	31169
31843	31180
31844	31183
31845	31188
31846	31189
31847	31193
31848	31203
31849	31019
31850	31218
31851	31244
31852	31258
31853	31269
31854	31270
31855	31274
31856	31277
31857	31292
31858	18088
31859	31297
31860	31299
31861	31301
31862	31322
31863	31366
31864	31381
31865	31416
31866	27674
31867	31427
31868	31440
31869	30812
31870	31462
31871	31464
31872	31475
31873	6035
31874	31491
31875	31493
31876	31497
31877	31506
31878	31507
31879	25187
31880	31509
31881	31517
31882	31537
31883	31562
31884	4426
31885	31563
31886	31564
31887	31587
31888	31608
31889	31610
31890	28491
31891	31622
31892	31648
31893	31670
31894	31465
31895	31679
31896	31680
31897	31682
31898	31652
31899	31742
31900	31604
31901	31770
31902	13462
31903	31783
31904	31794
31905	31795
31906	31797
31907	31576
31908	31838
31909	31866
31910	31882
31911	31887
31912	31911
31913	31921
31914	31919
31915	31932
31916	31938
31917	31950
31918	31952
31919	31967
31920	31981
31921	30560
31922	32002
31923	32007
31924	32009
31925	32015
31926	32019
31927	32039
31928	32123
31929	32131
31930	32158
31931	32176
31932	32185
31933	32186
31934	32180
31935	32219
31936	32225
31937	32229
31938	32247
31939	32263
31940	32264
31941	32266
31942	1626
31943	32281
31944	32300
31945	32302
31946	32321
31947	32372
31948	32195
31949	32387
31950	31772
31951	32425
31952	32432
31953	32438
31954	32437
31955	32470
31956	30860
31957	32479
31958	32491
31959	32511
31960	30571
31961	32520
31962	32524
31963	32546
31964	32581
31965	32597
31966	32606
31967	32609
31968	30392
31969	32620
31970	32634
31971	32636
31972	32639
31973	32647
31974	32651
31975	32652
31976	32656
31977	32700
31978	32702
31979	32709
31980	31522
31981	32711
31982	32731
31983	32498
31984	32758
31985	32762
31986	32766
31987	32778
31988	32791
31989	32798
31990	32833
31991	32839
31992	32848
31993	32849
31994	32842
31995	32851
31996	32897
31997	32929
31998	32947
31999	32953
32000	32761
32001	32966
32002	23385
32003	32781
32004	32985
32005	33009
32006	15918
32007	33025
32008	33046
32009	33061
32010	33068
32011	33080
32012	33083
32013	32816
32014	33098
32015	33106
32016	33111
32017	32763
32018	33121
32019	33122
32020	33131
32021	33145
32022	33160
32023	33164
32024	33168
32025	33193
32026	33197
32027	33207
32028	33212
32029	33215
32030	33221
32031	33248
32032	33253
32033	33258
32034	33269
32035	33270
32036	33288
32037	33295
32038	33303
32039	33310
32040	33326
32041	33329
32042	33330
32043	33337
32044	33338
32045	33285
32046	33357
32047	33343
32048	33165
32049	33361
32050	33363
32051	33376
32052	33388
32053	33392
32054	29938
32055	33394
32056	31520
32057	33409
32058	33413
32059	33416
32060	33448
32061	33450
32062	33451
32063	33461
32064	33469
32065	33479
32066	33480
32067	33503
32068	33517
32069	33478
32070	33524
32071	33525
32072	33527
32073	33533
32074	33540
32075	33554
32076	33487
32077	33558
32078	33568
32079	33410
32080	33577
32081	33585
32082	33590
32083	33591
32084	33597
32085	33598
32086	33600
32087	33604
32088	33616
32089	33619
32090	33634
32091	28147
32092	33643
32093	33650
32094	33652
32095	33642
32096	33683
32097	28630
32098	15452
32099	33700
32100	33707
32101	33715
32102	33718
32103	33719
32104	33722
32105	33736
32106	33744
32107	33757
32108	33770
32109	33783
32110	33784
32111	33797
32112	33798
32113	33801
32114	33806
32115	33811
32116	33817
32117	33456
32118	33828
32119	33832
32120	33834
32121	33843
32122	33847
32123	33816
32124	33868
32125	33898
32126	33903
32127	33905
32128	33911
32129	33923
32130	33927
32131	33963
32132	33961
32133	29392
32134	33975
32135	33976
32136	33309
32137	33995
32138	34000
32139	34013
32140	34011
32141	27064
32142	34035
32143	34036
32144	34043
32145	34053
32146	34056
32147	34061
32148	32005
32149	34067
32150	34071
32151	34086
32152	34103
32153	34112
32154	34123
32155	34126
32156	34128
32157	34129
32158	34132
32159	33969
32160	34153
32161	34155
32162	34190
32163	34196
32164	34216
32165	33274
32166	34247
32167	34261
32168	34278
32169	34285
32170	223
32171	34295
32172	34306
32173	34317
32174	34345
32175	31780
32176	34348
32177	34350
32178	34353
32179	34365
32180	34367
32181	34368
32182	4831
32183	34376
32184	34378
32185	32350
32186	34391
32187	34394
32188	34413
32189	34415
32190	34299
32191	34427
32192	34430
32193	34442
32194	34282
32195	20429
32196	34505
32197	34512
32198	34514
32199	34515
32200	34519
32201	34526
32202	34532
32203	34540
32204	34541
32205	34550
32206	18540
32207	34561
32208	34563
32209	34569
32210	34586
32211	24763
32212	34588
32213	34593
32214	34603
32215	34605
32216	34614
32217	34626
32218	34629
32219	33147
32220	34640
32221	34641
32222	34645
32223	34648
32224	34655
32225	34656
32226	34663
32227	34667
32228	34674
32229	34693
32230	34694
32231	34699
32232	34700
32233	34701
32234	34704
32235	34728
32236	34734
32237	34740
32238	34764
32239	34766
32240	34773
32241	34794
32242	34799
32243	34816
32244	34830
32245	34838
32246	34862
32247	34869
32248	34868
32249	34873
32250	34875
32251	34889
32252	34896
32253	34909
32254	34914
32255	34927
32256	33216
32257	34935
32258	34936
32259	34942
32260	32183
32261	34976
32262	35002
32263	34947
32264	35016
32265	35036
32266	35044
32267	35046
32268	35047
32269	35091
32270	35092
32271	35097
32272	35129
32273	35141
32274	35144
32275	35147
32276	35160
32277	35162
32278	35169
32279	35172
32280	35174
32281	25549
32282	35198
32283	35199
32284	35211
32285	35223
32286	35253
32287	34664
32288	27879
32289	35202
32290	35320
32291	35332
32292	35343
32293	35349
32294	35355
32295	35357
32296	35370
32297	35325
32298	35367
32299	35391
32300	35392
32301	35418
32302	35426
