25307	2
25308	2
25309	2
25310	2
25311	2
25312	2
25313	2
25314	2
25315	2
25316	2
25317	2
25318	2
25319	2
25320	2
25321	2
25322	2
25323	1
25324	2
25325	2
25326	2
25327	2
25328	2
25329	2
25330	2
25331	2
25332	2
25333	2
25334	2
25335	2
25336	2
25337	2
25338	2
25339	2
25340	2
25341	2
25342	2
25343	2
25344	2
25345	2
25346	2
25347	2
25348	2
25349	2
25350	1
25351	2
25352	2
25353	2
25354	2
25355	2
25356	2
25357	2
25358	2
25359	2
25360	2
25361	2
25362	2
25363	2
25364	2
25365	2
25366	2
25367	2
25368	2
25369	2
25370	1
25371	2
25372	2
25373	1
25374	2
25375	2
25376	2
25377	1
25378	2
25379	2
25380	2
25381	2
25382	2
25383	1
25384	2
25385	2
25386	1
25387	2
25388	2
25389	2
25390	2
25391	2
25392	2
25393	2
25394	2
25395	1
25396	2
25397	2
25398	2
25399	2
25400	2
25401	2
25402	2
25403	2
25404	2
25405	2
25406	2
25407	2
25408	1
25409	2
25410	1
25411	2
25412	1
25413	2
25414	1
25415	2
25416	2
25417	1
25418	2
25419	2
25420	0
25421	2
25422	2
25423	2
25424	2
25425	2
25426	2
25427	2
25428	2
25429	2
25430	2
25431	2
25432	2
25433	2
25434	2
25435	2
25436	2
25437	1
25438	2
25439	2
25440	2
25441	2
25442	2
25443	1
25444	2
25445	1
25446	2
25447	2
25448	0
25449	0
25450	2
25451	2
25452	2
25453	2
25454	2
25455	2
25456	2
25457	2
25458	2
25459	1
25460	1
25461	0
25462	2
25463	2
25464	2
25465	1
25466	2
25467	2
25468	2
25469	2
25470	2
25471	2
25472	1
25473	2
25474	2
25475	2
25476	1
25477	1
25478	1
25479	2
25480	2
25481	0
25482	2
25483	2
25484	2
25485	2
25486	2
25487	2
25488	2
25489	2
25490	2
25491	1
25492	2
25493	2
25494	2
25495	2
25496	2
25497	0
25498	2
25499	1
25500	2
25501	2
25502	2
25503	2
25504	0
25505	1
25506	2
25507	1
25508	2
25509	2
25510	2
25511	2
25512	2
25513	2
25514	1
25515	1
25516	2
25517	2
25518	1
25519	2
25520	2
25521	0
25522	1
25523	2
25524	1
25525	2
25526	0
25527	2
25528	2
25529	0
25530	2
25531	2
25532	0
25533	2
25534	1
25535	2
25536	1
25537	1
25538	1
25539	1
25540	2
25541	0
25542	2
25543	2
25544	2
25545	2
25546	2
25547	2
25548	2
25549	2
25550	0
25551	0
25552	2
25553	1
25554	2
25555	2
25556	1
25557	2
25558	2
25559	1
25560	2
25561	1
25562	0
25563	2
25564	0
25565	1
25566	2
25567	2
25568	2
25569	2
25570	2
25571	2
25572	1
25573	0
25574	2
25575	1
25576	2
25577	1
25578	2
25579	2
25580	2
25581	0
25582	1
25583	2
25584	2
25585	2
25586	2
25587	2
25588	2
25589	1
25590	2
25591	2
25592	0
25593	2
25594	2
25595	2
25596	0
25597	0
25598	0
25599	1
25600	2
25601	2
25602	1
25603	0
25604	1
25605	1
25606	1
25607	2
25608	0
25609	2
25610	2
25611	2
25612	2
25613	1
25614	2
25615	2
25616	2
25617	2
25618	1
25619	2
25620	2
25621	1
25622	1
25623	2
25624	1
25625	2
25626	2
25627	0
25628	2
25629	1
25630	1
25631	2
25632	2
25633	1
25634	2
25635	2
25636	2
25637	1
25638	0
25639	0
25640	1
25641	2
25642	1
25643	1
25644	1
25645	2
25646	2
25647	1
25648	2
25649	1
25650	2
25651	1
25652	0
25653	2
25654	2
25655	0
25656	2
25657	1
25658	0
25659	2
25660	2
25661	0
25662	0
25663	2
25664	0
25665	2
25666	2
25667	2
25668	2
25669	1
25670	0
25671	2
25672	2
25673	2
25674	2
25675	2
25676	0
25677	0
25678	2
25679	1
25680	2
25681	1
25682	2
25683	0
25684	2
25685	2
25686	2
25687	2
25688	0
25689	1
25690	2
25691	2
25692	0
25693	0
25694	2
25695	0
25696	2
25697	2
25698	2
25699	2
25700	2
25701	0
25702	0
25703	2
25704	2
25705	2
25706	0
25707	2
25708	1
25709	2
25710	1
25711	0
25712	2
25713	1
25714	1
25715	1
25716	2
25717	0
25718	2
25719	2
25720	1
25721	0
25722	0
25723	1
25724	1
25725	2
25726	2
25727	2
25728	2
25729	2
25730	2
25731	2
25732	2
25733	2
25734	2
25735	0
25736	2
25737	0
25738	0
25739	2
25740	2
25741	0
25742	1
25743	2
25744	0
25745	2
25746	2
25747	2
25748	2
25749	2
25750	2
25751	0
25752	2
25753	0
25754	0
25755	0
25756	1
25757	2
25758	0
25759	1
25760	0
25761	2
25762	0
25763	1
25764	2
25765	1
25766	1
25767	2
25768	1
25769	0
25770	0
25771	1
25772	1
25773	1
25774	0
25775	2
25776	0
25777	2
25778	0
25779	2
25780	0
25781	0
25782	1
25783	2
25784	2
25785	0
25786	1
25787	0
25788	1
25789	1
25790	2
25791	2
25792	1
25793	2
25794	2
25795	1
25796	1
25797	2
25798	2
25799	2
25800	2
25801	2
25802	0
25803	0
25804	2
25805	0
25806	2
25807	1
25808	0
25809	0
25810	1
25811	1
25812	2
25813	2
25814	1
25815	0
25816	2
25817	0
25818	2
25819	0
25820	0
25821	2
25822	1
25823	2
25824	1
25825	2
25826	2
25827	2
25828	2
25829	2
25830	0
25831	2
25832	1
25833	2
25834	2
25835	0
25836	1
25837	2
25838	2
25839	2
25840	2
25841	2
25842	0
25843	2
25844	2
25845	0
25846	2
25847	2
25848	2
25849	1
25850	1
25851	0
25852	0
25853	1
25854	1
25855	0
25856	2
25857	0
25858	1
25859	2
25860	2
25861	0
25862	2
25863	1
25864	0
25865	0
25866	0
25867	2
25868	2
25869	0
25870	2
25871	1
25872	0
25873	2
25874	2
25875	1
25876	2
25877	0
25878	2
25879	0
25880	0
25881	0
25882	2
25883	0
25884	1
25885	1
25886	2
25887	0
25888	0
25889	2
25890	2
25891	0
25892	0
25893	0
25894	1
25895	0
25896	0
25897	2
25898	0
25899	2
25900	2
25901	1
25902	2
25903	2
25904	2
25905	1
25906	0
25907	2
25908	2
25909	2
25910	0
25911	2
25912	0
25913	2
25914	0
25915	0
25916	1
25917	2
25918	2
25919	2
25920	0
25921	0
25922	0
25923	2
25924	2
25925	2
25926	2
25927	2
25928	2
25929	2
25930	2
25931	1
25932	2
25933	2
25934	0
25935	1
25936	0
25937	2
25938	2
25939	2
25940	2
25941	2
25942	1
25943	2
25944	2
25945	1
25946	2
25947	0
25948	1
25949	0
25950	0
25951	1
25952	1
25953	0
25954	0
25955	2
25956	2
25957	0
25958	2
25959	0
25960	1
25961	2
25962	2
25963	2
25964	0
25965	2
25966	2
25967	2
25968	2
25969	1
25970	2
25971	0
25972	1
25973	1
25974	2
25975	0
25976	1
25977	0
25978	0
25979	2
25980	2
25981	0
25982	2
25983	0
25984	1
25985	2
25986	1
25987	2
25988	2
25989	1
25990	2
25991	2
25992	0
25993	2
25994	0
25995	0
25996	1
25997	0
25998	0
25999	2
26000	2
26001	0
26002	0
26003	2
26004	2
26005	1
26006	2
26007	2
26008	0
26009	0
26010	1
26011	1
26012	1
26013	1
26014	0
26015	0
26016	0
26017	0
26018	1
26019	1
26020	0
26021	2
26022	2
26023	2
26024	0
26025	1
26026	1
26027	1
26028	0
26029	2
26030	2
26031	0
26032	2
26033	1
26034	1
26035	0
26036	0
26037	2
26038	2
26039	0
26040	2
26041	1
26042	1
26043	1
26044	2
26045	0
26046	2
26047	0
26048	2
26049	2
26050	1
26051	0
26052	2
26053	1
26054	1
26055	2
26056	1
26057	1
26058	1
26059	1
26060	1
26061	0
26062	0
26063	2
26064	0
26065	1
26066	2
26067	1
26068	0
26069	2
26070	0
26071	0
26072	2
26073	0
26074	0
26075	2
26076	2
26077	2
26078	2
26079	2
26080	2
26081	1
26082	0
26083	2
26084	0
26085	0
26086	2
26087	0
26088	0
26089	0
26090	2
26091	0
26092	0
26093	0
26094	2
26095	1
26096	0
26097	2
26098	2
26099	2
26100	1
26101	2
26102	2
26103	1
26104	1
26105	2
26106	0
26107	1
26108	2
26109	0
26110	1
26111	1
26112	0
26113	0
26114	0
26115	2
26116	0
26117	0
26118	2
26119	0
26120	0
26121	0
26122	0
26123	2
26124	2
26125	2
26126	2
26127	2
26128	2
26129	0
26130	1
26131	2
26132	0
26133	0
26134	1
26135	0
26136	2
26137	0
26138	2
26139	0
26140	0
26141	2
26142	2
26143	0
26144	1
26145	1
26146	0
26147	2
26148	2
26149	1
26150	2
26151	0
26152	1
26153	1
26154	2
26155	1
26156	1
26157	0
26158	1
26159	1
26160	1
26161	1
26162	1
26163	0
26164	2
26165	0
26166	2
26167	2
26168	2
26169	2
26170	2
26171	2
26172	0
26173	0
26174	1
26175	2
26176	2
26177	2
26178	2
26179	2
26180	0
26181	2
26182	0
26183	2
26184	0
26185	2
26186	1
26187	0
26188	0
26189	1
26190	0
26191	2
26192	1
26193	2
26194	1
26195	2
26196	0
26197	2
26198	1
26199	0
26200	0
26201	2
26202	1
26203	2
26204	1
26205	2
26206	1
26207	0
26208	2
26209	2
26210	0
26211	0
26212	1
26213	1
26214	0
26215	2
26216	0
26217	1
26218	1
26219	2
26220	2
26221	1
26222	2
26223	1
26224	0
26225	0
26226	0
26227	1
26228	1
26229	0
26230	1
26231	2
26232	1
26233	2
26234	0
26235	0
26236	0
26237	1
26238	0
26239	2
26240	2
26241	1
26242	2
26243	2
26244	1
26245	1
26246	0
26247	0
26248	1
26249	2
26250	2
26251	0
26252	0
26253	1
26254	0
26255	0
26256	0
26257	0
26258	0
26259	0
26260	0
26261	1
26262	0
26263	1
26264	1
26265	0
26266	0
26267	2
26268	1
26269	0
26270	2
26271	1
26272	0
26273	0
26274	2
26275	1
26276	1
26277	2
26278	2
26279	0
26280	0
26281	1
26282	2
26283	1
26284	1
26285	2
26286	2
26287	1
26288	0
26289	0
26290	2
26291	1
26292	0
26293	1
26294	2
26295	0
26296	0
26297	0
26298	0
26299	0
26300	0
26301	0
26302	0
26303	2
26304	0
26305	0
26306	2
26307	2
26308	0
26309	2
26310	0
26311	2
26312	1
26313	0
26314	2
26315	0
26316	1
26317	0
26318	1
26319	0
26320	0
26321	2
26322	1
26323	0
26324	2
26325	0
26326	2
26327	0
26328	2
26329	0
26330	0
26331	2
26332	0
26333	1
26334	1
26335	1
26336	0
26337	2
26338	2
26339	2
26340	0
26341	2
26342	0
26343	2
26344	2
26345	2
26346	0
26347	1
26348	2
26349	0
26350	2
26351	0
26352	1
26353	2
26354	1
26355	0
26356	0
26357	2
26358	0
26359	2
26360	1
26361	2
26362	1
26363	0
26364	2
26365	2
26366	2
26367	2
26368	2
26369	2
26370	1
26371	0
26372	0
26373	2
26374	0
26375	0
26376	2
26377	2
26378	2
26379	1
26380	1
26381	0
26382	0
26383	2
26384	0
26385	2
26386	0
26387	2
26388	0
26389	1
26390	0
26391	2
26392	2
26393	1
26394	1
26395	2
26396	1
26397	2
26398	0
26399	2
26400	2
26401	2
26402	2
26403	2
26404	2
26405	2
26406	2
26407	1
26408	0
26409	0
26410	0
26411	0
26412	2
26413	2
26414	1
26415	0
26416	0
26417	0
26418	2
26419	1
26420	2
26421	1
26422	1
26423	0
26424	1
26425	0
26426	2
26427	2
26428	0
26429	0
26430	0
26431	0
26432	2
26433	2
26434	2
26435	2
26436	2
26437	1
26438	1
26439	0
26440	0
26441	2
26442	2
26443	0
26444	2
26445	0
26446	2
26447	1
26448	2
26449	2
26450	1
26451	0
26452	0
26453	0
26454	2
26455	0
26456	1
26457	1
26458	1
26459	1
26460	0
26461	1
26462	1
26463	0
26464	1
26465	2
26466	1
26467	2
26468	2
26469	1
26470	0
26471	1
26472	2
26473	2
26474	2
26475	0
26476	1
26477	1
26478	0
26479	0
26480	2
26481	2
26482	0
26483	0
26484	2
26485	2
26486	0
26487	0
26488	1
26489	2
26490	1
26491	0
26492	2
26493	1
26494	0
26495	0
26496	0
26497	2
26498	2
26499	1
26500	2
26501	1
26502	2
26503	1
26504	0
26505	2
26506	1
26507	1
26508	0
26509	2
26510	1
26511	0
26512	1
26513	2
26514	2
26515	2
26516	0
26517	2
26518	0
26519	1
26520	0
26521	0
26522	0
26523	0
26524	1
26525	0
26526	0
26527	2
26528	0
26529	2
26530	1
26531	2
26532	2
26533	2
26534	1
26535	2
26536	1
26537	2
26538	2
26539	0
26540	1
26541	0
26542	0
26543	1
26544	1
26545	1
26546	2
26547	2
26548	0
26549	0
26550	0
26551	1
26552	1
26553	2
26554	2
26555	0
26556	0
26557	1
26558	1
26559	1
26560	2
26561	2
26562	2
26563	0
26564	2
26565	0
26566	2
26567	0
26568	1
26569	0
26570	2
26571	2
26572	2
26573	2
26574	1
26575	1
26576	1
26577	1
26578	2
26579	2
26580	0
26581	0
26582	1
26583	0
26584	2
26585	2
26586	0
26587	0
26588	0
26589	2
26590	0
26591	1
26592	2
26593	2
26594	0
26595	1
26596	1
26597	1
26598	0
26599	0
26600	0
26601	2
26602	2
26603	1
26604	1
26605	1
26606	2
26607	2
26608	1
26609	2
26610	2
26611	1
26612	0
26613	0
26614	0
26615	2
26616	1
26617	1
26618	0
26619	0
26620	2
26621	2
26622	0
26623	2
26624	1
26625	1
26626	2
26627	0
26628	1
26629	0
26630	1
26631	0
26632	0
26633	1
26634	2
26635	0
26636	1
26637	1
26638	0
26639	2
26640	0
26641	0
26642	0
26643	1
26644	1
26645	2
26646	0
26647	0
26648	2
26649	1
26650	1
26651	1
26652	0
26653	2
26654	0
26655	1
26656	2
26657	0
26658	1
26659	1
26660	2
26661	0
26662	0
26663	2
26664	1
26665	1
26666	1
26667	0
26668	0
26669	1
26670	2
26671	1
26672	2
26673	0
26674	2
26675	1
26676	2
26677	0
26678	0
26679	1
26680	0
26681	0
26682	2
26683	0
26684	0
26685	2
26686	2
26687	2
26688	1
26689	0
26690	2
26691	0
26692	1
26693	2
26694	0
26695	1
26696	0
26697	2
26698	0
26699	2
26700	1
26701	0
26702	0
26703	0
26704	2
26705	0
26706	2
26707	1
26708	0
26709	2
26710	0
26711	1
26712	2
26713	2
26714	0
26715	0
26716	2
26717	2
26718	0
26719	0
26720	2
26721	2
26722	2
26723	1
26724	0
26725	2
26726	0
26727	1
26728	0
26729	0
26730	0
26731	1
26732	2
26733	2
26734	2
26735	1
26736	0
26737	1
26738	0
26739	1
26740	0
26741	2
26742	0
26743	1
26744	0
26745	1
26746	0
26747	1
26748	1
26749	2
26750	0
26751	0
26752	2
26753	1
26754	1
26755	1
26756	0
26757	1
26758	0
26759	1
26760	0
26761	1
26762	0
26763	2
26764	0
26765	2
26766	1
26767	1
26768	2
26769	2
26770	2
26771	2
26772	2
26773	0
26774	0
26775	0
26776	1
26777	0
26778	2
26779	1
26780	2
26781	1
26782	2
26783	2
26784	0
26785	0
26786	0
26787	2
26788	2
26789	0
26790	0
26791	2
26792	1
26793	2
26794	1
26795	1
26796	0
26797	1
26798	1
26799	0
26800	1
26801	2
26802	0
26803	2
26804	0
26805	0
26806	0
26807	2
26808	1
26809	1
26810	1
26811	0
26812	1
26813	1
26814	2
26815	2
26816	1
26817	0
26818	0
26819	2
26820	2
26821	1
26822	0
26823	2
26824	1
26825	2
26826	2
26827	0
26828	0
26829	1
26830	2
26831	1
26832	1
26833	0
26834	2
26835	0
26836	0
26837	0
26838	0
26839	0
26840	0
26841	1
26842	2
26843	2
26844	0
26845	1
26846	1
26847	0
26848	1
26849	0
26850	2
26851	1
26852	1
26853	0
26854	1
26855	0
26856	1
26857	2
26858	0
26859	2
26860	0
26861	0
26862	0
26863	1
26864	1
26865	2
26866	2
26867	1
26868	0
26869	1
26870	0
26871	0
26872	1
26873	0
26874	1
26875	2
26876	0
26877	0
26878	0
26879	2
26880	0
26881	0
26882	1
26883	0
26884	0
26885	1
26886	1
26887	0
26888	1
26889	0
26890	2
26891	2
26892	2
26893	2
26894	1
26895	0
26896	0
26897	2
26898	2
26899	2
26900	1
26901	2
26902	2
26903	1
26904	0
26905	0
26906	0
26907	2
26908	2
26909	2
26910	0
26911	0
26912	2
26913	2
26914	0
26915	2
26916	1
26917	2
26918	2
26919	0
26920	0
26921	2
26922	0
26923	0
26924	2
26925	0
26926	0
26927	0
26928	0
26929	2
26930	2
26931	1
26932	1
26933	0
26934	0
26935	1
26936	2
26937	1
26938	0
26939	1
26940	1
26941	0
26942	2
26943	0
26944	0
26945	0
26946	0
26947	0
26948	0
26949	0
26950	2
26951	2
26952	1
26953	0
26954	1
26955	2
26956	1
26957	2
26958	1
26959	0
26960	0
26961	1
26962	1
26963	1
26964	0
26965	2
26966	0
26967	2
26968	2
26969	0
26970	1
26971	1
26972	1
26973	0
26974	1
26975	1
26976	0
26977	2
26978	0
26979	0
26980	1
26981	0
26982	2
26983	0
26984	0
26985	0
26986	0
26987	0
26988	1
26989	1
26990	2
26991	0
26992	0
26993	1
26994	1
26995	0
26996	0
26997	0
26998	2
26999	1
27000	0
27001	1
27002	1
27003	1
27004	0
27005	0
27006	1
27007	1
27008	0
27009	2
27010	2
27011	1
27012	2
27013	1
27014	2
27015	0
27016	0
27017	0
27018	0
27019	2
27020	0
27021	1
27022	0
27023	0
27024	0
27025	0
27026	0
27027	0
27028	2
27029	1
27030	2
27031	1
27032	0
27033	0
27034	2
27035	2
27036	2
27037	1
27038	0
27039	1
27040	1
27041	2
27042	1
27043	0
27044	2
27045	0
27046	0
27047	0
27048	0
27049	0
27050	0
27051	1
27052	0
27053	0
27054	0
27055	2
27056	1
27057	0
27058	0
27059	2
27060	2
27061	0
27062	0
27063	1
27064	1
27065	0
27066	0
27067	2
27068	0
27069	2
27070	1
27071	2
27072	0
27073	0
27074	0
27075	0
27076	1
27077	0
27078	1
27079	1
27080	2
27081	2
27082	0
27083	2
27084	0
27085	0
27086	1
27087	1
27088	0
27089	1
27090	1
27091	1
27092	0
27093	1
27094	0
27095	2
27096	1
27097	1
27098	2
27099	2
27100	1
27101	0
27102	2
27103	2
27104	2
27105	0
27106	2
27107	2
27108	0
27109	0
27110	1
27111	2
27112	0
27113	2
27114	2
27115	0
27116	1
27117	1
27118	0
27119	0
27120	1
27121	2
27122	2
27123	2
27124	1
27125	2
27126	2
27127	0
27128	2
27129	2
27130	1
27131	1
27132	1
27133	1
27134	1
27135	2
27136	0
27137	2
27138	0
27139	2
27140	0
27141	2
27142	0
27143	0
27144	1
27145	1
27146	2
27147	0
27148	2
27149	0
27150	0
27151	0
27152	0
27153	1
27154	0
27155	1
27156	1
27157	0
27158	0
27159	2
27160	2
27161	1
27162	1
27163	0
27164	1
27165	2
27166	1
27167	2
27168	1
27169	1
27170	2
27171	1
27172	0
27173	2
27174	2
27175	2
27176	1
27177	0
27178	2
27179	0
27180	2
27181	0
27182	1
27183	2
27184	1
27185	0
27186	1
27187	0
27188	0
27189	0
27190	0
27191	2
27192	2
27193	2
27194	0
27195	2
27196	2
27197	1
27198	2
27199	2
27200	2
27201	0
27202	1
27203	0
27204	1
27205	0
27206	1
27207	0
27208	2
27209	0
27210	2
27211	1
27212	2
27213	2
27214	1
27215	0
27216	0
27217	2
27218	2
27219	1
27220	1
27221	2
27222	2
27223	0
27224	2
27225	2
27226	0
27227	0
27228	2
27229	1
27230	2
27231	1
27232	0
27233	0
27234	1
27235	0
27236	1
27237	2
27238	1
27239	2
27240	1
27241	0
27242	2
27243	0
27244	2
27245	0
27246	1
27247	2
27248	0
27249	1
27250	1
27251	0
27252	1
27253	2
27254	1
27255	0
27256	0
27257	0
27258	1
27259	2
27260	0
27261	0
27262	1
27263	0
27264	0
27265	2
27266	0
27267	2
27268	0
27269	1
27270	0
27271	0
27272	1
27273	0
27274	0
27275	2
27276	2
27277	0
27278	2
27279	2
27280	0
27281	0
27282	0
27283	0
27284	1
27285	2
27286	0
27287	0
27288	0
27289	0
27290	1
27291	2
27292	0
27293	1
27294	0
27295	0
27296	0
27297	1
27298	0
27299	0
27300	2
27301	0
27302	0
27303	0
27304	0
27305	1
27306	2
27307	1
27308	0
27309	0
27310	1
27311	0
27312	0
27313	0
27314	0
27315	2
27316	2
27317	1
27318	1
27319	0
27320	0
27321	0
27322	0
27323	0
27324	0
27325	1
27326	1
27327	0
27328	1
27329	0
27330	0
27331	2
27332	1
27333	0
27334	0
27335	2
27336	0
27337	0
27338	0
27339	1
27340	1
27341	0
27342	0
27343	0
27344	1
27345	2
27346	2
27347	2
27348	1
27349	1
27350	2
27351	1
27352	0
27353	2
27354	0
27355	0
27356	2
27357	2
27358	0
27359	1
27360	0
27361	0
27362	2
27363	0
27364	0
27365	1
27366	1
27367	1
27368	0
27369	0
27370	0
27371	0
27372	0
27373	0
27374	0
27375	0
27376	0
27377	1
27378	2
27379	0
27380	2
27381	0
27382	2
27383	1
27384	0
27385	0
27386	2
27387	1
27388	0
27389	0
27390	1
27391	0
27392	0
27393	0
27394	0
27395	2
27396	0
27397	2
27398	0
27399	0
27400	2
27401	1
27402	1
27403	0
27404	1
27405	1
27406	0
27407	2
27408	0
27409	2
27410	0
27411	0
27412	1
27413	2
27414	0
27415	0
27416	0
27417	0
27418	0
27419	1
27420	1
27421	0
27422	0
27423	0
27424	1
27425	1
27426	0
27427	1
27428	0
27429	1
27430	0
27431	2
27432	0
27433	2
27434	2
27435	1
27436	0
27437	1
27438	2
27439	2
27440	2
27441	0
27442	2
27443	1
27444	2
27445	0
27446	1
27447	2
27448	0
27449	0
27450	2
27451	2
27452	0
27453	2
27454	2
27455	0
27456	2
27457	0
27458	2
27459	0
27460	0
27461	2
27462	1
27463	0
27464	2
27465	1
27466	0
27467	0
27468	0
27469	1
27470	1
27471	0
27472	0
27473	0
27474	1
27475	1
27476	2
27477	0
27478	0
27479	0
27480	0
27481	0
27482	0
27483	0
27484	2
27485	1
27486	0
27487	1
27488	1
27489	0
27490	1
27491	2
27492	1
27493	1
27494	1
27495	1
27496	2
27497	2
27498	0
27499	0
27500	0
27501	0
27502	2
27503	2
27504	1
27505	0
27506	1
27507	0
27508	1
27509	2
27510	0
27511	0
27512	2
27513	1
27514	1
27515	0
27516	2
27517	1
27518	2
27519	1
27520	2
27521	1
27522	0
27523	1
27524	0
27525	0
27526	0
27527	0
27528	2
27529	0
27530	0
27531	0
27532	2
27533	2
27534	1
27535	2
27536	1
27537	1
27538	2
27539	0
27540	0
27541	1
27542	2
27543	2
27544	2
27545	0
27546	0
27547	0
27548	0
27549	2
27550	2
27551	0
27552	2
27553	0
27554	2
27555	0
27556	0
27557	2
27558	0
27559	0
27560	2
27561	2
27562	2
27563	2
27564	1
27565	2
27566	0
27567	1
27568	0
27569	2
27570	0
27571	0
27572	2
27573	0
27574	0
27575	1
27576	2
27577	1
27578	2
27579	1
27580	0
27581	1
27582	2
27583	0
27584	0
27585	0
27586	2
27587	0
27588	0
27589	1
27590	0
27591	0
27592	2
27593	0
27594	1
27595	0
27596	0
27597	0
27598	1
27599	0
27600	1
27601	1
27602	1
27603	0
27604	1
27605	0
27606	0
27607	2
27608	0
27609	0
27610	1
27611	2
27612	2
27613	0
27614	1
27615	1
27616	0
27617	0
27618	0
27619	0
27620	0
27621	2
27622	0
27623	2
27624	0
27625	2
27626	1
27627	0
27628	1
27629	1
27630	2
27631	1
27632	1
27633	1
27634	2
27635	1
27636	0
27637	2
27638	2
27639	1
27640	1
27641	0
27642	2
27643	2
27644	1
27645	2
27646	0
27647	1
27648	0
27649	2
27650	2
27651	1
27652	0
27653	1
27654	2
27655	0
27656	2
27657	1
27658	1
27659	0
27660	2
27661	0
27662	2
27663	0
27664	1
27665	2
27666	2
27667	1
27668	0
27669	0
27670	0
27671	0
27672	1
27673	0
27674	0
27675	0
27676	1
27677	0
27678	0
27679	1
27680	0
27681	0
27682	0
27683	0
27684	2
27685	0
27686	1
27687	1
27688	0
27689	0
27690	0
27691	0
27692	0
27693	2
27694	2
27695	0
27696	1
27697	0
27698	0
27699	0
27700	0
27701	0
27702	1
27703	2
27704	0
27705	0
27706	0
27707	0
27708	0
27709	2
27710	0
27711	1
27712	0
27713	2
27714	0
27715	2
27716	0
27717	1
27718	1
27719	1
27720	0
27721	2
27722	0
27723	1
27724	0
27725	0
27726	1
27727	0
27728	0
27729	0
27730	1
27731	1
27732	2
27733	0
27734	1
27735	0
27736	0
27737	2
27738	1
27739	2
27740	1
27741	2
27742	0
27743	0
27744	0
27745	0
27746	2
27747	0
27748	0
27749	0
27750	0
27751	2
27752	0
27753	0
27754	0
27755	2
27756	0
27757	0
27758	0
27759	0
27760	1
27761	0
27762	0
27763	0
27764	0
27765	0
27766	1
27767	2
27768	2
27769	2
27770	1
27771	0
27772	1
27773	0
27774	1
27775	2
27776	1
27777	2
27778	0
27779	0
27780	2
27781	0
27782	0
27783	0
27784	2
27785	0
27786	0
27787	0
27788	0
27789	1
27790	1
27791	0
27792	2
27793	0
27794	1
27795	0
27796	0
27797	0
27798	2
27799	1
27800	0
27801	0
27802	1
27803	0
27804	1
27805	0
27806	1
27807	0
27808	0
27809	0
27810	0
27811	0
27812	0
27813	0
27814	1
27815	0
27816	0
27817	0
27818	0
27819	0
27820	0
27821	0
27822	2
27823	0
27824	0
27825	0
27826	2
27827	0
27828	2
27829	0
27830	0
27831	0
27832	0
27833	2
27834	2
27835	0
27836	0
27837	0
27838	0
27839	0
27840	0
27841	0
27842	0
27843	0
27844	1
27845	1
27846	0
27847	2
27848	0
27849	2
27850	0
27851	2
27852	1
27853	0
27854	1
27855	1
27856	2
27857	0
27858	0
27859	0
27860	1
27861	0
27862	0
27863	0
27864	0
27865	0
27866	0
27867	1
27868	1
27869	2
27870	1
27871	1
27872	2
27873	0
27874	1
27875	1
27876	2
27877	2
27878	0
27879	1
27880	1
27881	2
27882	0
27883	1
27884	1
27885	1
27886	0
27887	2
27888	1
27889	0
27890	1
27891	0
27892	0
27893	1
27894	0
27895	0
27896	1
27897	0
27898	2
27899	0
27900	1
27901	1
27902	0
27903	0
27904	0
27905	0
27906	1
27907	2
27908	2
27909	1
27910	0
27911	0
27912	0
27913	0
27914	1
27915	0
27916	1
27917	0
27918	2
27919	1
27920	1
27921	0
27922	0
27923	2
27924	0
27925	1
27926	0
27927	0
27928	2
27929	0
27930	0
27931	0
27932	2
27933	1
27934	1
27935	2
27936	1
27937	2
27938	0
27939	0
27940	2
27941	0
27942	0
27943	2
27944	0
27945	1
27946	0
27947	2
27948	0
27949	2
27950	0
27951	2
27952	0
27953	0
27954	0
27955	1
27956	2
27957	1
27958	0
27959	1
27960	1
27961	1
27962	2
27963	1
27964	0
27965	2
27966	0
27967	2
27968	2
27969	0
27970	0
27971	0
27972	0
27973	0
27974	0
27975	1
27976	0
27977	0
27978	1
27979	2
27980	0
27981	0
27982	2
27983	0
27984	2
27985	0
27986	2
27987	1
27988	1
27989	1
27990	1
27991	0
27992	1
27993	1
27994	0
27995	0
27996	1
27997	2
27998	0
27999	2
28000	1
28001	0
28002	2
28003	2
28004	1
28005	2
28006	0
28007	1
28008	2
28009	0
28010	0
28011	0
28012	0
28013	0
28014	0
28015	0
28016	0
28017	0
28018	0
28019	2
28020	2
28021	0
28022	2
28023	2
28024	0
28025	2
28026	0
28027	0
28028	2
28029	1
28030	2
28031	2
28032	2
28033	0
28034	1
28035	0
28036	2
28037	1
28038	1
28039	2
28040	1
28041	0
28042	0
28043	0
28044	2
28045	1
28046	2
28047	2
28048	1
28049	2
28050	0
28051	2
28052	1
28053	0
28054	0
28055	0
28056	0
28057	0
28058	2
28059	0
28060	0
28061	1
28062	2
28063	2
28064	2
28065	1
28066	0
28067	1
28068	1
28069	0
28070	1
28071	2
28072	2
28073	2
28074	1
28075	0
28076	2
28077	2
28078	0
28079	0
28080	2
28081	1
28082	1
28083	2
28084	2
28085	0
28086	0
28087	1
28088	0
28089	2
28090	1
28091	0
28092	1
28093	0
28094	0
28095	1
28096	2
28097	1
28098	0
28099	0
28100	1
28101	2
28102	0
28103	1
28104	1
28105	0
28106	0
28107	1
28108	1
28109	0
28110	0
28111	0
28112	0
28113	2
28114	2
28115	0
28116	0
28117	0
28118	1
28119	1
28120	0
28121	2
28122	2
28123	1
28124	1
28125	0
28126	1
28127	2
28128	0
28129	0
28130	0
28131	0
28132	0
28133	1
28134	2
28135	2
28136	0
28137	0
28138	1
28139	1
28140	0
28141	1
28142	2
28143	0
28144	1
28145	0
28146	2
28147	0
28148	1
28149	1
28150	2
28151	0
28152	1
28153	1
28154	1
28155	2
28156	1
28157	1
28158	0
28159	1
28160	0
28161	1
28162	1
28163	1
28164	0
28165	2
28166	0
28167	0
28168	1
28169	1
28170	0
28171	0
28172	2
28173	2
28174	2
28175	0
28176	0
28177	0
28178	2
28179	0
28180	0
28181	0
28182	0
28183	0
28184	1
28185	0
28186	1
28187	2
28188	0
28189	0
28190	0
28191	2
28192	1
28193	1
28194	2
28195	2
28196	0
28197	0
28198	0
28199	0
28200	1
28201	0
28202	0
28203	1
28204	2
28205	2
28206	1
28207	1
28208	0
28209	0
28210	0
28211	0
28212	1
28213	1
28214	2
28215	2
28216	1
28217	2
28218	0
28219	2
28220	0
28221	1
28222	0
28223	0
28224	1
28225	0
28226	0
28227	0
28228	1
28229	0
28230	0
28231	0
28232	2
28233	2
28234	1
28235	0
28236	2
28237	2
28238	0
28239	0
28240	0
28241	0
28242	0
28243	0
28244	1
28245	0
28246	2
28247	1
28248	1
28249	0
28250	1
28251	0
28252	2
28253	0
28254	0
28255	1
28256	0
28257	0
28258	2
28259	1
28260	2
28261	0
28262	1
28263	1
28264	1
28265	2
28266	0
28267	1
28268	1
28269	2
28270	1
28271	2
28272	0
28273	0
28274	0
28275	1
28276	2
28277	0
28278	1
28279	0
28280	0
28281	1
28282	0
28283	2
28284	0
28285	1
28286	2
28287	0
28288	1
28289	1
28290	1
28291	2
28292	2
28293	1
28294	0
28295	0
28296	2
28297	0
28298	1
28299	0
28300	0
28301	1
28302	1
28303	2
28304	0
28305	0
28306	0
28307	0
28308	1
28309	2
28310	2
28311	1
28312	2
28313	1
28314	0
28315	1
28316	2
28317	0
28318	1
28319	0
28320	2
28321	0
28322	2
28323	0
28324	2
28325	2
28326	0
28327	0
28328	0
28329	2
28330	1
28331	0
28332	2
28333	0
28334	0
28335	2
28336	1
28337	1
28338	2
28339	2
28340	1
28341	2
28342	0
28343	2
28344	0
28345	0
28346	0
28347	0
28348	2
28349	0
28350	1
28351	0
28352	0
28353	1
28354	0
28355	0
28356	0
28357	1
28358	0
28359	1
28360	1
28361	2
28362	2
28363	0
28364	0
28365	0
28366	0
28367	0
28368	0
28369	0
28370	1
28371	1
28372	2
28373	1
28374	1
28375	0
28376	2
28377	0
28378	2
28379	0
28380	0
28381	1
28382	1
28383	2
28384	1
28385	0
28386	2
28387	1
28388	1
28389	0
28390	2
28391	0
28392	2
28393	1
28394	1
28395	1
28396	2
28397	2
28398	0
28399	0
28400	0
28401	0
28402	0
28403	0
28404	2
28405	0
28406	1
28407	0
28408	1
28409	0
28410	1
28411	0
28412	0
28413	2
28414	0
28415	1
28416	0
28417	2
28418	0
28419	0
28420	2
28421	2
28422	0
28423	2
28424	0
28425	0
28426	1
28427	0
28428	0
28429	0
28430	0
28431	0
28432	0
28433	2
28434	0
28435	1
28436	0
28437	0
28438	0
28439	0
28440	1
28441	1
28442	2
28443	1
28444	1
28445	1
28446	2
28447	0
28448	1
28449	1
28450	0
28451	2
28452	0
28453	1
28454	1
28455	0
28456	2
28457	0
28458	2
28459	2
28460	0
28461	1
28462	1
28463	1
28464	0
28465	0
28466	1
28467	0
28468	0
28469	2
28470	2
28471	1
28472	2
28473	1
28474	2
28475	0
28476	1
28477	1
28478	0
28479	0
28480	0
28481	1
28482	0
28483	0
28484	1
28485	0
28486	0
28487	0
28488	1
28489	0
28490	1
28491	1
28492	2
28493	0
28494	2
28495	0
28496	0
28497	0
28498	2
28499	1
28500	0
28501	0
28502	0
28503	2
28504	1
28505	0
28506	2
28507	0
28508	1
28509	0
28510	2
28511	2
28512	1
28513	0
28514	2
28515	0
28516	0
28517	0
28518	2
28519	2
28520	2
28521	1
28522	1
28523	0
28524	2
28525	1
28526	0
28527	0
28528	0
28529	0
28530	1
28531	1
28532	2
28533	1
28534	2
28535	0
28536	0
28537	0
28538	0
28539	0
28540	0
28541	2
28542	2
28543	2
28544	2
28545	2
28546	2
28547	2
28548	2
28549	2
28550	2
28551	2
28552	2
28553	2
28554	1
28555	2
28556	2
28557	2
28558	2
28559	2
28560	2
28561	2
28562	2
28563	2
28564	2
28565	2
28566	2
28567	2
28568	2
28569	2
28570	2
28571	1
28572	2
28573	2
28574	2
28575	2
28576	2
28577	2
28578	2
28579	2
28580	2
28581	2
28582	2
28583	2
28584	1
28585	2
28586	2
28587	2
28588	2
28589	2
28590	2
28591	2
28592	2
28593	2
28594	2
28595	2
28596	2
28597	2
28598	2
28599	2
28600	1
28601	2
28602	2
28603	2
28604	2
28605	2
28606	2
28607	2
28608	2
28609	2
28610	2
28611	2
28612	1
28613	1
28614	2
28615	2
28616	2
28617	2
28618	2
28619	1
28620	2
28621	2
28622	1
28623	1
28624	1
28625	2
28626	2
28627	1
28628	2
28629	2
28630	1
28631	2
28632	2
28633	2
28634	2
28635	2
28636	2
28637	2
28638	2
28639	2
28640	1
28641	2
28642	2
28643	2
28644	1
28645	1
28646	2
28647	1
28648	2
28649	2
28650	2
28651	2
28652	2
28653	2
28654	2
28655	2
28656	2
28657	2
28658	2
28659	2
28660	2
28661	2
28662	2
28663	2
28664	1
28665	2
28666	2
28667	2
28668	2
28669	2
28670	1
28671	2
28672	1
28673	1
28674	2
28675	2
28676	1
28677	2
28678	2
28679	2
28680	2
28681	2
28682	2
28683	2
28684	2
28685	2
28686	2
28687	2
28688	2
28689	2
28690	2
28691	1
28692	1
28693	2
28694	2
28695	2
28696	2
28697	2
28698	0
28699	2
28700	2
28701	2
28702	2
28703	1
28704	1
28705	1
28706	2
28707	2
28708	0
28709	0
28710	2
28711	2
28712	2
28713	1
28714	2
28715	2
28716	2
28717	2
28718	2
28719	2
28720	1
28721	2
28722	2
28723	1
28724	2
28725	2
28726	2
28727	2
28728	1
28729	0
28730	2
28731	2
28732	2
28733	2
28734	1
28735	2
28736	0
28737	1
28738	2
28739	1
28740	1
28741	2
28742	2
28743	2
28744	2
28745	2
28746	2
28747	2
28748	2
28749	2
28750	1
28751	1
28752	1
28753	2
28754	1
28755	2
28756	2
28757	2
28758	2
28759	2
28760	2
28761	2
28762	1
28763	2
28764	2
28765	1
28766	2
28767	2
28768	0
28769	2
28770	2
28771	2
28772	1
28773	0
28774	2
28775	2
28776	2
28777	2
28778	1
28779	1
28780	2
28781	2
28782	2
28783	0
28784	1
28785	1
28786	2
28787	1
28788	2
28789	1
28790	2
28791	1
28792	2
28793	2
28794	2
28795	2
28796	2
28797	1
28798	1
28799	1
28800	2
28801	1
28802	1
28803	1
28804	2
28805	1
28806	2
28807	2
28808	0
28809	2
28810	1
28811	2
28812	2
28813	2
28814	1
28815	2
28816	0
28817	1
28818	1
28819	2
28820	2
28821	2
28822	0
28823	2
28824	2
28825	2
28826	2
28827	1
28828	2
28829	2
28830	2
28831	2
28832	2
28833	1
28834	2
28835	2
28836	1
28837	2
28838	2
28839	0
28840	1
28841	2
28842	2
28843	2
28844	0
28845	2
28846	2
28847	0
28848	2
28849	2
28850	1
28851	2
28852	2
28853	1
28854	2
28855	2
28856	2
28857	2
28858	2
28859	2
28860	2
28861	2
28862	2
28863	2
28864	1
28865	0
28866	2
28867	2
28868	2
28869	1
28870	0
28871	2
28872	2
28873	2
28874	2
28875	1
28876	2
28877	2
28878	1
28879	1
28880	2
28881	1
28882	2
28883	2
28884	2
28885	2
28886	2
28887	0
28888	2
28889	2
28890	1
28891	1
28892	1
28893	2
28894	1
28895	2
28896	2
28897	2
28898	2
28899	2
28900	2
28901	1
28902	0
28903	0
28904	2
28905	2
28906	0
28907	2
28908	2
28909	1
28910	0
28911	1
28912	2
28913	2
28914	1
28915	0
28916	2
28917	0
28918	0
28919	2
28920	0
28921	1
28922	0
28923	1
28924	2
28925	2
28926	2
28927	2
28928	1
28929	2
28930	0
28931	0
28932	2
28933	2
28934	1
28935	1
28936	2
28937	2
28938	1
28939	2
28940	2
28941	2
28942	2
28943	0
28944	2
28945	1
28946	2
28947	2
28948	1
28949	1
28950	2
28951	0
28952	0
28953	2
28954	1
28955	2
28956	0
28957	2
28958	2
28959	1
28960	1
28961	2
28962	1
28963	2
28964	1
28965	1
28966	1
28967	1
28968	0
28969	1
28970	2
28971	2
28972	1
28973	1
28974	2
28975	1
28976	1
28977	1
28978	2
28979	1
28980	1
28981	1
28982	2
28983	0
28984	1
28985	0
28986	2
28987	2
28988	2
28989	2
28990	1
28991	1
28992	2
28993	1
28994	1
28995	1
28996	1
28997	1
28998	2
28999	1
29000	0
29001	2
29002	1
29003	2
29004	1
29005	0
29006	1
29007	0
29008	2
29009	2
29010	2
29011	2
29012	1
29013	2
29014	2
29015	2
29016	2
29017	2
29018	2
29019	1
29020	1
29021	2
29022	2
29023	2
29024	0
29025	2
29026	0
29027	1
29028	2
29029	2
29030	1
29031	1
29032	2
29033	1
29034	0
29035	2
29036	1
29037	1
29038	2
29039	0
29040	1
29041	1
29042	1
29043	0
29044	0
29045	1
29046	1
29047	2
29048	2
29049	2
29050	1
29051	0
29052	2
29053	1
29054	2
29055	2
29056	2
29057	0
29058	2
29059	1
29060	2
29061	2
29062	0
29063	1
29064	1
29065	2
29066	2
29067	1
29068	1
29069	2
29070	2
29071	1
29072	2
29073	1
29074	1
29075	2
29076	0
29077	0
29078	1
29079	0
29080	0
29081	1
29082	0
29083	2
29084	0
29085	2
29086	0
29087	0
29088	2
29089	1
29090	1
29091	1
29092	2
29093	0
29094	2
29095	2
29096	1
29097	0
29098	2
29099	2
29100	0
29101	2
29102	1
29103	2
29104	1
29105	1
29106	2
29107	1
29108	1
29109	1
29110	2
29111	1
29112	2
29113	0
29114	2
29115	2
29116	1
29117	2
29118	2
29119	2
29120	2
29121	2
29122	2
29123	0
29124	2
29125	2
29126	0
29127	2
29128	0
29129	2
29130	0
29131	1
29132	2
29133	1
29134	2
29135	2
29136	2
29137	0
29138	2
29139	2
29140	0
29141	2
29142	1
29143	2
29144	2
29145	1
29146	1
29147	0
29148	0
29149	2
29150	2
29151	2
29152	1
29153	0
29154	2
29155	1
29156	1
29157	0
29158	2
29159	2
29160	2
29161	2
29162	2
29163	0
29164	2
29165	2
29166	2
29167	1
29168	2
29169	1
29170	1
29171	1
29172	2
29173	0
29174	0
29175	2
29176	0
29177	1
29178	2
29179	1
29180	1
29181	2
29182	0
29183	0
29184	2
29185	1
29186	2
29187	2
29188	0
29189	0
29190	2
29191	2
29192	2
29193	0
29194	2
29195	2
29196	1
29197	1
29198	2
29199	0
29200	2
29201	1
29202	2
29203	2
29204	1
29205	2
29206	1
29207	1
29208	2
29209	2
29210	2
29211	2
29212	0
29213	2
29214	1
29215	1
29216	2
29217	1
29218	2
29219	1
29220	1
29221	1
29222	1
29223	2
29224	2
29225	0
29226	1
29227	2
29228	0
29229	2
29230	2
29231	2
29232	2
29233	1
29234	1
29235	1
29236	1
29237	2
29238	0
29239	0
29240	1
29241	0
29242	2
29243	1
29244	1
29245	1
29246	0
29247	1
29248	2
29249	0
29250	0
29251	1
29252	2
29253	2
29254	2
29255	2
29256	2
29257	2
29258	2
29259	2
29260	2
29261	2
29262	1
29263	2
29264	1
29265	1
29266	2
29267	2
29268	2
29269	2
29270	2
29271	2
29272	0
29273	1
29274	1
29275	0
29276	2
29277	2
29278	1
29279	2
29280	2
29281	1
29282	2
29283	2
29284	0
29285	0
29286	2
29287	1
29288	1
29289	2
29290	1
29291	2
29292	2
29293	2
29294	2
29295	1
29296	1
29297	2
29298	2
29299	2
29300	0
29301	0
29302	0
29303	2
29304	1
29305	2
29306	1
29307	1
29308	2
29309	2
29310	2
29311	1
29312	1
29313	2
29314	1
29315	1
29316	2
29317	2
29318	0
29319	2
29320	0
29321	2
29322	0
29323	1
29324	2
29325	2
29326	2
29327	2
29328	2
29329	0
29330	2
29331	2
29332	2
29333	0
29334	2
29335	2
29336	2
29337	0
29338	1
29339	2
29340	0
29341	2
29342	2
29343	0
29344	2
29345	1
29346	1
29347	2
29348	2
29349	2
29350	2
29351	2
29352	2
29353	2
29354	1
29355	0
29356	2
29357	1
29358	0
29359	1
29360	2
29361	2
29362	2
29363	2
29364	2
29365	1
29366	0
29367	2
29368	2
29369	1
29370	2
29371	1
29372	0
29373	2
29374	0
29375	2
29376	1
29377	1
29378	2
29379	1
29380	2
29381	2
29382	1
29383	1
29384	1
29385	2
29386	2
29387	2
29388	2
29389	0
29390	1
29391	2
29392	2
29393	2
29394	0
29395	2
29396	0
29397	2
29398	2
29399	2
29400	2
29401	2
29402	1
29403	0
29404	1
29405	1
29406	1
29407	1
29408	2
29409	2
29410	1
29411	2
29412	0
29413	2
29414	2
29415	1
29416	0
29417	0
29418	1
29419	1
29420	1
29421	2
29422	2
29423	1
29424	2
29425	0
29426	1
29427	2
29428	1
29429	0
29430	1
29431	1
29432	0
29433	1
29434	2
29435	1
29436	0
29437	0
29438	2
29439	0
29440	2
29441	0
29442	0
29443	1
29444	1
29445	0
29446	0
29447	0
29448	1
29449	1
29450	1
29451	2
29452	0
29453	2
29454	2
29455	1
29456	2
29457	1
29458	2
29459	1
29460	0
29461	1
29462	1
29463	2
29464	1
29465	1
29466	1
29467	1
29468	1
29469	1
29470	1
29471	1
29472	2
29473	1
29474	2
29475	2
29476	0
29477	2
29478	2
29479	2
29480	1
29481	2
29482	1
29483	1
29484	1
29485	1
29486	2
29487	1
29488	2
29489	0
29490	0
29491	0
29492	1
29493	1
29494	1
29495	2
29496	0
29497	0
29498	2
29499	1
29500	1
29501	0
29502	2
29503	1
29504	1
29505	1
29506	1
29507	0
29508	2
29509	1
29510	1
29511	1
29512	2
29513	1
29514	2
29515	1
29516	2
29517	1
29518	1
29519	0
29520	1
29521	2
29522	1
29523	2
29524	1
29525	1
29526	2
29527	2
29528	0
29529	1
29530	0
29531	1
29532	0
29533	1
29534	0
29535	2
29536	2
29537	2
29538	2
29539	2
29540	1
29541	2
29542	1
29543	1
29544	1
29545	0
29546	1
29547	1
29548	1
29549	2
29550	1
29551	0
29552	1
29553	0
29554	2
29555	2
29556	0
29557	0
29558	2
29559	1
29560	0
29561	1
29562	0
29563	0
29564	2
29565	1
29566	0
29567	0
29568	0
29569	0
29570	1
29571	2
29572	1
29573	1
29574	2
29575	2
29576	1
29577	2
29578	1
29579	0
29580	2
29581	2
29582	1
29583	2
29584	1
29585	0
29586	0
29587	1
29588	1
29589	1
29590	1
29591	1
29592	0
29593	2
29594	0
29595	0
29596	1
29597	1
29598	2
29599	0
29600	1
29601	1
29602	0
29603	0
29604	0
29605	0
29606	1
29607	1
29608	0
29609	0
29610	0
29611	1
29612	0
29613	1
29614	0
29615	2
29616	2
29617	1
29618	0
29619	1
29620	2
29621	0
29622	1
29623	0
29624	0
29625	0
29626	1
29627	0
29628	0
29629	2
29630	1
29631	1
29632	0
29633	1
29634	0
29635	1
29636	0
29637	0
29638	0
29639	1
29640	0
29641	1
29642	0
29643	2
29644	1
29645	1
29646	0
29647	1
29648	0
29649	1
29650	2
29651	2
29652	0
29653	2
29654	1
29655	0
29656	2
29657	1
29658	1
29659	0
29660	1
29661	0
29662	1
29663	0
29664	0
29665	2
29666	1
29667	1
29668	2
29669	1
29670	1
29671	2
29672	0
29673	0
29674	0
29675	1
29676	2
29677	2
29678	0
29679	0
29680	1
29681	1
29682	2
29683	1
29684	0
29685	2
29686	2
29687	1
29688	0
29689	1
29690	0
29691	0
29692	0
29693	0
29694	1
29695	1
29696	1
29697	1
29698	1
29699	0
29700	2
29701	2
29702	0
29703	2
29704	1
29705	1
29706	0
29707	2
29708	1
29709	0
29710	0
29711	1
29712	1
29713	1
29714	1
29715	1
29716	2
29717	2
29718	0
29719	1
29720	0
29721	2
29722	1
29723	0
29724	2
29725	1
29726	2
29727	1
29728	0
29729	0
29730	1
29731	0
29732	2
29733	2
29734	2
29735	1
29736	2
29737	1
29738	1
29739	2
29740	2
29741	1
29742	1
29743	1
29744	2
29745	1
29746	1
29747	0
29748	0
29749	0
29750	0
29751	1
29752	2
29753	1
29754	1
29755	2
29756	0
29757	2
29758	0
29759	2
29760	2
29761	1
29762	1
29763	0
29764	1
29765	2
29766	1
29767	1
29768	2
29769	1
29770	2
29771	1
29772	1
29773	1
29774	1
29775	1
29776	1
29777	1
29778	0
29779	0
29780	0
29781	1
29782	1
29783	0
29784	1
29785	0
29786	1
29787	1
29788	0
29789	0
29790	0
29791	1
29792	0
29793	1
29794	1
29795	2
29796	1
29797	1
29798	1
29799	1
29800	0
29801	1
29802	2
29803	2
29804	2
29805	1
29806	1
29807	2
29808	2
29809	0
29810	1
29811	0
29812	0
29813	0
29814	0
29815	2
29816	1
29817	2
29818	0
29819	2
29820	1
29821	0
29822	0
29823	2
29824	1
29825	2
29826	1
29827	2
29828	1
29829	1
29830	2
29831	1
29832	2
29833	1
29834	2
29835	0
29836	1
29837	2
29838	2
29839	1
29840	0
29841	2
29842	1
29843	1
29844	2
29845	1
29846	0
29847	1
29848	2
29849	2
29850	0
29851	0
29852	1
29853	1
29854	0
29855	1
29856	0
29857	1
29858	1
29859	0
29860	1
29861	2
29862	1
29863	1
29864	1
29865	0
29866	1
29867	1
29868	0
29869	1
29870	2
29871	0
29872	2
29873	2
29874	2
29875	1
29876	2
29877	0
29878	0
29879	2
29880	2
29881	0
29882	1
29883	1
29884	1
29885	1
29886	1
29887	0
29888	1
29889	0
29890	1
29891	0
29892	2
29893	2
29894	1
29895	2
29896	1
29897	1
29898	0
29899	0
29900	2
29901	2
29902	0
29903	0
29904	1
29905	1
29906	1
29907	1
29908	2
29909	1
29910	2
29911	1
29912	1
29913	1
29914	1
29915	1
29916	2
29917	0
29918	1
29919	0
29920	1
29921	0
29922	2
29923	0
29924	1
29925	1
29926	1
29927	0
29928	1
29929	0
29930	2
29931	1
29932	0
29933	1
29934	1
29935	1
29936	2
29937	0
29938	0
29939	2
29940	1
29941	1
29942	0
29943	0
29944	1
29945	1
29946	1
29947	1
29948	1
29949	2
29950	1
29951	0
29952	0
29953	0
29954	0
29955	2
29956	1
29957	1
29958	1
29959	1
29960	0
29961	1
29962	1
29963	2
29964	1
29965	1
29966	0
29967	2
29968	2
29969	2
29970	1
29971	1
29972	2
29973	1
29974	1
29975	2
29976	0
29977	1
29978	0
29979	0
29980	1
29981	2
29982	1
29983	1
29984	0
29985	0
29986	2
29987	1
29988	1
29989	0
29990	1
29991	0
29992	1
29993	0
29994	2
29995	1
29996	0
29997	1
29998	0
29999	1
30000	1
30001	2
30002	1
30003	1
30004	1
30005	1
30006	0
30007	2
30008	1
30009	0
30010	0
30011	1
30012	2
30013	2
30014	0
30015	2
30016	2
30017	0
30018	1
30019	1
30020	0
30021	0
30022	2
30023	1
30024	0
30025	1
30026	2
30027	2
30028	1
30029	2
30030	2
30031	1
30032	0
30033	1
30034	1
30035	2
30036	1
30037	0
30038	2
30039	1
30040	2
30041	2
30042	1
30043	0
30044	1
30045	1
30046	1
30047	0
30048	1
30049	0
30050	2
30051	1
30052	1
30053	2
30054	1
30055	1
30056	1
30057	1
30058	0
30059	1
30060	2
30061	2
30062	2
30063	0
30064	0
30065	1
30066	0
30067	0
30068	0
30069	2
30070	0
30071	2
30072	1
30073	2
30074	0
30075	1
30076	2
30077	1
30078	2
30079	1
30080	0
30081	1
30082	2
30083	1
30084	1
30085	1
30086	0
30087	1
30088	2
30089	0
30090	1
30091	0
30092	1
30093	1
30094	1
30095	2
30096	2
30097	0
30098	2
30099	1
30100	1
30101	1
30102	0
30103	0
30104	0
30105	2
30106	1
30107	1
30108	0
30109	2
30110	1
30111	1
30112	1
30113	2
30114	2
30115	1
30116	2
30117	0
30118	2
30119	0
30120	2
30121	0
30122	1
30123	1
30124	1
30125	1
30126	1
30127	0
30128	1
30129	0
30130	1
30131	2
30132	0
30133	2
30134	2
30135	1
30136	1
30137	2
30138	1
30139	1
30140	1
30141	2
30142	0
30143	2
30144	0
30145	2
30146	0
30147	0
30148	1
30149	0
30150	0
30151	2
30152	1
30153	1
30154	0
30155	1
30156	2
30157	2
30158	1
30159	1
30160	2
30161	1
30162	0
30163	1
30164	1
30165	0
30166	1
30167	0
30168	2
30169	1
30170	0
30171	0
30172	0
30173	2
30174	1
30175	1
30176	1
30177	1
30178	0
30179	2
30180	2
30181	2
30182	0
30183	0
30184	2
30185	0
30186	0
30187	1
30188	1
30189	1
30190	0
30191	0
30192	0
30193	1
30194	2
30195	0
30196	1
30197	2
30198	1
30199	0
30200	1
30201	1
30202	1
30203	2
30204	2
30205	1
30206	2
30207	1
30208	2
30209	2
30210	1
30211	1
30212	0
30213	1
30214	1
30215	2
30216	2
30217	2
30218	0
30219	1
30220	1
30221	0
30222	1
30223	1
30224	1
30225	2
30226	1
30227	1
30228	1
30229	1
30230	1
30231	1
30232	2
30233	2
30234	1
30235	1
30236	2
30237	1
30238	1
30239	0
30240	2
30241	0
30242	2
30243	1
30244	1
30245	1
30246	0
30247	0
30248	0
30249	1
30250	0
30251	0
30252	1
30253	0
30254	2
30255	0
30256	1
30257	0
30258	1
30259	2
30260	1
30261	2
30262	2
30263	1
30264	0
30265	2
30266	0
30267	0
30268	0
30269	1
30270	1
30271	1
30272	1
30273	0
30274	1
30275	2
30276	1
30277	2
30278	2
30279	2
30280	2
30281	1
30282	1
30283	1
30284	1
30285	0
30286	1
30287	2
30288	1
30289	1
30290	0
30291	0
30292	2
30293	1
30294	2
30295	0
30296	1
30297	0
30298	0
30299	1
30300	0
30301	0
30302	1
30303	2
30304	1
30305	1
30306	2
30307	0
30308	1
30309	2
30310	1
30311	0
30312	1
30313	1
30314	1
30315	1
30316	2
30317	1
30318	0
30319	0
30320	2
30321	1
30322	2
30323	1
30324	1
30325	2
30326	1
30327	0
30328	2
30329	2
30330	0
30331	1
30332	1
30333	2
30334	1
30335	1
30336	0
30337	2
30338	2
30339	2
30340	1
30341	2
30342	0
30343	1
30344	2
30345	1
30346	0
30347	0
30348	0
30349	1
30350	0
30351	2
30352	1
30353	0
30354	1
30355	1
30356	1
30357	0
30358	0
30359	1
30360	0
30361	0
30362	0
30363	1
30364	1
30365	2
30366	2
30367	1
30368	2
30369	2
30370	2
30371	1
30372	2
30373	0
30374	2
30375	1
30376	1
30377	0
30378	0
30379	2
30380	1
30381	0
30382	0
30383	2
30384	0
30385	0
30386	2
30387	0
30388	1
30389	2
30390	0
30391	1
30392	0
30393	2
30394	2
30395	0
30396	1
30397	1
30398	1
30399	0
30400	2
30401	0
30402	0
30403	2
30404	1
30405	0
30406	2
30407	1
30408	1
30409	1
30410	1
30411	0
30412	0
30413	1
30414	2
30415	2
30416	1
30417	0
30418	2
30419	2
30420	2
30421	2
30422	2
30423	1
30424	1
30425	1
30426	1
30427	1
30428	0
30429	1
30430	0
30431	2
30432	1
30433	1
30434	0
30435	2
30436	0
30437	0
30438	1
30439	1
30440	1
30441	2
30442	0
30443	2
30444	0
30445	2
30446	1
30447	1
30448	0
30449	1
30450	2
30451	1
30452	0
30453	2
30454	0
30455	2
30456	1
30457	0
30458	2
30459	2
30460	1
30461	2
30462	0
30463	0
30464	1
30465	1
30466	1
30467	2
30468	0
30469	0
30470	0
30471	0
30472	0
30473	1
30474	1
30475	0
30476	2
30477	0
30478	2
30479	0
30480	1
30481	1
30482	1
30483	1
30484	0
30485	1
30486	1
30487	0
30488	0
30489	2
30490	1
30491	1
30492	0
30493	1
30494	2
30495	1
30496	2
30497	0
30498	1
30499	0
30500	1
30501	1
30502	1
30503	1
30504	0
30505	1
30506	0
30507	0
30508	0
30509	1
30510	1
30511	0
30512	1
30513	1
30514	2
30515	0
30516	0
30517	1
30518	2
30519	1
30520	1
30521	1
30522	2
30523	0
30524	1
30525	1
30526	1
30527	0
30528	1
30529	0
30530	1
30531	0
30532	0
30533	1
30534	0
30535	0
30536	0
30537	0
30538	0
30539	0
30540	2
30541	0
30542	2
30543	2
30544	0
30545	0
30546	1
30547	0
30548	2
30549	2
30550	0
30551	1
30552	2
30553	2
30554	2
30555	1
30556	1
30557	0
30558	1
30559	1
30560	2
30561	2
30562	1
30563	1
30564	2
30565	0
30566	1
30567	2
30568	0
30569	0
30570	1
30571	1
30572	2
30573	0
30574	2
30575	1
30576	2
30577	1
30578	0
30579	0
30580	1
30581	0
30582	2
30583	0
30584	0
30585	1
30586	0
30587	2
30588	2
30589	2
30590	1
30591	1
30592	2
30593	1
30594	2
30595	0
30596	0
30597	1
30598	1
30599	0
30600	2
30601	1
30602	2
30603	1
30604	1
30605	1
30606	0
30607	0
30608	0
30609	0
30610	0
30611	1
30612	0
30613	1
30614	2
30615	0
30616	0
30617	2
30618	0
30619	0
30620	2
30621	1
30622	0
30623	0
30624	2
30625	0
30626	2
30627	1
30628	0
30629	0
30630	0
30631	0
30632	1
30633	1
30634	1
30635	0
30636	0
30637	1
30638	0
30639	2
30640	2
30641	1
30642	0
30643	1
30644	0
30645	0
30646	0
30647	1
30648	2
30649	1
30650	0
30651	0
30652	1
30653	1
30654	1
30655	2
30656	1
30657	1
30658	0
30659	2
30660	1
30661	1
30662	2
30663	0
30664	1
30665	0
30666	1
30667	0
30668	0
30669	1
30670	1
30671	0
30672	1
30673	1
30674	1
30675	1
30676	2
30677	0
30678	1
30679	2
30680	1
30681	1
30682	1
30683	0
30684	0
30685	0
30686	2
30687	1
30688	0
30689	2
30690	2
30691	1
30692	0
30693	2
30694	1
30695	0
30696	1
30697	2
30698	0
30699	2
30700	1
30701	1
30702	2
30703	0
30704	0
30705	0
30706	2
30707	1
30708	0
30709	0
30710	1
30711	1
30712	2
30713	0
30714	2
30715	0
30716	2
30717	0
30718	0
30719	0
30720	0
30721	1
30722	0
30723	0
30724	2
30725	2
30726	1
30727	1
30728	0
30729	1
30730	0
30731	2
30732	0
30733	0
30734	1
30735	1
30736	2
30737	1
30738	1
30739	1
30740	0
30741	1
30742	1
30743	1
30744	0
30745	0
30746	1
30747	1
30748	1
30749	1
30750	1
30751	0
30752	1
30753	1
30754	2
30755	0
30756	0
30757	0
30758	0
30759	1
30760	1
30761	1
30762	2
30763	0
30764	1
30765	0
30766	1
30767	2
30768	0
30769	2
30770	1
30771	0
30772	0
30773	1
30774	0
30775	1
30776	0
30777	0
30778	1
30779	0
30780	0
30781	1
30782	1
30783	2
30784	0
30785	1
30786	1
30787	2
30788	0
30789	2
30790	1
30791	0
30792	0
30793	1
30794	2
30795	2
30796	1
30797	0
30798	1
30799	0
30800	0
30801	1
30802	0
30803	2
30804	0
30805	1
30806	1
30807	0
30808	0
30809	0
30810	2
30811	0
30812	1
30813	1
30814	1
30815	2
30816	2
30817	0
30818	0
30819	2
30820	1
30821	1
30822	1
30823	2
30824	2
30825	0
30826	1
30827	0
30828	1
30829	2
30830	0
30831	1
30832	0
30833	2
30834	2
30835	1
30836	0
30837	1
30838	1
30839	0
30840	0
30841	0
30842	1
30843	0
30844	0
30845	0
30846	0
30847	0
30848	1
30849	1
30850	1
30851	0
30852	0
30853	2
30854	2
30855	1
30856	0
30857	0
30858	1
30859	1
30860	1
30861	0
30862	1
30863	2
30864	1
30865	1
30866	0
30867	1
30868	1
30869	0
30870	1
30871	1
30872	1
30873	2
30874	1
30875	1
30876	0
30877	2
30878	0
30879	0
30880	1
30881	2
30882	1
30883	1
30884	1
30885	0
30886	1
30887	2
30888	1
30889	0
30890	1
30891	1
30892	1
30893	0
30894	2
30895	0
30896	0
30897	0
30898	1
30899	0
30900	1
30901	1
30902	1
30903	1
30904	0
30905	0
30906	0
30907	1
30908	1
30909	2
30910	1
30911	0
30912	1
30913	1
30914	2
30915	0
30916	2
30917	1
30918	2
30919	1
30920	1
30921	1
30922	1
30923	1
30924	0
30925	0
30926	0
30927	2
30928	1
30929	0
30930	1
30931	2
30932	0
30933	1
30934	1
30935	1
30936	1
30937	0
30938	1
30939	1
30940	1
30941	1
30942	0
30943	2
30944	0
30945	0
30946	1
30947	2
30948	2
30949	2
30950	1
30951	0
30952	2
30953	1
30954	1
30955	1
30956	1
30957	0
30958	1
30959	0
30960	0
30961	0
30962	1
30963	0
30964	0
30965	1
30966	1
30967	1
30968	0
30969	2
30970	0
30971	0
30972	1
30973	1
30974	0
30975	0
30976	1
30977	1
30978	2
30979	0
30980	2
30981	2
30982	0
30983	0
30984	0
30985	1
30986	0
30987	1
30988	1
30989	1
30990	0
30991	1
30992	1
30993	1
30994	1
30995	0
30996	0
30997	1
30998	2
30999	1
31000	0
31001	1
31002	2
31003	1
31004	1
31005	0
31006	1
31007	0
31008	1
31009	0
31010	0
31011	0
31012	0
31013	0
31014	2
31015	2
31016	1
31017	0
31018	1
31019	1
31020	1
31021	0
31022	2
31023	0
31024	2
31025	1
31026	0
31027	2
31028	1
31029	1
31030	1
31031	0
31032	1
31033	1
31034	0
31035	2
31036	2
31037	1
31038	1
31039	1
31040	1
31041	0
31042	1
31043	0
31044	0
31045	0
31046	1
31047	1
31048	1
31049	2
31050	0
31051	2
31052	0
31053	1
31054	1
31055	0
31056	0
31057	2
31058	1
31059	0
31060	1
31061	2
31062	1
31063	0
31064	0
31065	2
31066	0
31067	0
31068	0
31069	0
31070	2
31071	1
31072	0
31073	0
31074	0
31075	0
31076	0
31077	2
31078	0
31079	1
31080	1
31081	1
31082	1
31083	1
31084	1
31085	1
31086	0
31087	0
31088	2
31089	0
31090	1
31091	0
31092	1
31093	1
31094	1
31095	1
31096	0
31097	1
31098	1
31099	1
31100	1
31101	2
31102	2
31103	2
31104	1
31105	1
31106	1
31107	1
31108	1
31109	1
31110	0
31111	1
31112	1
31113	0
31114	1
31115	0
31116	1
31117	1
31118	1
31119	2
31120	0
31121	2
31122	0
31123	1
31124	0
31125	0
31126	1
31127	1
31128	1
31129	1
31130	1
31131	0
31132	0
31133	1
31134	2
31135	1
31136	0
31137	0
31138	0
31139	2
31140	0
31141	2
31142	2
31143	0
31144	0
31145	1
31146	1
31147	0
31148	0
31149	1
31150	1
31151	2
31152	0
31153	0
31154	0
31155	1
31156	0
31157	1
31158	0
31159	0
31160	2
31161	1
31162	0
31163	0
31164	0
31165	1
31166	0
31167	1
31168	1
31169	2
31170	1
31171	0
31172	1
31173	0
31174	1
31175	0
31176	2
31177	1
31178	0
31179	0
31180	2
31181	1
31182	1
31183	0
31184	0
31185	0
31186	1
31187	0
31188	0
31189	0
31190	0
31191	0
31192	1
31193	0
31194	1
31195	0
31196	0
31197	0
31198	0
31199	0
31200	0
31201	2
31202	0
31203	0
31204	0
31205	0
31206	1
31207	0
31208	0
31209	0
31210	1
31211	0
31212	1
31213	1
31214	0
31215	1
31216	1
31217	0
31218	0
31219	0
31220	1
31221	1
31222	1
31223	2
31224	0
31225	1
31226	1
31227	0
31228	0
31229	1
31230	0
31231	0
31232	2
31233	1
31234	0
31235	1
31236	1
31237	0
31238	2
31239	1
31240	0
31241	0
31242	1
31243	0
31244	2
31245	0
31246	1
31247	0
31248	1
31249	0
31250	1
31251	1
31252	2
31253	0
31254	1
31255	1
31256	0
31257	2
31258	1
31259	0
31260	2
31261	1
31262	2
31263	0
31264	0
31265	0
31266	0
31267	0
31268	0
31269	0
31270	1
31271	0
31272	2
31273	0
31274	1
31275	1
31276	1
31277	1
31278	1
31279	0
31280	1
31281	0
31282	1
31283	1
31284	1
31285	0
31286	1
31287	0
31288	1
31289	0
31290	1
31291	2
31292	1
31293	0
31294	1
31295	0
31296	1
31297	0
31298	0
31299	1
31300	0
31301	2
31302	0
31303	0
31304	2
31305	1
31306	0
31307	1
31308	1
31309	1
31310	1
31311	0
31312	2
31313	2
31314	1
31315	1
31316	0
31317	0
31318	0
31319	0
31320	0
31321	1
31322	1
31323	1
31324	1
31325	1
31326	1
31327	0
31328	1
31329	0
31330	1
31331	1
31332	0
31333	0
31334	0
31335	0
31336	2
31337	1
31338	1
31339	0
31340	1
31341	1
31342	1
31343	1
31344	1
31345	0
31346	0
31347	1
31348	0
31349	1
31350	0
31351	1
31352	1
31353	0
31354	1
31355	1
31356	0
31357	0
31358	1
31359	1
31360	0
31361	2
31362	1
31363	2
31364	0
31365	2
31366	0
31367	1
31368	1
31369	1
31370	0
31371	1
31372	0
31373	1
31374	0
31375	0
31376	1
31377	1
31378	0
31379	2
31380	1
31381	2
31382	1
31383	1
31384	0
31385	0
31386	0
31387	1
31388	0
31389	2
31390	0
31391	0
31392	1
31393	2
31394	0
31395	1
31396	2
31397	2
31398	0
31399	2
31400	1
31401	2
31402	2
31403	2
31404	1
31405	0
31406	0
31407	0
31408	2
31409	0
31410	0
31411	0
31412	0
31413	1
31414	1
31415	1
31416	1
31417	1
31418	2
31419	2
31420	0
31421	2
31422	1
31423	1
31424	0
31425	0
31426	0
31427	0
31428	0
31429	0
31430	1
31431	1
31432	0
31433	1
31434	0
31435	2
31436	0
31437	1
31438	1
31439	0
31440	1
31441	1
31442	0
31443	1
31444	0
31445	2
31446	1
31447	0
31448	1
31449	1
31450	0
31451	0
31452	1
31453	0
31454	1
31455	2
31456	0
31457	2
31458	0
31459	0
31460	1
31461	1
31462	1
31463	0
31464	1
31465	1
31466	2
31467	2
31468	1
31469	1
31470	0
31471	0
31472	2
31473	0
31474	0
31475	0
31476	1
31477	0
31478	1
31479	1
31480	1
31481	2
31482	0
31483	0
31484	1
31485	0
31486	2
31487	1
31488	1
31489	1
31490	1
31491	1
31492	0
31493	1
31494	1
31495	0
31496	2
31497	0
31498	1
31499	1
31500	0
31501	0
31502	2
31503	1
31504	1
31505	0
31506	2
31507	0
31508	1
31509	0
31510	1
31511	1
31512	0
31513	0
31514	1
31515	1
31516	1
31517	0
31518	0
31519	2
31520	1
31521	1
31522	1
31523	1
31524	2
31525	0
31526	0
31527	0
31528	1
31529	1
31530	1
31531	2
31532	2
31533	2
31534	0
31535	1
31536	1
31537	1
31538	1
31539	1
31540	0
31541	0
31542	1
31543	2
31544	1
31545	2
31546	0
31547	1
31548	1
31549	0
31550	1
31551	0
31552	0
31553	0
31554	1
31555	1
31556	1
31557	0
31558	1
31559	0
31560	0
31561	1
31562	2
31563	1
31564	0
31565	2
31566	1
31567	1
31568	0
31569	0
31570	1
31571	1
31572	0
31573	0
31574	2
31575	1
31576	1
31577	1
31578	1
31579	0
31580	2
31581	1
31582	0
31583	1
31584	0
31585	1
31586	0
31587	0
31588	0
31589	1
31590	1
31591	0
31592	1
31593	0
31594	1
31595	1
31596	1
31597	0
31598	1
31599	0
31600	1
31601	0
31602	1
31603	2
31604	0
31605	0
31606	0
31607	1
31608	1
31609	1
31610	2
31611	0
31612	0
31613	0
31614	0
31615	1
31616	2
31617	0
31618	0
31619	0
31620	2
31621	1
31622	1
31623	1
31624	1
31625	0
31626	0
31627	1
31628	2
31629	2
31630	1
31631	1
31632	1
31633	1
31634	0
31635	1
31636	1
31637	1
31638	0
31639	1
31640	2
31641	1
31642	1
31643	0
31644	0
31645	2
31646	1
31647	1
31648	0
31649	1
31650	0
31651	1
31652	1
31653	0
31654	2
31655	0
31656	2
31657	0
31658	0
31659	2
31660	1
31661	1
31662	0
31663	0
31664	1
31665	1
31666	1
31667	1
31668	2
31669	2
31670	0
31671	1
31672	1
31673	1
31674	1
31675	1
31676	2
31677	1
31678	0
31679	2
31680	1
31681	0
31682	1
31683	2
31684	2
31685	0
31686	0
31687	1
31688	1
31689	1
31690	0
31691	0
31692	0
31693	2
31694	0
31695	1
31696	0
31697	0
31698	1
31699	1
31700	0
31701	0
31702	0
31703	0
31704	0
31705	1
31706	1
31707	0
31708	0
31709	1
31710	1
31711	1
31712	1
31713	0
31714	0
31715	1
31716	1
31717	0
31718	1
31719	1
31720	0
31721	0
31722	1
31723	1
31724	0
31725	1
31726	1
31727	1
31728	0
31729	1
31730	2
31731	1
31732	1
31733	1
31734	1
31735	1
31736	1
31737	0
31738	0
31739	0
31740	0
31741	0
31742	1
31743	0
31744	1
31745	2
31746	1
31747	2
31748	2
31749	1
31750	0
31751	1
31752	0
31753	0
31754	0
31755	1
31756	1
31757	0
31758	1
31759	0
31760	1
31761	1
31762	1
31763	0
31764	0
31765	0
31766	2
31767	0
31768	0
31769	0
31770	0
31771	1
31772	0
31773	0
31774	0
31775	1
31776	1
31777	1
31778	1
31779	1
31780	2
31781	0
31782	1
31783	1
31784	1
31785	2
31786	0
31787	0
31788	1
31789	0
31790	0
31791	0
31792	2
31793	0
31794	2
31795	1
31796	2
31797	0
31798	1
31799	0
31800	1
31801	1
31802	1
31803	0
31804	0
31805	1
31806	1
31807	1
31808	1
31809	1
31810	2
31811	1
31812	1
31813	1
31814	1
31815	0
31816	1
31817	1
31818	1
31819	0
31820	0
31821	1
31822	0
31823	0
31824	1
31825	1
31826	0
31827	1
31828	0
31829	1
31830	1
31831	1
31832	1
31833	0
31834	0
31835	0
31836	0
31837	0
31838	0
31839	0
31840	0
31841	0
31842	2
31843	0
31844	0
31845	1
31846	0
31847	1
31848	0
31849	0
31850	2
31851	0
31852	1
31853	1
31854	1
31855	0
31856	0
31857	0
31858	2
31859	0
31860	0
31861	0
31862	0
31863	2
31864	2
31865	0
31866	1
31867	0
31868	1
31869	0
31870	0
31871	1
31872	1
31873	1
31874	1
31875	2
31876	0
31877	1
31878	1
31879	1
31880	1
31881	0
31882	0
31883	0
31884	2
31885	1
31886	2
31887	2
31888	1
31889	1
31890	1
31891	0
31892	0
31893	1
31894	1
31895	1
31896	1
31897	1
31898	0
31899	1
31900	1
31901	0
31902	1
31903	0
31904	2
31905	1
31906	1
31907	2
31908	0
31909	2
31910	1
31911	1
31912	0
31913	0
31914	1
31915	1
31916	0
31917	0
31918	1
31919	2
31920	0
31921	1
31922	1
31923	0
31924	0
31925	1
31926	1
31927	1
31928	1
31929	2
31930	0
31931	0
31932	1
31933	2
31934	1
31935	0
31936	1
31937	2
31938	0
31939	1
31940	1
31941	1
31942	1
31943	0
31944	1
31945	1
31946	0
31947	1
31948	2
31949	1
31950	2
31951	0
31952	1
31953	1
31954	1
31955	1
31956	0
31957	0
31958	0
31959	2
31960	1
31961	1
31962	2
31963	0
31964	0
31965	1
31966	2
31967	2
31968	1
31969	2
31970	0
31971	1
31972	0
31973	1
31974	1
31975	1
31976	1
31977	2
31978	0
31979	1
31980	1
31981	0
31982	0
31983	1
31984	1
31985	2
31986	1
31987	2
31988	0
31989	1
31990	0
31991	2
31992	0
31993	0
31994	0
31995	2
31996	0
31997	1
31998	0
31999	1
32000	1
32001	1
32002	1
32003	0
32004	2
32005	1
32006	1
32007	0
32008	1
32009	1
32010	0
32011	1
32012	1
32013	2
32014	0
32015	1
32016	1
32017	1
32018	0
32019	1
32020	0
32021	1
32022	0
32023	1
32024	0
32025	0
32026	0
32027	0
32028	1
32029	1
32030	0
32031	0
32032	2
32033	1
32034	1
32035	2
32036	0
32037	1
32038	1
32039	1
32040	2
32041	1
32042	0
32043	1
32044	1
32045	0
32046	0
32047	1
32048	1
32049	1
32050	1
32051	0
32052	0
32053	1
32054	1
32055	2
32056	1
32057	2
32058	1
32059	2
32060	0
32061	0
32062	0
32063	1
32064	0
32065	0
32066	0
32067	0
32068	2
32069	1
32070	0
32071	0
32072	0
32073	0
32074	0
32075	0
32076	0
32077	1
32078	1
32079	1
32080	0
32081	0
32082	0
32083	0
32084	1
32085	1
32086	1
32087	0
32088	0
32089	0
32090	0
32091	2
32092	0
32093	0
32094	0
32095	2
32096	2
32097	0
32098	1
32099	0
32100	1
32101	1
32102	0
32103	1
32104	1
32105	1
32106	1
32107	0
32108	0
32109	0
32110	0
32111	0
32112	1
32113	0
32114	1
32115	0
32116	0
32117	1
32118	2
32119	0
32120	1
32121	1
32122	0
32123	2
32124	0
32125	0
32126	0
32127	1
32128	2
32129	1
32130	0
32131	1
32132	1
32133	2
32134	1
32135	1
32136	1
32137	0
32138	0
32139	0
32140	1
32141	1
32142	1
32143	0
32144	2
32145	1
32146	2
32147	0
32148	1
32149	2
32150	1
32151	0
32152	1
32153	1
32154	0
32155	1
32156	1
32157	1
32158	0
32159	2
32160	1
32161	1
32162	2
32163	0
32164	2
32165	1
32166	1
32167	1
32168	0
32169	0
32170	1
32171	1
32172	0
32173	1
32174	1
32175	1
32176	1
32177	2
32178	1
32179	0
32180	0
32181	0
32182	1
32183	2
32184	1
32185	0
32186	1
32187	0
32188	2
32189	0
32190	0
32191	0
32192	0
32193	0
32194	1
32195	1
32196	1
32197	1
32198	0
32199	0
32200	2
32201	2
32202	1
32203	1
32204	0
32205	1
32206	1
32207	1
32208	0
32209	0
32210	0
32211	1
32212	2
32213	0
32214	1
32215	2
32216	2
32217	1
32218	0
32219	1
32220	1
32221	0
32222	0
32223	0
32224	0
32225	1
32226	0
32227	2
32228	1
32229	0
32230	0
32231	0
32232	0
32233	2
32234	0
32235	0
32236	0
32237	0
32238	1
32239	1
32240	0
32241	1
32242	1
32243	1
32244	0
32245	0
32246	0
32247	1
32248	0
32249	0
32250	2
32251	1
32252	1
32253	0
32254	2
32255	0
32256	1
32257	1
32258	1
32259	1
32260	0
32261	0
32262	0
32263	0
32264	1
32265	0
32266	0
32267	0
32268	1
32269	1
32270	1
32271	0
32272	0
32273	1
32274	0
32275	0
32276	2
32277	1
32278	0
32279	0
32280	2
32281	0
32282	1
32283	0
32284	2
32285	0
32286	1
32287	0
32288	1
32289	1
32290	2
32291	0
32292	1
32293	0
32294	1
32295	0
32296	0
32297	0
32298	0
32299	0
32300	1
32301	0
32302	1
